@observation chatOBSest_sim
ageing_error None 
composition_type age 
fishery_label chatFeast 
layer_of_stratum_definitions cells 
max_age 30 
min_age 1 
normalise false 
process_label Fishing 
likelihood ALN_east
strata_to_include r1-c1 
type mortality_event_composition 
years 1992 1995 1997 1998 2001 2004 2007 2015 
table obs
1992 974.718 3078.74 3990.71 4085.79 5159.8 6172.97 13046.8 17555.5 16311 28536.3 29194.1 6110.99 10618.8 3632.72 8923.3 5704.06 4371.63 2918.59 5162.51 864.239 3853.44 218.15 1535.82 7599.75 894.999 78.8572 39.2744 98.6291 62.5591 1298.59 
1995 2696.42 4682.11 10396.7 21474.8 55344.2 69717.5 36242.6 45989.9 22981.3 33511.2 25399.2 20503.2 22653.8 17191.6 26645.9 26939.8 13805.5 23711.6 16391.8 6615.28 7892.11 4878.22 3003.39 6795.27 1115.75 1359.45 7915.68 1194.43 172.855 7402 
1997 750.97 1455.47 4745.55 11597.3 26585.9 54245 58599.9 40063.7 20675.7 9447.51 18298.6 14994.2 13005.6 13005.5 16418.4 9204.04 7921.94 6791.31 4718.74 5142.27 5120.98 4712.97 3415.11 1809.8 648.298 748.774 83.7667 266.098 1848.53 2307.23 
1998 569.883 3857.67 2235.57 8509.11 8262.67 15588.8 19031.5 41092.7 17755 12268.4 14413.5 5878.62 4943.81 8804.87 5755.42 14004.7 7841.78 2812.81 7373.59 3654.5 3067.61 3019.58 2369.74 1739.41 740.931 226.964 1296.68 51.1989 375.359 2976.69 
2001 994.342 1538.08 3145.9 6138.99 10199.8 18235 36383 30100.1 32295.1 52441 35186.9 20627.9 9620.2 10113.1 4931.6 5713.39 5888.38 3192.86 6205.37 4448.23 4123.09 5503.96 3561.66 3299.09 1644.58 880.993 1182.97 1503.89 182.777 1933.1 
2004 1430.95 5198.9 11660.8 5935.76 12126 24138.6 16595 25006.9 37898.5 37805.2 31650.4 34739.9 32081.4 28072.9 24936.9 6538.15 9077.59 3245.16 1711.79 2230.98 3205.52 3754.09 1699.57 1421.79 1613.2 1932.65 1481.09 536.682 444.882 2170.71 
2007 873.392 1730.31 1145.04 3121.27 12328.1 20078.1 8857.2 5319.16 10956.8 7165.1 10201.9 6324.48 7221.65 6345.17 6553.67 6613.95 9288.01 3052.57 2174.39 2864.77 687.419 1082.1 680.961 298.829 381.372 315.505 211.739 560.809 540.479 1274.93 
2015 71.0187 392.625 433.927 1883.69 3307.79 3759.11 3144.44 2668.4 2910.67 3522.39 1175.61 2802.57 2169.93 5063.46 1119.44 587.274 807.945 317.592 135.456 287.432 249.273 161.773 163.551 170.884 266.73 34.2658 47.2504 4.37006 2.12635 58.2572 
end_table
table error_values
1992 75 75 75 75 75 75 75 75 75 75 75 75 75 75 75 75 75 75 75 75 75 75 75 75 75 75 75 75 75 75 
1995 58 58 58 58 58 58 58 58 58 58 58 58 58 58 58 58 58 58 58 58 58 58 58 58 58 58 58 58 58 58 
1997 26 26 26 26 26 26 26 26 26 26 26 26 26 26 26 26 26 26 26 26 26 26 26 26 26 26 26 26 26 26 
1998 80 80 80 80 80 80 80 80 80 80 80 80 80 80 80 80 80 80 80 80 80 80 80 80 80 80 80 80 80 80 
2001 39 39 39 39 39 39 39 39 39 39 39 39 39 39 39 39 39 39 39 39 39 39 39 39 39 39 39 39 39 39 
2004 41 41 41 41 41 41 41 41 41 41 41 41 41 41 41 41 41 41 41 41 41 41 41 41 41 41 41 41 41 41 
2007 91 91 91 91 91 91 91 91 91 91 91 91 91 91 91 91 91 91 91 91 91 91 91 91 91 91 91 91 91 91 
2015 72 72 72 72 72 72 72 72 72 72 72 72 72 72 72 72 72 72 72 72 72 72 72 72 72 72 72 72 72 72 
end_table

