@observation chatOBSwst_sim
ageing_error None 
composition_type age 
fishery_label chatFwest 
layer_of_stratum_definitions cells 
max_age 30 
min_age 1 
normalise false 
process_label Fishing 
likelihood ALN_west
strata_to_include r1-c1 
type mortality_event_composition 
years 1992 1994 1995 1996 1997 1998 1999 2000 2001 2002 2003 2004 2005 2006 2008 2009 2010 2011 2014 2016 
table obs
1992 2528.46 7099.38 16238.3 13358.6 17627.9 9142.46 20505.4 7383.48 6267.47 12155.4 8042.88 9620.88 6270.76 4955.68 6367.61 5323.53 2836.09 2555.76 2375.29 408.803 1233.14 114.022 543.262 2520.14 735.917 89.841 67.8447 175.202 56.1158 1200.16 
1994 1967.67 2768.15 5880.6 12832.7 15947.9 7996.48 5421.62 6301.23 4292.49 3976.44 2775.97 4843.56 3391.79 2047.76 1919.46 1939.74 1474.24 949.11 1341.06 897.33 497.975 126.111 392.252 38.5314 163.596 521.726 127.914 40.1467 17.8279 484.36 
1995 2107.66 6447.64 7352.49 15462.1 33756.4 20471.6 9016.45 9560.18 4530.11 4157.47 8305.68 3264.43 5689.49 5732.41 3013.96 5128.68 2778.01 1265.48 1484.21 1474.91 1291.89 433.429 162.269 520.987 76.9293 213.105 764.984 286.742 16.7752 523.36 
1996 4607.24 13694.4 21656 22558.2 51393.7 66329.8 46138.6 17915 18896.9 12301.6 8720.94 11650.7 6868.05 12875.9 5069.39 8843.09 5809.87 3441.5 3088.57 2235.8 3359.88 3974.53 1149.15 381.465 675.381 160.466 313.476 2846.74 440.837 669.697 
1997 5169.84 11702.1 13907.3 38847.6 38392 38675.2 73685.6 40609.4 19980.8 11450.5 12513.1 9657.44 7502.13 7662.7 9311.66 9434.89 6422.58 5793.23 4449.37 4329.99 3038.26 1628.48 2254.52 1193.31 132.339 464.216 77.2687 404.159 1975.04 1531.92 
1998 3119.19 12802.5 10064.8 23525 61563 56230.3 40254 39203.1 19973.7 11456.3 11397.1 8217.39 10671.1 6711.55 4665.55 6855.28 4622.64 3062.56 4676.73 3372.09 3199.04 1385.5 2396.45 1030.06 1196.47 325.155 376.335 105.4 385.596 5294.07 
1999 4603.94 3999.64 12059.9 24593.1 33352.3 31101.8 23886.3 32444 47330.6 15515.6 7817.5 8350.18 4715.25 5557.99 4740.55 2379.85 2867.26 3083.55 2459.8 2178.87 2104.83 1703.3 2283.68 1404.89 791.645 617.752 141.679 416.059 33.186 1547.19 
2000 2379.44 8588.52 8320.47 19437.3 19566.1 41771 22564.7 34683.1 26884.6 21835.2 18657.5 6297.11 5474.32 3456.19 4797.75 2635.31 1734.48 5044.09 4373.56 3366.17 2496.06 2604 1181.51 1084.35 1544.78 588.15 365.093 59.6635 307.261 1656.5 
2001 5265.22 7943.68 15059.6 14582.9 21756.9 23776.3 45139.9 35719.8 29417 20432.1 15055.8 11793.9 5687.47 4333.39 2663.89 3997.94 2042.46 1551.28 2596.84 2354.2 2450.61 1359.41 902.97 1266.73 1059.66 840.9 582.957 732.241 112.403 1561 
2002 4500.22 6269.2 5106.78 7741.96 5558.78 7737.48 9569.52 12245 7880.44 8484.27 9248.17 5966.59 4030.68 2643.67 2765.03 1103.71 937.922 932.205 703.96 688.512 1008.64 980.116 703.97 397.369 346.141 214.195 219.227 154.292 44.0563 398.399 
2003 4339.59 12597.3 6275.19 7930.2 13729 8330.19 8207.72 5985.34 7276.37 7362.43 9802.09 7975.26 12551.9 2551.04 1699.12 807.402 1309.34 544.058 805.335 697.511 601.639 511.878 710.294 739.189 374.188 441.982 161.577 182.318 79.5052 384.891 
2004 2480.29 10860.6 22463.5 22741.2 15018 18272.5 14020.7 8764.68 8186.21 10449.8 14139.7 8528.93 8076.77 5329.72 3006.22 1622.82 1154.16 860.852 846.798 406.552 442.409 595.224 600.787 519.999 267.735 468.206 180.174 259.343 96.4897 354.494 
2005 8105.32 36649.8 61393 183280 70510.3 41348.2 53142.5 35075.8 34992.1 40119.4 20861.3 26248.3 24619.8 17453 21766.7 11020.9 5924.82 6723.22 3067.4 1920.07 1848.1 1621.35 1836.44 2311.61 1916.74 1293.98 946.506 619.308 465.2 1905.53 
2006 518.886 745.561 2742.27 8002.62 13683.7 4238.1 2118.35 3752.02 1261.72 2460.92 1367.99 1931.92 1619.55 1289.99 1147 1339.12 1126.35 312.615 298.814 132.163 119.622 117.658 66.9398 133.168 57.8148 120.917 43.1445 40.7677 12.7065 201.873 
2008 879.156 1919.48 3405.95 1921.64 8451.7 14071.7 19033.4 4427.11 1492.51 2254.17 1399.51 879.548 1874.14 1325.89 1660.43 1103.15 699.116 642.839 531.235 118.134 133.057 109.067 6.98412 98.5765 63.9047 66.9156 34.4905 57.5113 73.1705 249.131 
2009 7530.38 11271.4 22619.2 22345.8 14375 47029.6 40434.8 47569.4 14595.8 9901.29 6489.5 3694.12 6266.19 1955.41 3880.32 5711.73 2186.34 3120.36 2378.7 2186.88 486.045 738.982 432.812 254.53 286.766 377.328 518.743 415.655 307.315 1529.88 
2010 1529.95 3791.93 3906.79 7314.45 4154.56 2532.86 7730.46 6358.82 8342.85 2888.32 1386.9 1794.95 675.341 1419.9 817.296 1564.35 1016.3 1068.52 432.499 800.146 316.234 193.783 231.162 90.3305 48.0003 63.5927 38.2201 91.6351 30.4671 137.929 
2011 8473.33 15226.3 29377.3 19126.2 23870.8 19170.1 13314.5 16298.5 19174.1 21336.5 9510.12 4382.56 4800.56 3085.69 3745.2 2802.53 2735.04 2436.4 1193.75 2815.25 1679.48 836.429 814.251 413.51 35.2474 231.136 117.633 133.806 353.31 938.951 
2014 651.821 206.573 811.904 5098.56 2606.22 1608.61 1515.91 1797.72 1209.84 375.04 890.185 1031.97 669.35 183.594 61.5098 109.087 177.814 27.5509 53.9387 129.973 39.6627 54.1805 93.7387 78.0002 24.2098 34.5218 2.12104 1.89168 12.3439 41.1354 
2016 962.536 199.946 5246.6 1206.98 2277.21 7316.86 3138.73 2852.12 1155.01 1316.3 924.159 572.49 454.879 1067.36 1091.1 477.68 317.979 65.3862 66.3281 250.54 64.32 78.8432 147.195 36.3364 18.7105 103.017 35.4159 28.1845 64.143 80.1897 
end_table
table error_values
1992 81 81 81 81 81 81 81 81 81 81 81 81 81 81 81 81 81 81 81 81 81 81 81 81 81 81 81 81 81 81 
1994 45 45 45 45 45 45 45 45 45 45 45 45 45 45 45 45 45 45 45 45 45 45 45 45 45 45 45 45 45 45 
1995 133 133 133 133 133 133 133 133 133 133 133 133 133 133 133 133 133 133 133 133 133 133 133 133 133 133 133 133 133 133 
1996 82 82 82 82 82 82 82 82 82 82 82 82 82 82 82 82 82 82 82 82 82 82 82 82 82 82 82 82 82 82 
1997 79 79 79 79 79 79 79 79 79 79 79 79 79 79 79 79 79 79 79 79 79 79 79 79 79 79 79 79 79 79 
1998 135 135 135 135 135 135 135 135 135 135 135 135 135 135 135 135 135 135 135 135 135 135 135 135 135 135 135 135 135 135 
1999 120 120 120 120 120 120 120 120 120 120 120 120 120 120 120 120 120 120 120 120 120 120 120 120 120 120 120 120 120 120 
2000 119 119 119 119 119 119 119 119 119 119 119 119 119 119 119 119 119 119 119 119 119 119 119 119 119 119 119 119 119 119 
2001 101 101 101 101 101 101 101 101 101 101 101 101 101 101 101 101 101 101 101 101 101 101 101 101 101 101 101 101 101 101 
2002 96 96 96 96 96 96 96 96 96 96 96 96 96 96 96 96 96 96 96 96 96 96 96 96 96 96 96 96 96 96 
2003 107 107 107 107 107 107 107 107 107 107 107 107 107 107 107 107 107 107 107 107 107 107 107 107 107 107 107 107 107 107 
2004 125 125 125 125 125 125 125 125 125 125 125 125 125 125 125 125 125 125 125 125 125 125 125 125 125 125 125 125 125 125 
2005 82 82 82 82 82 82 82 82 82 82 82 82 82 82 82 82 82 82 82 82 82 82 82 82 82 82 82 82 82 82 
2006 98 98 98 98 98 98 98 98 98 98 98 98 98 98 98 98 98 98 98 98 98 98 98 98 98 98 98 98 98 98 
2008 89 89 89 89 89 89 89 89 89 89 89 89 89 89 89 89 89 89 89 89 89 89 89 89 89 89 89 89 89 89 
2009 97 97 97 97 97 97 97 97 97 97 97 97 97 97 97 97 97 97 97 97 97 97 97 97 97 97 97 97 97 97 
2010 143 143 143 143 143 143 143 143 143 143 143 143 143 143 143 143 143 143 143 143 143 143 143 143 143 143 143 143 143 143 
2011 129 129 129 129 129 129 129 129 129 129 129 129 129 129 129 129 129 129 129 129 129 129 129 129 129 129 129 129 129 129 
2014 67 67 67 67 67 67 67 67 67 67 67 67 67 67 67 67 67 67 67 67 67 67 67 67 67 67 67 67 67 67 
2016 79 79 79 79 79 79 79 79 79 79 79 79 79 79 79 79 79 79 79 79 79 79 79 79 79 79 79 79 79 79 
end_table

