@observation chatOBSest_sim
ageing_error None 
composition_type age 
fishery_label chatFeast 
layer_of_stratum_definitions cells 
max_age 30 
min_age 1 
normalise false 
process_label Fishing 
likelihood ALN_east
strata_to_include r1-c1 
type mortality_event_composition 
years 1992 1995 1997 1998 2001 2004 2007 2015 
table obs
1992 1799 3496.64 2717.25 4065.36 12811.5 7966.95 11401 16708.9 15538.8 20196.9 17506.4 14361.1 14776.7 8912.32 8697.7 5519.65 7854.86 3188.68 3506.4 416.417 2001.93 173.254 1248.65 4755.74 1271.05 145.591 61.3804 150.68 79.9024 762.629 
1995 2275.73 5802.36 16913.7 22154 47815.9 24881.4 25906.9 30632.8 23875.5 40836.5 25308.3 25295.1 53680.4 37376.4 22504.3 23907.7 25470.6 27084 22731.3 10189.4 9072.26 6961.17 945.196 1759.51 846.698 739.013 6433.51 1510.05 177.93 1536.07 
1997 1360.54 1724.65 4151.01 8165.83 8336.39 49281.6 41517.7 40846.7 24562.9 19552.6 23587.4 16416.2 10630.3 9102.38 22678.7 7592.73 3888.78 11231.8 10737.7 19405.7 5857.61 2517.2 4103.35 4065.94 587.137 816.827 243.345 1052.27 2871.35 1742.41 
1998 421.026 1495.75 3238.28 5614.49 12937.8 19701.5 30358.3 37044 17990.9 15141.6 16348.1 6525.32 8674.8 8681.19 5713.78 4671.57 4699.19 3401.49 3701.4 3066.88 1867.39 1202.38 1563.47 1583.25 850.144 260.328 1268.8 39.6725 518.759 1937.38 
2001 2065.27 3511.46 4720.13 5229.56 10403.5 22775.8 25664.3 22831.5 28135.6 24855.6 13212.1 23811.8 9638 20234 13487.5 33760.6 7451.77 4650.75 9034.88 8857.68 5921.91 4510.93 5462.59 3482.98 1549.27 788.323 946.351 1162.52 353.248 2705.69 
2004 2406.03 4747.38 22996.5 10436 10386.8 29146.8 26904.8 26771.6 23514.1 38958.5 24367.7 22416.6 25229.1 21040.3 19746.2 11887.1 13084.6 6618.57 4898.87 2572.71 1566.72 2820.01 3529.2 3084.73 2032.44 1615.7 1370.21 878.827 968.452 4345.26 
2007 1158.74 2459.92 1099.91 5143.97 8871.34 23974.1 10043.2 8445.8 12046.2 8598.19 9206.65 5400.29 9562.1 4878.9 6320.43 5076.86 4266.2 1731.45 2351.8 1429.01 279.769 595.56 935.391 336.621 465.105 1287.21 476.571 395.149 223.964 1188.78 
2015 92.888 623.366 482.379 1546.3 6049.51 2976.66 2541.99 4435.48 3422.61 3337.12 1453.88 2336.21 1846.05 3157.54 692.016 463.756 620.276 172.717 172.952 250.394 136.284 126.928 268.724 229.414 168.869 46.7724 29.6956 3.22486 6.00456 29.2181 
end_table
table error_values
1992 75 75 75 75 75 75 75 75 75 75 75 75 75 75 75 75 75 75 75 75 75 75 75 75 75 75 75 75 75 75 
1995 58 58 58 58 58 58 58 58 58 58 58 58 58 58 58 58 58 58 58 58 58 58 58 58 58 58 58 58 58 58 
1997 26 26 26 26 26 26 26 26 26 26 26 26 26 26 26 26 26 26 26 26 26 26 26 26 26 26 26 26 26 26 
1998 80 80 80 80 80 80 80 80 80 80 80 80 80 80 80 80 80 80 80 80 80 80 80 80 80 80 80 80 80 80 
2001 39 39 39 39 39 39 39 39 39 39 39 39 39 39 39 39 39 39 39 39 39 39 39 39 39 39 39 39 39 39 
2004 41 41 41 41 41 41 41 41 41 41 41 41 41 41 41 41 41 41 41 41 41 41 41 41 41 41 41 41 41 41 
2007 91 91 91 91 91 91 91 91 91 91 91 91 91 91 91 91 91 91 91 91 91 91 91 91 91 91 91 91 91 91 
2015 72 72 72 72 72 72 72 72 72 72 72 72 72 72 72 72 72 72 72 72 72 72 72 72 72 72 72 72 72 72 
end_table

