@observation chatOBSwst_sim
ageing_error None 
composition_type age 
fishery_label chatFwest 
layer_of_stratum_definitions cells 
max_age 30 
min_age 1 
normalise false 
process_label Fishing 
likelihood ALN_west
strata_to_include r1-c1 
type mortality_event_composition 
years 1992 1994 1995 1996 1997 1998 1999 2000 2001 2002 2003 2004 2005 2006 2008 2009 2010 2011 2014 2016 
table obs
1992 3308.73 7030.31 15012.6 11538.3 22091.4 16539.9 13493.9 8792.73 4815.05 12647.5 7825.92 9905.3 6241.77 5894.37 4993.31 3776.85 3894.8 2254.79 1935.6 326.601 1066.11 80.2797 499.397 2272.48 479.595 62.0229 51.6832 172.894 74.9848 720.691 
1994 1813.57 3540.35 4692.22 14236.1 9230.72 8501.27 6418.59 5547.84 4846.64 2801.76 4114.71 6177.45 3618.7 3786.67 1821.92 1975.3 1487.62 1849.97 1736.55 479.834 378.004 99.648 451.023 69.3208 208.782 686.197 167.123 58.0809 26.6019 553.214 
1995 1743.89 4917.64 11419 23798.2 20259 15073.4 15869.8 9462.97 3591.37 8060.58 5158.99 4932.7 5159.88 4023.74 3841.28 3758.98 3034.77 1977.69 1175.42 2442.07 1066.47 911.136 517.501 700.911 69.0969 321.851 1151.25 338.175 22.0936 489.88 
1996 3467.38 14131.3 27318.7 41658.6 42788.3 51449.8 30436.3 23253 19461.7 9655.34 18370.6 6461.63 8982.27 14376.7 8422.45 6943.86 7192.19 4282 3571.79 1961.03 4847.33 2826.65 1217.03 319.702 563.483 120.846 269.159 2514.52 458.506 744.706 
1997 2620.29 5685.19 18748.3 42038.1 39220.1 58241.2 68571.4 28732.3 20638.8 16750.1 9406.44 12588.1 5634.94 4580.55 8717.65 6513.16 5147.83 8503.56 4647.69 4014.79 3219.84 2703.95 983.68 989.052 133.436 489.04 73.4715 234.618 1434.2 935.073 
1998 2312.05 5623.46 21467.5 32565.9 24599.5 45774.4 53442.8 54414.3 36648.9 10479.7 14037.9 5306.53 5023.48 5927.09 6053.55 5859.05 3502.63 4579.78 3829.8 3363.28 2742.47 2004.26 2475.63 1761.45 1293.66 201.225 423.814 80.7423 289.817 2052.99 
1999 4801.15 4879.16 14636.7 18821.7 37277 27556.4 32134 30954.2 32324.7 17023.2 10154.7 8502.34 4527.62 3638.22 3219.38 4046.25 4676.08 7191.65 3744.8 2755.15 2811.06 2317.77 1327.66 725.041 945.304 796.034 112.935 652.685 45.1872 1484.39 
2000 3360.99 8362.92 11004.2 16886.7 43284.3 26212.3 21995.8 27319.1 22724 19497.2 19390.7 8825.56 6644.92 3340.47 4817.17 3747.73 1144.08 4759.38 3273.59 2643.58 2121.44 2501.79 3203.24 1337.73 1714.87 705.449 437.544 101.342 415.994 1980.02 
2001 4403.47 5417.07 15886.5 9331.7 16409.3 20048.7 47953.8 28805.7 24878.9 35220.6 24456.4 14111.9 5157.99 5670.86 2951.75 2573.18 1614.57 2118.26 2244.84 1853.3 3739.64 1552.12 1074.27 1049.04 909.442 645.25 524.923 560.902 113.882 761.131 
2002 8369.42 2048.25 5904.72 5159.52 6914.38 8116.25 10134.6 12004.9 8506.34 8153.33 10063.8 7481.96 2633.29 2612.11 2399.27 1217.98 1027.52 915.121 521.546 871.089 837.816 404.83 569.567 338.526 231.374 209.367 162.281 76.5388 32.3465 662.443 
2003 5579.93 14658.3 5966.82 7150.37 14148.1 6979.49 11971.6 8633.47 8719.37 7026.81 8749.77 8226.21 4809.55 3842.27 1332.24 1133.79 849.013 420.074 773.065 437.688 410.267 321.458 788.044 333.375 377.617 391.67 171.003 111.795 73.3696 577.26 
2004 4696.41 7661.16 24094 9125.26 14888.6 21042 9229.72 10495.9 9703.84 10179.4 11281.2 10088.8 8992.8 10391 5962.81 1648.36 2043.68 1017.21 1197.81 696.016 777.429 1115.1 1159.53 948.558 365.87 895.965 305.122 226.668 106.003 678.614 
2005 8092.75 27522 76483.9 215516 46463.5 28063.6 44891.8 27623.4 33286.7 36915.6 40276.6 37101.8 18601.4 23085.4 15147.7 11081.1 6527.06 4913.24 2335.3 1422.08 1502.39 1043 2694.95 1441.6 1288.47 1469.44 620.002 375.535 538.609 2661.87 
2006 955.94 883.383 3334.32 6062.65 11085 5145.76 4296.38 3494.92 1553.41 1822.07 713.282 2366.91 2223.79 1528.9 1183.63 1167.55 865.598 366.622 410.487 217.216 105.485 122.195 62.7353 367.89 48.5386 192.481 93.3581 65.7374 19.3533 248.592 
2008 948.021 2153.28 4490.73 2726.72 7493.94 7753.25 20094.4 6352.83 2146.82 3856.47 1122.97 1398.6 1129.74 1085.08 1215.99 1581.95 939.964 684.917 512.113 175.893 185.293 199.397 5.19973 91.8833 48.9354 68.6235 31.1049 85.2151 136.575 267.72 
2009 5076.43 7339.88 17852.3 19457.4 17299.2 32247.5 36054.8 62847.8 22670.7 12881.8 9025.82 5774.17 7922.67 2790.07 3099.11 4304.77 2250.29 2255.2 2450.18 2503.67 950.428 850.351 233.702 282.669 220.123 307.087 383.95 327.518 284.368 946.009 
2010 2702.76 3254.94 2131.75 4898 6612.29 4344.83 4905.25 7299.82 8496.36 1779.17 1189 3660.56 446.406 1391.48 672.541 1304.87 788.768 1773.57 850.267 1016.59 358.011 206.55 270.884 50.4612 60.6984 59.0074 47.4199 73.6958 20.6699 101.896 
2011 12630.2 13316.5 15100 21175.2 30820.3 16895.1 13237.2 15633 19342.9 36176.5 4094.19 5635.76 4429.85 2697 2235.62 1872.08 2339.24 2659.03 1708.68 1958.71 1374.32 828.514 528.877 321.382 20.3354 260.243 45.9899 122.082 278.794 690.982 
2014 863.508 173.075 1255.88 3683.88 3748.49 1733.58 1509.52 1260.36 1005.53 821.182 945.246 772.683 597.278 220.525 102.247 176.49 92.9666 31.75 87.1601 159.786 28.4883 70.3565 75.499 61.2294 29.4868 18.2405 2.27827 1.10399 27.7249 43.4268 
2016 333.875 225.749 3788.95 1981.09 2599.97 8985.47 3440.88 2450.79 970.548 1728.45 596.041 421.121 1227.93 610.528 653.041 526.96 309.934 42.1465 52.5114 153.875 87.4247 55.1698 69.3162 69.0457 30.0003 73.9621 31.5018 16.3411 41.8486 42.09 
end_table
table error_values
1992 81 81 81 81 81 81 81 81 81 81 81 81 81 81 81 81 81 81 81 81 81 81 81 81 81 81 81 81 81 81 
1994 45 45 45 45 45 45 45 45 45 45 45 45 45 45 45 45 45 45 45 45 45 45 45 45 45 45 45 45 45 45 
1995 133 133 133 133 133 133 133 133 133 133 133 133 133 133 133 133 133 133 133 133 133 133 133 133 133 133 133 133 133 133 
1996 82 82 82 82 82 82 82 82 82 82 82 82 82 82 82 82 82 82 82 82 82 82 82 82 82 82 82 82 82 82 
1997 79 79 79 79 79 79 79 79 79 79 79 79 79 79 79 79 79 79 79 79 79 79 79 79 79 79 79 79 79 79 
1998 135 135 135 135 135 135 135 135 135 135 135 135 135 135 135 135 135 135 135 135 135 135 135 135 135 135 135 135 135 135 
1999 120 120 120 120 120 120 120 120 120 120 120 120 120 120 120 120 120 120 120 120 120 120 120 120 120 120 120 120 120 120 
2000 119 119 119 119 119 119 119 119 119 119 119 119 119 119 119 119 119 119 119 119 119 119 119 119 119 119 119 119 119 119 
2001 101 101 101 101 101 101 101 101 101 101 101 101 101 101 101 101 101 101 101 101 101 101 101 101 101 101 101 101 101 101 
2002 96 96 96 96 96 96 96 96 96 96 96 96 96 96 96 96 96 96 96 96 96 96 96 96 96 96 96 96 96 96 
2003 107 107 107 107 107 107 107 107 107 107 107 107 107 107 107 107 107 107 107 107 107 107 107 107 107 107 107 107 107 107 
2004 125 125 125 125 125 125 125 125 125 125 125 125 125 125 125 125 125 125 125 125 125 125 125 125 125 125 125 125 125 125 
2005 82 82 82 82 82 82 82 82 82 82 82 82 82 82 82 82 82 82 82 82 82 82 82 82 82 82 82 82 82 82 
2006 98 98 98 98 98 98 98 98 98 98 98 98 98 98 98 98 98 98 98 98 98 98 98 98 98 98 98 98 98 98 
2008 89 89 89 89 89 89 89 89 89 89 89 89 89 89 89 89 89 89 89 89 89 89 89 89 89 89 89 89 89 89 
2009 97 97 97 97 97 97 97 97 97 97 97 97 97 97 97 97 97 97 97 97 97 97 97 97 97 97 97 97 97 97 
2010 143 143 143 143 143 143 143 143 143 143 143 143 143 143 143 143 143 143 143 143 143 143 143 143 143 143 143 143 143 143 
2011 129 129 129 129 129 129 129 129 129 129 129 129 129 129 129 129 129 129 129 129 129 129 129 129 129 129 129 129 129 129 
2014 67 67 67 67 67 67 67 67 67 67 67 67 67 67 67 67 67 67 67 67 67 67 67 67 67 67 67 67 67 67 
2016 79 79 79 79 79 79 79 79 79 79 79 79 79 79 79 79 79 79 79 79 79 79 79 79 79 79 79 79 79 79 
end_table

