@observation chatTANage_sim
cell_layer cells 
cells r1-c1 
max_age 30 
min_age 1 
normalise false 
proportion_through_mortality_block 0.5 
selectivities chatTANsel 
likelihood ALN_survey
time_step AnnualTimeStep 
type proportions_at_age 
years 1990 1992 1993 1994 1995 1996 1997 1998 1999 2000 2001 2002 2003 2004 2005 2006 2007 2008 2009 2010 2011 2012 2013 2014 2016 
table obs
1990 0.0119341 0.0366395 0.104451 0.0723151 0.0943757 0.0657331 0.0545488 0.0763586 0.0847068 0.0812893 0.0586639 0.0517178 0.0471617 0.0358387 0.0263884 0.0233115 0.0185202 0.00497569 0.00864646 0.00121763 0.00423125 0.0211165 0.00543401 0.000760862 0.000554863 0.000715321 0.000475634 0.00194861 0.00068377 0.00528542 
1992 0.0187748 0.0774867 0.103719 0.106085 0.10778 0.0720011 0.065497 0.0493689 0.0439152 0.0666425 0.0549184 0.0453712 0.0353562 0.03312 0.0276513 0.0213079 0.0158834 0.0125126 0.00998831 0.00246957 0.00521812 0.00070945 0.00276325 0.0115922 0.00262404 0.000364489 0.000263625 0.000609457 0.000418067 0.00558818 
1993 0.0151186 0.0489979 0.154678 0.152101 0.0948171 0.0850817 0.0531385 0.0515594 0.0421361 0.0311471 0.0596911 0.0439683 0.0307739 0.0286187 0.0263747 0.0203253 0.0135024 0.00858533 0.00686479 0.00539469 0.00185232 0.00336347 0.000668796 0.00252557 0.0118505 0.00225274 0.000313937 0.000268785 0.000449084 0.00357939 
1994 0.0146832 0.0485701 0.13273 0.194362 0.122617 0.0682062 0.0625387 0.0415525 0.0382997 0.0288907 0.0251746 0.0420925 0.036517 0.0265727 0.0241559 0.0155645 0.0128368 0.0124332 0.0125276 0.00990021 0.00646295 0.00146612 0.00305015 0.000520639 0.00183249 0.0101747 0.00238081 0.000351863 0.000201531 0.00333384 
1995 0.0121281 0.0484621 0.0998159 0.133407 0.182795 0.116296 0.0605564 0.0639198 0.0314362 0.0340206 0.0209736 0.0191947 0.0365738 0.0314629 0.0226299 0.0206354 0.0151068 0.00905774 0.00804279 0.00718979 0.00579609 0.00492404 0.00122312 0.00270772 0.00048337 0.0014606 0.00606206 0.00140073 0.000198001 0.00204007 
1996 0.00861197 0.0451805 0.130447 0.150249 0.149054 0.16889 0.0906803 0.0467542 0.0371899 0.0223183 0.0225373 0.0124462 0.010978 0.0160085 0.0149416 0.0126673 0.0153642 0.010398 0.00671913 0.00576394 0.00535288 0.0045822 0.00353057 0.000888913 0.00155127 0.000218375 0.000647425 0.00327173 0.00094376 0.0018141 
1997 0.00856394 0.0248147 0.100594 0.138391 0.135389 0.135981 0.153101 0.0735877 0.030752 0.0260811 0.016762 0.0203101 0.014187 0.0114349 0.0219108 0.0192038 0.0151563 0.00958976 0.00879048 0.00690956 0.0052768 0.00512077 0.00362881 0.00281432 0.000967201 0.00181648 0.000278915 0.00091717 0.00452854 0.00314273 
1998 0.00592437 0.0236911 0.0506512 0.12543 0.144265 0.124137 0.117748 0.136936 0.0605571 0.0304334 0.0290053 0.0163195 0.0195545 0.0144101 0.0105184 0.0153335 0.0152165 0.0110296 0.0109718 0.00661203 0.00688312 0.00415042 0.00389564 0.00317787 0.00244422 0.000831033 0.00147587 0.000189457 0.000778794 0.00742902 
1999 0.0105522 0.0180045 0.0574183 0.0745215 0.149498 0.1492 0.129865 0.105954 0.0971468 0.047201 0.0274068 0.0277775 0.0116383 0.0140057 0.00898642 0.00872006 0.0108163 0.00877053 0.00715102 0.00617523 0.00509144 0.00530549 0.00385063 0.00339738 0.00219548 0.00180389 0.000568225 0.000925453 0.000164127 0.00588858 
2000 0.00603088 0.0306649 0.0486858 0.0862718 0.107078 0.11138 0.138952 0.106716 0.0808277 0.0940501 0.0543356 0.0231749 0.0176949 0.010019 0.0109247 0.00872183 0.00687231 0.0130429 0.0102522 0.00807855 0.00605392 0.00435325 0.0035513 0.00241185 0.00195328 0.00149106 0.00111107 0.000344847 0.000713876 0.00424114 
2001 0.0113852 0.0349844 0.114008 0.0776576 0.106402 0.0882022 0.105025 0.117429 0.0787161 0.0570767 0.0658584 0.0368259 0.0161357 0.0152835 0.00853269 0.0093871 0.00676477 0.00552808 0.00714594 0.00547735 0.00516228 0.00545065 0.00430118 0.00344375 0.00280757 0.00192686 0.00151539 0.00134613 0.000405105 0.00581498 
2002 0.0298319 0.0319734 0.0621406 0.135968 0.0681399 0.113521 0.0760917 0.0817179 0.0799183 0.0641266 0.061937 0.0559933 0.0275729 0.0182531 0.0216404 0.00925169 0.011684 0.00761468 0.00513708 0.00795369 0.00656773 0.00421094 0.00437098 0.00307026 0.00250855 0.0018271 0.00163896 0.00121544 0.000969383 0.00315377 
2003 0.0182973 0.107387 0.0787549 0.0959168 0.109372 0.0564919 0.0796862 0.0559231 0.0643771 0.0738372 0.0442585 0.0507806 0.05596 0.0246801 0.0138837 0.0136397 0.00630995 0.00696306 0.00564683 0.00479021 0.0083214 0.00564653 0.00373084 0.00370389 0.00253146 0.00230737 0.00140415 0.00111854 0.000869012 0.00341076 
2004 0.0125207 0.047312 0.204792 0.0943706 0.0705728 0.0981816 0.0534101 0.0556863 0.0381244 0.0600207 0.0543045 0.0403402 0.0419212 0.0357201 0.0205604 0.0114556 0.0123315 0.00591575 0.00670544 0.00439892 0.00314798 0.00536048 0.00438564 0.00334428 0.00352741 0.00287 0.00188265 0.00141405 0.00124732 0.00417485 
2005 0.00657184 0.0394459 0.107428 0.30902 0.0902505 0.056258 0.0808531 0.0373178 0.0325177 0.0290333 0.0302988 0.0473031 0.0320429 0.0211442 0.0269813 0.0145881 0.00687357 0.00537518 0.00355206 0.00363171 0.00245201 0.00201862 0.00374108 0.00259572 0.00179925 0.00166453 0.000947691 0.000741642 0.000678834 0.00287357 
2006 0.00867655 0.0179271 0.0902099 0.183782 0.311705 0.0814261 0.0428598 0.0497971 0.0256492 0.0382659 0.0269991 0.0262445 0.0239853 0.0147984 0.0143159 0.0151719 0.00783138 0.00307957 0.00312066 0.00147181 0.00170224 0.00108844 0.00100783 0.00162497 0.00139297 0.00131468 0.00103809 0.000827538 0.000611545 0.00207404 
2007 0.0207636 0.0475406 0.0486255 0.13031 0.158765 0.232173 0.0621585 0.0404945 0.0591141 0.0254794 0.0280981 0.0223028 0.022632 0.0257688 0.018027 0.0125096 0.0138735 0.00718566 0.00345929 0.00336472 0.00148882 0.00190938 0.00120261 0.00125174 0.00148739 0.00132745 0.00158652 0.00135621 0.00100616 0.00473877 
2008 0.013205 0.0433771 0.0778539 0.0649731 0.14126 0.15458 0.250019 0.0544102 0.0277336 0.037193 0.0170088 0.0199888 0.0158043 0.0153529 0.0135406 0.0120018 0.0125786 0.00978943 0.00451678 0.00191865 0.00221517 0.000942751 0.00145095 0.00089248 0.000776422 0.0012585 0.00105164 0.00075189 0.000730852 0.00282347 
2009 0.0165474 0.0331947 0.102554 0.140754 0.0836255 0.12325 0.11163 0.149554 0.0396312 0.0245876 0.0284753 0.012706 0.0191925 0.0171147 0.0184763 0.0187805 0.0144689 0.01028 0.0108521 0.00615505 0.00271038 0.0024408 0.00108394 0.00162605 0.00106337 0.00123423 0.00162489 0.0011085 0.0011229 0.00415512 
2010 0.0277955 0.0655698 0.110794 0.134975 0.0954328 0.0512158 0.0818141 0.0813279 0.138813 0.0430708 0.0277677 0.0256524 0.0135481 0.0152779 0.0117402 0.0138261 0.0125059 0.0126725 0.0100702 0.00940712 0.00407242 0.00269056 0.00205293 0.0010788 0.0011363 0.000722937 0.000507073 0.000735218 0.000507679 0.00321895 
2011 0.040568 0.0780044 0.100216 0.0868459 0.107792 0.099901 0.0546718 0.080272 0.0760143 0.125791 0.0338067 0.018384 0.0181418 0.0109771 0.0104288 0.00876894 0.00904899 0.00796601 0.00769228 0.00669015 0.00549736 0.00309871 0.00144001 0.00131079 0.000682849 0.000933411 0.000601705 0.000458497 0.000639299 0.0033569 
2012 0.0170278 0.122002 0.191613 0.132343 0.0748376 0.08327 0.0522235 0.027664 0.058622 0.0568592 0.0828861 0.0218784 0.0144817 0.0147295 0.00569196 0.00702217 0.00556449 0.00505708 0.00550584 0.00457793 0.00348253 0.00308665 0.00191879 0.00114179 0.00111706 0.000626173 0.000859699 0.000545788 0.000399543 0.00296424 
2013 0.00722654 0.0498463 0.229839 0.235428 0.127038 0.0620747 0.0656991 0.0403101 0.0200379 0.0405362 0.0301793 0.0378945 0.0116959 0.00581386 0.00591065 0.00282969 0.00378099 0.00294954 0.00349323 0.0042457 0.00281789 0.00315206 0.0022451 0.000964773 0.000699898 0.000617059 0.000290399 0.000301516 0.000206261 0.00187597 
2014 0.0336477 0.0315581 0.109503 0.257253 0.210863 0.0935857 0.0513676 0.0504028 0.0303458 0.0118856 0.0201571 0.0202618 0.029286 0.00879038 0.0059723 0.00734945 0.00383954 0.00462776 0.00305035 0.00313265 0.00270438 0.00227073 0.00195879 0.00215004 0.00110021 0.000509634 0.000395813 0.00024145 0.000276297 0.00151305 
2016 0.00970708 0.0100619 0.182614 0.0781308 0.132999 0.225812 0.104142 0.0604927 0.0361006 0.0289018 0.0201151 0.0106334 0.0213764 0.017983 0.0282505 0.00649389 0.00373523 0.00459153 0.00239658 0.00223477 0.00193558 0.00252003 0.00178221 0.00145475 0.0014245 0.00120223 0.000666171 0.000431451 0.000334966 0.00147617 
end_table
table error_values
1990 37 37 37 37 37 37 37 37 37 37 37 37 37 37 37 37 37 37 37 37 37 37 37 37 37 37 37 37 37 37 
1992 39 39 39 39 39 39 39 39 39 39 39 39 39 39 39 39 39 39 39 39 39 39 39 39 39 39 39 39 39 39 
1993 147 147 147 147 147 147 147 147 147 147 147 147 147 147 147 147 147 147 147 147 147 147 147 147 147 147 147 147 147 147 
1994 67 67 67 67 67 67 67 67 67 67 67 67 67 67 67 67 67 67 67 67 67 67 67 67 67 67 67 67 67 67 
1995 90 90 90 90 90 90 90 90 90 90 90 90 90 90 90 90 90 90 90 90 90 90 90 90 90 90 90 90 90 90 
1996 128 128 128 128 128 128 128 128 128 128 128 128 128 128 128 128 128 128 128 128 128 128 128 128 128 128 128 128 128 128 
1997 129 129 129 129 129 129 129 129 129 129 129 129 129 129 129 129 129 129 129 129 129 129 129 129 129 129 129 129 129 129 
1998 134 134 134 134 134 134 134 134 134 134 134 134 134 134 134 134 134 134 134 134 134 134 134 134 134 134 134 134 134 134 
1999 114 114 114 114 114 114 114 114 114 114 114 114 114 114 114 114 114 114 114 114 114 114 114 114 114 114 114 114 114 114 
2000 36 36 36 36 36 36 36 36 36 36 36 36 36 36 36 36 36 36 36 36 36 36 36 36 36 36 36 36 36 36 
2001 128 128 128 128 128 128 128 128 128 128 128 128 128 128 128 128 128 128 128 128 128 128 128 128 128 128 128 128 128 128 
2002 31 31 31 31 31 31 31 31 31 31 31 31 31 31 31 31 31 31 31 31 31 31 31 31 31 31 31 31 31 31 
2003 96 96 96 96 96 96 96 96 96 96 96 96 96 96 96 96 96 96 96 96 96 96 96 96 96 96 96 96 96 96 
2004 47 47 47 47 47 47 47 47 47 47 47 47 47 47 47 47 47 47 47 47 47 47 47 47 47 47 47 47 47 47 
2005 91 91 91 91 91 91 91 91 91 91 91 91 91 91 91 91 91 91 91 91 91 91 91 91 91 91 91 91 91 91 
2006 35 35 35 35 35 35 35 35 35 35 35 35 35 35 35 35 35 35 35 35 35 35 35 35 35 35 35 35 35 35 
2007 113 113 113 113 113 113 113 113 113 113 113 113 113 113 113 113 113 113 113 113 113 113 113 113 113 113 113 113 113 113 
2008 56 56 56 56 56 56 56 56 56 56 56 56 56 56 56 56 56 56 56 56 56 56 56 56 56 56 56 56 56 56 
2009 150 150 150 150 150 150 150 150 150 150 150 150 150 150 150 150 150 150 150 150 150 150 150 150 150 150 150 150 150 150 
2010 109 109 109 109 109 109 109 109 109 109 109 109 109 109 109 109 109 109 109 109 109 109 109 109 109 109 109 109 109 109 
2011 24 24 24 24 24 24 24 24 24 24 24 24 24 24 24 24 24 24 24 24 24 24 24 24 24 24 24 24 24 24 
2012 135 135 135 135 135 135 135 135 135 135 135 135 135 135 135 135 135 135 135 135 135 135 135 135 135 135 135 135 135 135 
2013 71 71 71 71 71 71 71 71 71 71 71 71 71 71 71 71 71 71 71 71 71 71 71 71 71 71 71 71 71 71 
2014 114 114 114 114 114 114 114 114 114 114 114 114 114 114 114 114 114 114 114 114 114 114 114 114 114 114 114 114 114 114 
2016 129 129 129 129 129 129 129 129 129 129 129 129 129 129 129 129 129 129 129 129 129 129 129 129 129 129 129 129 129 129 
end_table

