@observation chatTANage_sim
cell_layer cells 
cells r1-c1 
max_age 30 
min_age 1 
normalise false 
proportion_through_mortality_block 0.5 
selectivities chatTANsel 
likelihood ALN_survey
time_step AnnualTimeStep 
type proportions_at_age 
years 1990 1992 1993 1994 1995 1996 1997 1998 1999 2000 2001 2002 2003 2004 2005 2006 2007 2008 2009 2010 2011 2012 2013 2014 2016 
table obs
1990 0.0131362 0.0261138 0.0867737 0.0953471 0.124043 0.0743926 0.0472632 0.0991372 0.0894184 0.067558 0.0445601 0.0373832 0.0430868 0.0318343 0.0271858 0.023016 0.0158859 0.0042147 0.00770768 0.00130746 0.0044034 0.0222212 0.00467115 0.0006907 0.000616922 0.00103237 0.000620694 0.00201692 0.000704407 0.00365701 
1992 0.0163333 0.0622183 0.0962273 0.105256 0.133008 0.0675989 0.0683709 0.0544169 0.0458203 0.0806416 0.0562498 0.0377806 0.0306521 0.0290108 0.0266835 0.0194932 0.0175574 0.0115325 0.00887986 0.00271199 0.00523423 0.00075037 0.00281833 0.012112 0.00259993 0.000393333 0.000340225 0.00051286 0.000402215 0.004394 
1993 0.0150322 0.0557737 0.161244 0.122752 0.0976404 0.0832336 0.052212 0.0639539 0.0451103 0.036642 0.0541055 0.0399085 0.0356067 0.0223428 0.0219874 0.0176809 0.0161034 0.0139073 0.0104381 0.0069964 0.00188629 0.00366127 0.000662899 0.0023158 0.00989539 0.00292369 0.000432613 0.0003007 0.000552528 0.00469806 
1994 0.00886199 0.0373701 0.119703 0.189636 0.14526 0.0794335 0.0668527 0.0425575 0.0493899 0.0315655 0.0228755 0.0401161 0.0332786 0.031373 0.0187199 0.0162029 0.0134259 0.0102365 0.00795803 0.00650881 0.00491242 0.00153962 0.00358242 0.000553599 0.00200984 0.00936446 0.00220777 0.000463825 0.000254403 0.00378672 
1995 0.00954596 0.0378657 0.0917043 0.157546 0.194116 0.117427 0.0631666 0.0626929 0.0328842 0.0343137 0.022947 0.0205159 0.029245 0.0229251 0.018849 0.016307 0.0126595 0.00906759 0.00781103 0.00815013 0.00801162 0.00616474 0.00134309 0.00229144 0.000306268 0.00155662 0.00595666 0.0017225 0.000191898 0.00271557 
1996 0.00677253 0.0312903 0.0961497 0.109552 0.151478 0.185508 0.0946834 0.0466987 0.0509971 0.0315293 0.028432 0.0167384 0.0145582 0.0228831 0.0199928 0.0179043 0.0166095 0.0116808 0.0104869 0.00819246 0.00581078 0.00382062 0.00372406 0.000906092 0.00200766 0.00032144 0.00114513 0.00602683 0.00132314 0.00277665 
1997 0.00924439 0.0265833 0.080703 0.122032 0.131646 0.132562 0.156776 0.0996067 0.0468188 0.0367309 0.0190514 0.0177172 0.0163951 0.0123549 0.0142355 0.0137102 0.0106299 0.0109358 0.00781548 0.00565027 0.00631294 0.00539501 0.00454206 0.00290553 0.000785827 0.00189563 0.000260294 0.000848139 0.00323997 0.00261654 
1998 0.00596566 0.0331435 0.072324 0.129692 0.136239 0.121942 0.125536 0.116403 0.0634074 0.0269456 0.0249042 0.0159133 0.0207536 0.0157847 0.00600008 0.0128199 0.0141118 0.0130472 0.010571 0.00702173 0.00633544 0.00532994 0.00351739 0.00283547 0.00158756 0.00055146 0.000988463 0.000148905 0.000601632 0.00557883 
1999 0.0111057 0.024537 0.0659395 0.117806 0.12812 0.149088 0.106905 0.0995789 0.0837875 0.0526221 0.02281 0.0207716 0.0113691 0.0181625 0.0105059 0.00869916 0.0105975 0.0104234 0.00959695 0.0076344 0.00628199 0.00678786 0.00424439 0.00260122 0.00203629 0.00176728 0.000527578 0.00104975 0.000107577 0.00453618 
2000 0.00757658 0.0393929 0.0543875 0.096948 0.100821 0.127274 0.122474 0.0957687 0.0702045 0.100149 0.0416343 0.0254253 0.0210756 0.0103519 0.0118239 0.00930898 0.00648519 0.0105324 0.0103461 0.00770144 0.00554995 0.00451632 0.00406907 0.00356368 0.00259402 0.00210071 0.00148865 0.000514306 0.00105502 0.00486735 
2001 0.0108795 0.0281588 0.0863302 0.0733496 0.123755 0.0935156 0.0983624 0.0985422 0.0749793 0.0726385 0.0880646 0.0363525 0.0239195 0.0182234 0.00872153 0.00990131 0.00656432 0.00459617 0.00711303 0.00640498 0.0057961 0.00434109 0.00392106 0.00386487 0.00263696 0.00223627 0.00156608 0.00108369 0.000337847 0.00384351 
2002 0.0365725 0.0374323 0.0558634 0.115261 0.0861747 0.115702 0.0946028 0.0827785 0.0829636 0.05645 0.0575292 0.0563242 0.0262205 0.0168609 0.0146339 0.00727057 0.00729188 0.00578273 0.00431809 0.00682111 0.00680634 0.00563222 0.00478255 0.00348023 0.00266798 0.00184027 0.00130252 0.00102997 0.00100124 0.00460254 
2003 0.0192022 0.11736 0.0941092 0.0949255 0.119656 0.0661641 0.0769823 0.0568632 0.067404 0.0645791 0.0472393 0.0491496 0.0400321 0.0219041 0.011443 0.00987401 0.00404808 0.00565747 0.00426651 0.00374177 0.00454603 0.00367951 0.00312015 0.00272647 0.00269293 0.00179819 0.00136553 0.00131531 0.000770141 0.00338419 
2004 0.0132375 0.0674591 0.210771 0.100566 0.0831406 0.104566 0.0550523 0.0531946 0.0433544 0.0469231 0.0411893 0.039404 0.0331697 0.0376261 0.0187366 0.00930141 0.00726815 0.0031699 0.00403309 0.00319172 0.00241252 0.00375093 0.00305967 0.00286556 0.00280857 0.00229284 0.00142214 0.00112918 0.000966475 0.00393659 
2005 0.00652761 0.041384 0.11684 0.310527 0.0895206 0.0480925 0.0699463 0.035508 0.0324724 0.032279 0.0356653 0.0385234 0.0337363 0.0305918 0.0231268 0.014184 0.00851555 0.00685271 0.00396449 0.00384531 0.00247825 0.0018514 0.00234343 0.00183335 0.00138458 0.00167023 0.00142366 0.000946732 0.000707279 0.00325852 
2006 0.00827234 0.0172821 0.089988 0.171334 0.302988 0.0780771 0.0522321 0.0571478 0.0246244 0.0294445 0.0230958 0.0304267 0.0233418 0.0170025 0.0192036 0.0192105 0.00913162 0.0042326 0.00436486 0.00199166 0.0025761 0.00175409 0.00124332 0.00210065 0.00159797 0.00139491 0.00126989 0.00095345 0.000715576 0.00300205 
2007 0.0139005 0.0388393 0.0540681 0.135228 0.171469 0.223325 0.0626388 0.041994 0.054263 0.0243618 0.0225842 0.0214316 0.0241385 0.0246745 0.019732 0.016609 0.0179004 0.00757422 0.00335578 0.00374792 0.00215817 0.00228851 0.00153691 0.00136809 0.00170289 0.00130153 0.00163494 0.0012381 0.000808517 0.00412746 
2008 0.0110294 0.0499574 0.106684 0.0788455 0.16994 0.130363 0.202311 0.0548549 0.0263434 0.0300098 0.0155822 0.0143782 0.0139738 0.0173656 0.0174804 0.0113378 0.0116617 0.0123367 0.00657593 0.00346532 0.00259807 0.00106358 0.00162985 0.00130944 0.00115054 0.00170406 0.00113744 0.000810941 0.000882431 0.00321662 
2009 0.0165788 0.0496064 0.0927542 0.1019 0.0712269 0.112076 0.105893 0.181169 0.0496255 0.0283144 0.031934 0.0145326 0.022188 0.0175538 0.0205388 0.0199159 0.0157036 0.0134175 0.0125868 0.00584211 0.00313801 0.00230941 0.00126187 0.00193797 0.000990873 0.000813598 0.00133375 0.000998787 0.000737555 0.0031209 
2010 0.0257448 0.0534858 0.0969846 0.122861 0.105133 0.0542394 0.0830789 0.10238 0.167446 0.0416627 0.021252 0.0287497 0.0148667 0.0153606 0.0124254 0.0110852 0.00942612 0.00714693 0.00637132 0.0055099 0.00307382 0.00169857 0.00159068 0.000763585 0.00141158 0.00088497 0.000706769 0.00104627 0.00067663 0.00293761 
2011 0.0374636 0.0788055 0.0925243 0.0886175 0.12551 0.0789415 0.046457 0.0757235 0.0861245 0.160811 0.0277578 0.0123461 0.0174458 0.00825632 0.00978155 0.00774706 0.00858548 0.00723264 0.00520329 0.00589427 0.00602712 0.00368902 0.00202792 0.00160128 0.000574525 0.00078055 0.000476958 0.000319722 0.000539508 0.00273479 
2012 0.0222933 0.120895 0.212936 0.132303 0.0959621 0.0758667 0.0576148 0.0313929 0.0502055 0.0461442 0.0598621 0.0160385 0.0103854 0.0135789 0.00661345 0.00706819 0.00448652 0.00591447 0.0073342 0.00509092 0.0038423 0.00483315 0.00274036 0.0012992 0.000890552 0.000517285 0.000586133 0.000361702 0.000301889 0.00264131 
2013 0.0107945 0.0421777 0.219294 0.204967 0.10929 0.0701464 0.0678214 0.0541204 0.0275591 0.0399577 0.0368952 0.0566146 0.012184 0.00689208 0.00657121 0.00366151 0.00393142 0.00348776 0.00366792 0.00444609 0.00327342 0.00305762 0.00311909 0.00181475 0.000801966 0.000608997 0.000260951 0.000364923 0.000216407 0.00200164 
2014 0.0236896 0.0340473 0.0890177 0.240036 0.178095 0.0784931 0.0498396 0.047169 0.0428495 0.0263129 0.0408571 0.0357542 0.0480653 0.0133263 0.00724198 0.00803958 0.00427359 0.00623567 0.00414176 0.00430537 0.00399996 0.00280519 0.0031652 0.00251469 0.00133705 0.000777495 0.00059916 0.000338658 0.000450218 0.00222182 
2016 0.0127789 0.0146456 0.183012 0.0720445 0.10007 0.221579 0.136845 0.0526794 0.0315229 0.0358085 0.0239308 0.0117639 0.0188605 0.0175014 0.0298596 0.00847904 0.00445672 0.0043663 0.00285704 0.00326248 0.00191025 0.0022379 0.00212912 0.00200363 0.00127032 0.00129247 0.000663284 0.00033349 0.000311903 0.00152423 
end_table
table error_values
1990 37 37 37 37 37 37 37 37 37 37 37 37 37 37 37 37 37 37 37 37 37 37 37 37 37 37 37 37 37 37 
1992 39 39 39 39 39 39 39 39 39 39 39 39 39 39 39 39 39 39 39 39 39 39 39 39 39 39 39 39 39 39 
1993 147 147 147 147 147 147 147 147 147 147 147 147 147 147 147 147 147 147 147 147 147 147 147 147 147 147 147 147 147 147 
1994 67 67 67 67 67 67 67 67 67 67 67 67 67 67 67 67 67 67 67 67 67 67 67 67 67 67 67 67 67 67 
1995 90 90 90 90 90 90 90 90 90 90 90 90 90 90 90 90 90 90 90 90 90 90 90 90 90 90 90 90 90 90 
1996 128 128 128 128 128 128 128 128 128 128 128 128 128 128 128 128 128 128 128 128 128 128 128 128 128 128 128 128 128 128 
1997 129 129 129 129 129 129 129 129 129 129 129 129 129 129 129 129 129 129 129 129 129 129 129 129 129 129 129 129 129 129 
1998 134 134 134 134 134 134 134 134 134 134 134 134 134 134 134 134 134 134 134 134 134 134 134 134 134 134 134 134 134 134 
1999 114 114 114 114 114 114 114 114 114 114 114 114 114 114 114 114 114 114 114 114 114 114 114 114 114 114 114 114 114 114 
2000 36 36 36 36 36 36 36 36 36 36 36 36 36 36 36 36 36 36 36 36 36 36 36 36 36 36 36 36 36 36 
2001 128 128 128 128 128 128 128 128 128 128 128 128 128 128 128 128 128 128 128 128 128 128 128 128 128 128 128 128 128 128 
2002 31 31 31 31 31 31 31 31 31 31 31 31 31 31 31 31 31 31 31 31 31 31 31 31 31 31 31 31 31 31 
2003 96 96 96 96 96 96 96 96 96 96 96 96 96 96 96 96 96 96 96 96 96 96 96 96 96 96 96 96 96 96 
2004 47 47 47 47 47 47 47 47 47 47 47 47 47 47 47 47 47 47 47 47 47 47 47 47 47 47 47 47 47 47 
2005 91 91 91 91 91 91 91 91 91 91 91 91 91 91 91 91 91 91 91 91 91 91 91 91 91 91 91 91 91 91 
2006 35 35 35 35 35 35 35 35 35 35 35 35 35 35 35 35 35 35 35 35 35 35 35 35 35 35 35 35 35 35 
2007 113 113 113 113 113 113 113 113 113 113 113 113 113 113 113 113 113 113 113 113 113 113 113 113 113 113 113 113 113 113 
2008 56 56 56 56 56 56 56 56 56 56 56 56 56 56 56 56 56 56 56 56 56 56 56 56 56 56 56 56 56 56 
2009 150 150 150 150 150 150 150 150 150 150 150 150 150 150 150 150 150 150 150 150 150 150 150 150 150 150 150 150 150 150 
2010 109 109 109 109 109 109 109 109 109 109 109 109 109 109 109 109 109 109 109 109 109 109 109 109 109 109 109 109 109 109 
2011 24 24 24 24 24 24 24 24 24 24 24 24 24 24 24 24 24 24 24 24 24 24 24 24 24 24 24 24 24 24 
2012 135 135 135 135 135 135 135 135 135 135 135 135 135 135 135 135 135 135 135 135 135 135 135 135 135 135 135 135 135 135 
2013 71 71 71 71 71 71 71 71 71 71 71 71 71 71 71 71 71 71 71 71 71 71 71 71 71 71 71 71 71 71 
2014 114 114 114 114 114 114 114 114 114 114 114 114 114 114 114 114 114 114 114 114 114 114 114 114 114 114 114 114 114 114 
2016 129 129 129 129 129 129 129 129 129 129 129 129 129 129 129 129 129 129 129 129 129 129 129 129 129 129 129 129 129 129 
end_table

