@observation chatOBSest_sim
ageing_error None 
composition_type age 
fishery_label chatFeast 
layer_of_stratum_definitions cells 
max_age 30 
min_age 1 
normalise false 
process_label Fishing 
likelihood ALN_east
strata_to_include r1-c1 
type mortality_event_composition 
years 1992 1995 1997 1998 2001 2004 2007 2015 
table obs
1992 1234.34 3098.5 2433.89 3646.67 6672.57 4715.57 18644.8 23780.6 18430.3 21023.6 18398.2 8125.9 11105.7 15998.9 6556.7 4638.71 3395.51 3471.35 4662.14 425.94 1286.18 142.749 796.21 5897.94 1311.75 95.3854 59.1068 83.1384 78.2995 1882.61 
1995 1979.57 2640.78 7653.4 20628.5 48357.4 41840.6 26228.2 30541.8 34655.3 44797.6 43024.3 31613.6 25113.1 29327.6 29384.3 31502 20116.6 15011.5 17873.4 11773.2 6810.44 6341.4 1140.15 3222.51 535.11 1635.49 7110.74 1556.72 222.397 1986.17 
1997 1041.09 1430.7 4125.02 10859.3 14248.8 37513.9 108071 30775.7 31670.5 17682.9 5780.21 9587.38 7020.69 9667.26 9227.66 14347.2 5225.97 5602.65 8250.71 5900.07 4909.3 2644.11 2275.14 2074.72 600.734 1191.53 83.6397 608.892 3041.01 3170.98 
1998 318.277 723.957 1419.51 2316.1 9534.77 16604.4 21715.4 60723.6 36185.6 14471.6 10650 4349.88 2673.38 3907.65 4339.67 6964.84 4147.63 3185.63 4186.83 3106.9 2026.11 894.192 1103.67 1008.1 818.57 127.867 515.097 27.8319 158.39 2313.25 
2001 1109.38 1122.59 3824.35 9154.54 14536.2 9364 36715.2 36832.5 45801.4 36144.4 34514.6 23710.3 9402.43 11268.6 3897.69 4213.11 4072.24 2297.24 3903.64 6200.54 6625.63 6427.27 2696.69 2108.41 815.453 740.798 848.802 939.323 200.441 1727.65 
2004 2083.97 2930.01 7735.76 7217.26 7608.83 21163.4 18193 18130 19584.4 39385 85851.8 34597.4 34236.2 32334 8110.55 5462.23 4093.2 2229.59 1797.74 1360.32 2435.18 3121.15 2331.41 3001.98 1089.44 971.087 667.984 932.561 328.497 1357.99 
2007 657.153 798.214 1217.27 4342.14 12840.4 32256.4 20616.8 8627.36 11324.6 7204.52 7466.12 3730.07 4812.24 4156.81 5529.81 4649.72 1739.46 1194.01 846.087 961.344 382.915 293.119 373.042 237.242 283.548 324.502 148.017 422.379 181.341 632.576 
2015 97.97 684.573 754.676 2301.45 5593.44 5189.13 1942.91 3056.13 2941.19 3475.53 832.647 2503.96 1314.64 2026.71 374.556 1027.32 969.644 351.978 312.419 566.06 205.638 221.446 317.612 269.849 196.581 92.6589 40.2539 3.69055 2.24821 52.3312 
end_table
table error_values
1992 75 75 75 75 75 75 75 75 75 75 75 75 75 75 75 75 75 75 75 75 75 75 75 75 75 75 75 75 75 75 
1995 58 58 58 58 58 58 58 58 58 58 58 58 58 58 58 58 58 58 58 58 58 58 58 58 58 58 58 58 58 58 
1997 26 26 26 26 26 26 26 26 26 26 26 26 26 26 26 26 26 26 26 26 26 26 26 26 26 26 26 26 26 26 
1998 80 80 80 80 80 80 80 80 80 80 80 80 80 80 80 80 80 80 80 80 80 80 80 80 80 80 80 80 80 80 
2001 39 39 39 39 39 39 39 39 39 39 39 39 39 39 39 39 39 39 39 39 39 39 39 39 39 39 39 39 39 39 
2004 41 41 41 41 41 41 41 41 41 41 41 41 41 41 41 41 41 41 41 41 41 41 41 41 41 41 41 41 41 41 
2007 91 91 91 91 91 91 91 91 91 91 91 91 91 91 91 91 91 91 91 91 91 91 91 91 91 91 91 91 91 91 
2015 72 72 72 72 72 72 72 72 72 72 72 72 72 72 72 72 72 72 72 72 72 72 72 72 72 72 72 72 72 72 
end_table

