@observation chatTANage_sim
cell_layer cells 
cells r1-c1 
max_age 30 
min_age 1 
normalise false 
proportion_through_mortality_block 0.5 
selectivities chatTANsel 
likelihood ALN_survey
time_step AnnualTimeStep 
type proportions_at_age 
years 1990 1992 1993 1994 1995 1996 1997 1998 1999 2000 2001 2002 2003 2004 2005 2006 2007 2008 2009 2010 2011 2012 2013 2014 2016 
table obs
1990 0.0181843 0.0336948 0.0762412 0.076408 0.0844056 0.0557062 0.0517871 0.097199 0.0921084 0.0685396 0.0688554 0.0683896 0.0506895 0.0310678 0.0283991 0.0241948 0.0202729 0.00485255 0.00824319 0.00101888 0.00388084 0.0201012 0.00481542 0.000569268 0.000462837 0.000887662 0.00054314 0.00247387 0.000829513 0.00517833 
1992 0.0182325 0.0689098 0.105596 0.112789 0.119438 0.0715423 0.0678441 0.0485279 0.0427569 0.0582744 0.0449807 0.0513231 0.0413807 0.03043 0.0235076 0.0171574 0.013358 0.0137158 0.0116675 0.00228488 0.00516457 0.000998161 0.00349749 0.0169081 0.00298387 0.000513918 0.000385495 0.000680835 0.000395268 0.00475491 
1993 0.0170238 0.051288 0.155018 0.158031 0.0740301 0.0848268 0.0518949 0.0538882 0.0424623 0.0323991 0.0516375 0.0345384 0.0384116 0.0294187 0.0272804 0.0253112 0.0173171 0.0110096 0.00862442 0.00662109 0.00198063 0.00420245 0.000669068 0.00234874 0.0111275 0.00281336 0.0003152 0.000208161 0.000462818 0.00483981 
1994 0.0114579 0.0429837 0.123954 0.234591 0.128853 0.0754307 0.0724079 0.0360263 0.0440436 0.0251725 0.0202777 0.0268104 0.0257215 0.0274512 0.0223992 0.0181172 0.013525 0.0086065 0.00767657 0.00667216 0.00590133 0.00174415 0.00275896 0.000537583 0.00185382 0.00887981 0.00244699 0.000306827 0.000174574 0.00321855 
1995 0.0121171 0.0432497 0.0871053 0.17305 0.202935 0.104223 0.0594337 0.063741 0.0291777 0.0295244 0.0231818 0.0173419 0.03352 0.0232039 0.0188392 0.0154744 0.0113051 0.0106373 0.00939906 0.00721883 0.00479376 0.00408369 0.00108914 0.00216511 0.000379401 0.00166447 0.00617768 0.00151172 0.000278292 0.00317838 
1996 0.00773686 0.0319687 0.105205 0.148396 0.165617 0.164834 0.0929661 0.0499717 0.0486454 0.0250498 0.0247343 0.0165477 0.0106163 0.0182196 0.0186314 0.0173798 0.0103574 0.00798068 0.00673203 0.00571973 0.00445636 0.00373985 0.00310927 0.000863303 0.00174932 0.000227118 0.000901573 0.00415022 0.00108698 0.00240683 
1997 0.00772444 0.0262001 0.076874 0.139262 0.11803 0.112929 0.155315 0.0885286 0.0444092 0.0362003 0.0261165 0.0256905 0.0190443 0.0129743 0.0192504 0.0160796 0.0137152 0.0104092 0.0098433 0.0109286 0.00689885 0.00500066 0.00393832 0.00262807 0.000790853 0.00131165 0.000213069 0.000990993 0.00538348 0.00331916 
1998 0.00630581 0.0264739 0.0596936 0.133478 0.1628 0.116203 0.118251 0.13908 0.061596 0.0304709 0.0272096 0.0146435 0.0153975 0.00960658 0.00796683 0.012868 0.0112351 0.00897764 0.00689 0.00614077 0.00495983 0.00402882 0.00381669 0.00254301 0.00229847 0.000527897 0.00107468 0.000141495 0.000626023 0.00469466 
1999 0.0119387 0.0205585 0.061289 0.0831837 0.127705 0.122242 0.119442 0.115247 0.117717 0.0644396 0.0250331 0.0248195 0.0121364 0.0135471 0.0099834 0.00689028 0.0121343 0.0106458 0.00754729 0.00651412 0.00472425 0.00561948 0.00364902 0.00252869 0.00193877 0.00149011 0.000427915 0.000801559 0.000119244 0.00568734 
2000 0.00782178 0.034199 0.048798 0.0886891 0.0877863 0.128206 0.13404 0.104122 0.103885 0.0987219 0.0407057 0.0229947 0.0239192 0.0105651 0.00853563 0.00767394 0.00494695 0.00820686 0.00557182 0.00489903 0.00448064 0.00395431 0.00384623 0.00276067 0.00225892 0.00180197 0.00131742 0.0003676 0.000868694 0.00405512 
2001 0.0122982 0.0270828 0.107916 0.0855884 0.090486 0.10123 0.105446 0.104954 0.079421 0.073191 0.0590748 0.0337256 0.0214768 0.0192342 0.0117621 0.0114074 0.00619322 0.0059072 0.00891203 0.00661599 0.00612489 0.00586441 0.00358688 0.00291416 0.00177782 0.00134895 0.00128433 0.00106186 0.000358851 0.00375562 
2002 0.0408579 0.0397781 0.0705022 0.171975 0.0903001 0.0786312 0.0581283 0.0735063 0.0807333 0.0650477 0.0539477 0.0490777 0.0303514 0.0156179 0.0149881 0.00758355 0.00927541 0.00597785 0.00553624 0.0078565 0.00633231 0.00478177 0.00363717 0.00285215 0.00244225 0.00232509 0.00182222 0.00130937 0.000978183 0.00384726 
2003 0.0234942 0.115638 0.0761707 0.0884852 0.131442 0.0639213 0.0751082 0.06261 0.0595726 0.0542296 0.0535963 0.0516885 0.0478562 0.0223995 0.00971879 0.00984208 0.00575241 0.00723396 0.00468958 0.00474097 0.00798447 0.00438214 0.00351485 0.00329364 0.0022042 0.0022189 0.00157725 0.00148346 0.0010656 0.00408491 
2004 0.0196282 0.0770325 0.272578 0.0808493 0.061366 0.0700805 0.0380124 0.0598148 0.0490687 0.0540486 0.0523042 0.0384576 0.0338267 0.0288116 0.0157468 0.00845253 0.00744064 0.00364467 0.0041152 0.00237186 0.00180883 0.00291836 0.00278483 0.00265651 0.00222001 0.00186181 0.00160693 0.00127227 0.00131481 0.00390494 
2005 0.00577706 0.0538639 0.134378 0.299926 0.100568 0.0683868 0.0730268 0.0329747 0.0391851 0.0225548 0.0234172 0.0269683 0.0237305 0.023037 0.0251441 0.0134731 0.00544857 0.00551371 0.00283167 0.00369856 0.00211191 0.00165841 0.00312558 0.00217468 0.00158268 0.000963828 0.000971834 0.000677278 0.00045386 0.00237676 
2006 0.0112937 0.0239685 0.105237 0.170438 0.245186 0.0748452 0.0427471 0.0648378 0.0336819 0.0385275 0.0276686 0.0343022 0.0228817 0.0243588 0.0186268 0.0144905 0.0116859 0.0052248 0.00644524 0.00219056 0.00316936 0.00252469 0.00196728 0.00260056 0.0019114 0.00148805 0.00153623 0.00115736 0.00105501 0.00395265 
2007 0.0111087 0.0317125 0.0494139 0.140598 0.171082 0.226406 0.0641365 0.0398564 0.0481839 0.0246944 0.02567 0.0208002 0.0236666 0.0227865 0.0244121 0.0185729 0.0188115 0.010565 0.00395606 0.00455229 0.00190726 0.00189882 0.00128486 0.00129595 0.00221193 0.00205279 0.00219601 0.00172891 0.00114914 0.00328931 
2008 0.0116197 0.0468045 0.0809577 0.0661136 0.166921 0.13202 0.210672 0.054002 0.0344919 0.0351524 0.0140524 0.016518 0.0147826 0.0195038 0.0218539 0.0190241 0.0148471 0.0134904 0.00674786 0.00341193 0.00289064 0.00125496 0.00191294 0.00125976 0.00108032 0.00158945 0.00105989 0.000967084 0.00102782 0.00396987 
2009 0.0214945 0.051813 0.113056 0.107786 0.0664155 0.113563 0.117785 0.17094 0.0444954 0.0260347 0.029961 0.0158443 0.0189999 0.0127772 0.0174458 0.0178556 0.0117931 0.0109227 0.0103804 0.00558279 0.00252285 0.0021544 0.00131396 0.00169287 0.000838998 0.000642341 0.00121792 0.000781211 0.000709086 0.00318017 
2010 0.0339662 0.061184 0.0811507 0.132059 0.135635 0.0531427 0.115735 0.0970392 0.119227 0.0288396 0.0164069 0.0197843 0.0101573 0.0121966 0.0115736 0.0155843 0.0139378 0.0101511 0.00866109 0.00760703 0.00395486 0.00229059 0.00156011 0.000650469 0.00117703 0.000775698 0.000804717 0.000966803 0.000683966 0.00309709 
2011 0.0327276 0.0977022 0.11854 0.101677 0.103268 0.0702375 0.0392729 0.0912163 0.0757471 0.116266 0.0339677 0.0218628 0.0247704 0.0106563 0.00859996 0.00722256 0.00951064 0.00778484 0.0061347 0.00610713 0.00548198 0.00322288 0.0012831 0.00118473 0.000591232 0.000913405 0.000521476 0.000378493 0.00065105 0.00249941 
2012 0.0167419 0.109726 0.165628 0.136999 0.0722506 0.0843917 0.0638538 0.032589 0.0583717 0.0551795 0.0866087 0.024788 0.0136335 0.0174503 0.00727389 0.00838765 0.00726396 0.00720257 0.00684366 0.00510119 0.00387774 0.0051522 0.00314526 0.00124804 0.00096572 0.000481363 0.000768978 0.000610863 0.000346277 0.00311967 
2013 0.0120295 0.0525631 0.208472 0.159744 0.0993005 0.0626512 0.0872785 0.0677718 0.0262377 0.0404875 0.0377794 0.0682021 0.0168562 0.00782134 0.00733073 0.00465837 0.00576393 0.00556613 0.00706193 0.00555188 0.00415917 0.00371003 0.00263335 0.00172272 0.000720237 0.000727479 0.000371423 0.000488895 0.000272154 0.00206691 
2014 0.0281712 0.0299968 0.0921458 0.25454 0.190564 0.0751378 0.050185 0.0580826 0.0364984 0.0208993 0.0308656 0.0305846 0.0474215 0.0113314 0.00565826 0.00646124 0.00375618 0.00423153 0.00352588 0.00317089 0.00364364 0.00302998 0.002715 0.00254728 0.00160417 0.00070546 0.000626397 0.000288555 0.000332355 0.00127885 
2016 0.0109482 0.0149423 0.205976 0.0745829 0.11942 0.185906 0.115574 0.0694963 0.0336982 0.0355183 0.0254106 0.011575 0.0192265 0.0180159 0.0257616 0.00686267 0.0037941 0.00378672 0.00174902 0.00251388 0.00219706 0.00273125 0.00222147 0.00146303 0.001397 0.00141539 0.000854492 0.000441974 0.0004241 0.00209542 
end_table
table error_values
1990 37 37 37 37 37 37 37 37 37 37 37 37 37 37 37 37 37 37 37 37 37 37 37 37 37 37 37 37 37 37 
1992 39 39 39 39 39 39 39 39 39 39 39 39 39 39 39 39 39 39 39 39 39 39 39 39 39 39 39 39 39 39 
1993 147 147 147 147 147 147 147 147 147 147 147 147 147 147 147 147 147 147 147 147 147 147 147 147 147 147 147 147 147 147 
1994 67 67 67 67 67 67 67 67 67 67 67 67 67 67 67 67 67 67 67 67 67 67 67 67 67 67 67 67 67 67 
1995 90 90 90 90 90 90 90 90 90 90 90 90 90 90 90 90 90 90 90 90 90 90 90 90 90 90 90 90 90 90 
1996 128 128 128 128 128 128 128 128 128 128 128 128 128 128 128 128 128 128 128 128 128 128 128 128 128 128 128 128 128 128 
1997 129 129 129 129 129 129 129 129 129 129 129 129 129 129 129 129 129 129 129 129 129 129 129 129 129 129 129 129 129 129 
1998 134 134 134 134 134 134 134 134 134 134 134 134 134 134 134 134 134 134 134 134 134 134 134 134 134 134 134 134 134 134 
1999 114 114 114 114 114 114 114 114 114 114 114 114 114 114 114 114 114 114 114 114 114 114 114 114 114 114 114 114 114 114 
2000 36 36 36 36 36 36 36 36 36 36 36 36 36 36 36 36 36 36 36 36 36 36 36 36 36 36 36 36 36 36 
2001 128 128 128 128 128 128 128 128 128 128 128 128 128 128 128 128 128 128 128 128 128 128 128 128 128 128 128 128 128 128 
2002 31 31 31 31 31 31 31 31 31 31 31 31 31 31 31 31 31 31 31 31 31 31 31 31 31 31 31 31 31 31 
2003 96 96 96 96 96 96 96 96 96 96 96 96 96 96 96 96 96 96 96 96 96 96 96 96 96 96 96 96 96 96 
2004 47 47 47 47 47 47 47 47 47 47 47 47 47 47 47 47 47 47 47 47 47 47 47 47 47 47 47 47 47 47 
2005 91 91 91 91 91 91 91 91 91 91 91 91 91 91 91 91 91 91 91 91 91 91 91 91 91 91 91 91 91 91 
2006 35 35 35 35 35 35 35 35 35 35 35 35 35 35 35 35 35 35 35 35 35 35 35 35 35 35 35 35 35 35 
2007 113 113 113 113 113 113 113 113 113 113 113 113 113 113 113 113 113 113 113 113 113 113 113 113 113 113 113 113 113 113 
2008 56 56 56 56 56 56 56 56 56 56 56 56 56 56 56 56 56 56 56 56 56 56 56 56 56 56 56 56 56 56 
2009 150 150 150 150 150 150 150 150 150 150 150 150 150 150 150 150 150 150 150 150 150 150 150 150 150 150 150 150 150 150 
2010 109 109 109 109 109 109 109 109 109 109 109 109 109 109 109 109 109 109 109 109 109 109 109 109 109 109 109 109 109 109 
2011 24 24 24 24 24 24 24 24 24 24 24 24 24 24 24 24 24 24 24 24 24 24 24 24 24 24 24 24 24 24 
2012 135 135 135 135 135 135 135 135 135 135 135 135 135 135 135 135 135 135 135 135 135 135 135 135 135 135 135 135 135 135 
2013 71 71 71 71 71 71 71 71 71 71 71 71 71 71 71 71 71 71 71 71 71 71 71 71 71 71 71 71 71 71 
2014 114 114 114 114 114 114 114 114 114 114 114 114 114 114 114 114 114 114 114 114 114 114 114 114 114 114 114 114 114 114 
2016 129 129 129 129 129 129 129 129 129 129 129 129 129 129 129 129 129 129 129 129 129 129 129 129 129 129 129 129 129 129 
end_table

