@observation chatTANage_sim
cell_layer cells 
cells r1-c1 
max_age 30 
min_age 1 
normalise false 
proportion_through_mortality_block 0.5 
selectivities chatTANsel 
likelihood ALN_survey
time_step AnnualTimeStep 
type proportions_at_age 
years 1990 1992 1993 1994 1995 1996 1997 1998 1999 2000 2001 2002 2003 2004 2005 2006 2007 2008 2009 2010 2011 2012 2013 2014 2016 
table obs
1990 0.0156726 0.0319867 0.0703979 0.0738513 0.0969017 0.0843693 0.0581633 0.097811 0.0799095 0.0750571 0.063968 0.0501302 0.052068 0.0353153 0.0239756 0.0185494 0.0154951 0.00429175 0.00704472 0.00118755 0.00452104 0.0242832 0.00519073 0.000677672 0.000414457 0.000860328 0.000564155 0.0022534 0.000586213 0.00450283 
1992 0.014441 0.0543362 0.100658 0.0764983 0.113175 0.0627881 0.0730422 0.0631143 0.0421333 0.0708419 0.0658146 0.0613544 0.0476923 0.0284113 0.0227572 0.020993 0.0199324 0.0155186 0.00960972 0.00282095 0.00603865 0.00090345 0.00326091 0.0140709 0.00391642 0.000502278 0.000386111 0.000564635 0.000360449 0.00406322 
1993 0.016434 0.0627026 0.184596 0.149011 0.0870734 0.0868462 0.0446794 0.0553953 0.0366707 0.0304002 0.0538231 0.0331311 0.0286275 0.022908 0.0189345 0.0177389 0.0133327 0.0104891 0.00768204 0.00785929 0.00206164 0.0045172 0.000729865 0.00265258 0.0133605 0.0029784 0.000409067 0.000301118 0.000461849 0.00419241 
1994 0.0129418 0.0428585 0.115496 0.204739 0.111581 0.0684061 0.0844245 0.0518702 0.0549448 0.0387982 0.022726 0.0417889 0.0245319 0.0219157 0.020367 0.0146147 0.0140669 0.0110829 0.00877817 0.00766505 0.00687739 0.00134156 0.00218589 0.000366167 0.00133642 0.00749001 0.00191181 0.000354831 0.000187106 0.0043514 
1995 0.00924904 0.0367207 0.0842325 0.160186 0.212031 0.116405 0.0618057 0.068949 0.029973 0.0271461 0.0238005 0.0183355 0.02796 0.0261632 0.0185855 0.0157718 0.0132162 0.0102991 0.00975252 0.00544063 0.00488972 0.00406979 0.00104264 0.00231296 0.000324346 0.00130167 0.00520871 0.00131822 0.0002694 0.00324039 
1996 0.00768134 0.0359498 0.108932 0.131307 0.158685 0.185826 0.095801 0.0487096 0.0366667 0.024724 0.0255321 0.0168656 0.0133344 0.0219877 0.0191948 0.0134607 0.00912467 0.00811552 0.00546979 0.00462702 0.00452338 0.0038563 0.00344659 0.000922517 0.00245573 0.00029058 0.00116775 0.00704451 0.00141933 0.00287823 
1997 0.00700621 0.021313 0.0843983 0.130179 0.130869 0.144515 0.147709 0.0672 0.0380003 0.0522391 0.0255863 0.0272674 0.0169389 0.0119408 0.0181177 0.01464 0.0127394 0.0100012 0.0082381 0.00665968 0.00459671 0.00366241 0.00297427 0.00231476 0.000615446 0.00115249 0.000194537 0.000694986 0.00438168 0.00385552 
1998 0.00676148 0.0301199 0.0844033 0.162817 0.150742 0.114038 0.0931296 0.0894202 0.0590004 0.0388965 0.0334526 0.0152784 0.0211668 0.0129075 0.0111103 0.0142329 0.0119049 0.0113659 0.00889239 0.00569338 0.00519134 0.00368622 0.00368821 0.00239292 0.00202957 0.000717558 0.00125471 0.000193696 0.000595332 0.00491745 
1999 0.00950866 0.01882 0.0663421 0.0947257 0.14154 0.129614 0.133395 0.0946952 0.087578 0.0506974 0.025766 0.0236625 0.0152844 0.0200617 0.0120482 0.00802228 0.0116101 0.00939748 0.00817303 0.0073063 0.00745022 0.00565508 0.00448692 0.00309258 0.00247246 0.00185072 0.000582439 0.000950608 0.000149759 0.00506016 
2000 0.00708893 0.0329311 0.0530957 0.0978874 0.108609 0.130446 0.113409 0.0978507 0.0842895 0.0768742 0.0530991 0.0253445 0.0271913 0.0120453 0.0116067 0.00849076 0.00677907 0.00973338 0.00972774 0.00721761 0.00532407 0.00376726 0.00375585 0.00283832 0.0020533 0.00157746 0.00135942 0.000441623 0.000918864 0.0042466 
2001 0.0107514 0.0259124 0.0838888 0.0682149 0.105885 0.0828736 0.0971774 0.112682 0.0836347 0.072621 0.0885761 0.0524371 0.0205945 0.0150875 0.00752406 0.0104892 0.00649008 0.00592561 0.00928621 0.0074743 0.00644692 0.00422577 0.00398614 0.00352083 0.00225977 0.00220671 0.00258115 0.00133503 0.000383411 0.00552751 
2002 0.0357625 0.0399295 0.0620094 0.106755 0.0833091 0.0971911 0.0730883 0.0783475 0.0734172 0.0716563 0.0627644 0.0727088 0.0398656 0.0160498 0.018141 0.00854079 0.0118092 0.00716398 0.00382778 0.00592101 0.00475302 0.00422085 0.00377996 0.00341767 0.00384011 0.00269811 0.00202488 0.00159401 0.0010421 0.00437095 
2003 0.0166242 0.0961188 0.0812559 0.0646627 0.0989202 0.0752421 0.0975626 0.0726648 0.0814655 0.0746379 0.0494966 0.0410675 0.0470314 0.025756 0.0125582 0.0107124 0.0064802 0.00619321 0.00404924 0.00393218 0.00561772 0.00524306 0.00438118 0.00511858 0.00282909 0.00212657 0.00189522 0.00108949 0.00102145 0.00424594 
2004 0.0159337 0.0534997 0.239354 0.102144 0.0693131 0.0835213 0.0410001 0.0542549 0.0402109 0.0509712 0.0522207 0.0456752 0.0463197 0.0359582 0.0163161 0.00862208 0.00680657 0.00456238 0.00540696 0.00353551 0.00245781 0.00343315 0.00330643 0.00282529 0.00270266 0.00213291 0.0016462 0.00120977 0.00113604 0.00352387 
2005 0.00547745 0.037748 0.104313 0.313679 0.0956073 0.0658862 0.0696402 0.0388213 0.0365585 0.0297989 0.036979 0.0406087 0.0266143 0.025308 0.0201905 0.0120737 0.00598548 0.00742831 0.00315586 0.00410582 0.00233408 0.00192396 0.00247532 0.00201926 0.00184036 0.00194735 0.00125695 0.00134051 0.00100875 0.00387397 
2006 0.0163713 0.0261193 0.108284 0.192833 0.268938 0.0711136 0.0424633 0.0552221 0.0268066 0.0267682 0.0203423 0.0258692 0.0286947 0.0247539 0.0162867 0.0125978 0.00633925 0.00368917 0.00399958 0.00245517 0.00247495 0.00212593 0.00159323 0.00273623 0.00162162 0.00138877 0.00131399 0.0013116 0.000988085 0.00449828 
2007 0.0172375 0.043955 0.0545346 0.141291 0.164457 0.233626 0.0539676 0.0428942 0.0541541 0.0286774 0.0321178 0.0225302 0.0194758 0.0183772 0.0155009 0.0126892 0.0119974 0.00758244 0.00389649 0.00343745 0.00162964 0.00270392 0.00177776 0.00126931 0.00247022 0.00176883 0.00137893 0.00123338 0.000668591 0.00269965 
2008 0.0121656 0.0409829 0.0972254 0.0937139 0.152892 0.144667 0.185252 0.054854 0.0301615 0.0291803 0.0175434 0.0202401 0.0170577 0.0208072 0.0187339 0.012815 0.0123122 0.0124094 0.00661405 0.00312342 0.00264042 0.00172477 0.00196388 0.00132405 0.000951392 0.0017653 0.00117793 0.00104294 0.001028 0.00363074 
2009 0.0194611 0.0398477 0.0927221 0.131485 0.0500422 0.0951824 0.114825 0.215215 0.0524562 0.0276821 0.0307808 0.0141419 0.0159949 0.0134824 0.0162365 0.0133844 0.0104928 0.0125243 0.0108698 0.00576106 0.0028701 0.00268602 0.00131689 0.00180418 0.00112325 0.000941101 0.00155107 0.000889962 0.000782457 0.00344707 
2010 0.0367202 0.0727839 0.10421 0.131323 0.0866804 0.0462975 0.0774437 0.104862 0.162516 0.0445452 0.0223324 0.0256058 0.00988872 0.0087093 0.0079667 0.0100015 0.0112767 0.00842838 0.00582025 0.00615173 0.00312913 0.00174973 0.00170387 0.00100754 0.00150868 0.000760908 0.00064839 0.00102947 0.00067592 0.00422368 
2011 0.0300081 0.0726343 0.107597 0.112592 0.122128 0.100346 0.054318 0.0980601 0.0689671 0.0888056 0.0319703 0.0156928 0.0186105 0.008299 0.0110351 0.00932999 0.00945422 0.00932448 0.00631071 0.00641234 0.00598726 0.00268823 0.00129456 0.000961329 0.000567898 0.00100301 0.000637485 0.000490571 0.000910764 0.00356338 
2012 0.0232463 0.119429 0.161428 0.121252 0.0872378 0.112775 0.0829097 0.0330787 0.0495634 0.0513037 0.0731849 0.0189979 0.00972054 0.0114526 0.00547263 0.00772062 0.00440904 0.00505311 0.00496155 0.00314862 0.00291115 0.00298766 0.00197584 0.00116293 0.000772685 0.000427569 0.000539547 0.000337835 0.000245662 0.00229392 
2013 0.0104713 0.0477517 0.180118 0.21851 0.118058 0.0628766 0.0751986 0.0491185 0.0253462 0.034305 0.0371869 0.0621214 0.0205718 0.0108517 0.00930593 0.00604345 0.00472711 0.00355414 0.00375001 0.00415705 0.00372677 0.00364367 0.00294806 0.00148231 0.000842455 0.000536373 0.000261764 0.000397409 0.000335301 0.00180228 
2014 0.0339868 0.0326159 0.102813 0.233266 0.164414 0.0894678 0.0605323 0.0636538 0.0397072 0.0159688 0.0280319 0.0344158 0.0416928 0.0117331 0.0073918 0.00843703 0.00382612 0.00435471 0.00378193 0.00367921 0.00320817 0.00358154 0.00279833 0.00190552 0.00114524 0.000609806 0.00038663 0.000246524 0.000367659 0.00198002 
2016 0.0111814 0.0118972 0.15915 0.0817145 0.136531 0.189145 0.132275 0.0614695 0.0305471 0.0349358 0.0254636 0.011973 0.0226991 0.0191023 0.0332517 0.0084083 0.00431472 0.00505703 0.00178462 0.00213728 0.00199662 0.00290886 0.00217265 0.00201704 0.00183377 0.00186437 0.000989203 0.000551467 0.000382069 0.00224577 
end_table
table error_values
1990 37 37 37 37 37 37 37 37 37 37 37 37 37 37 37 37 37 37 37 37 37 37 37 37 37 37 37 37 37 37 
1992 39 39 39 39 39 39 39 39 39 39 39 39 39 39 39 39 39 39 39 39 39 39 39 39 39 39 39 39 39 39 
1993 147 147 147 147 147 147 147 147 147 147 147 147 147 147 147 147 147 147 147 147 147 147 147 147 147 147 147 147 147 147 
1994 67 67 67 67 67 67 67 67 67 67 67 67 67 67 67 67 67 67 67 67 67 67 67 67 67 67 67 67 67 67 
1995 90 90 90 90 90 90 90 90 90 90 90 90 90 90 90 90 90 90 90 90 90 90 90 90 90 90 90 90 90 90 
1996 128 128 128 128 128 128 128 128 128 128 128 128 128 128 128 128 128 128 128 128 128 128 128 128 128 128 128 128 128 128 
1997 129 129 129 129 129 129 129 129 129 129 129 129 129 129 129 129 129 129 129 129 129 129 129 129 129 129 129 129 129 129 
1998 134 134 134 134 134 134 134 134 134 134 134 134 134 134 134 134 134 134 134 134 134 134 134 134 134 134 134 134 134 134 
1999 114 114 114 114 114 114 114 114 114 114 114 114 114 114 114 114 114 114 114 114 114 114 114 114 114 114 114 114 114 114 
2000 36 36 36 36 36 36 36 36 36 36 36 36 36 36 36 36 36 36 36 36 36 36 36 36 36 36 36 36 36 36 
2001 128 128 128 128 128 128 128 128 128 128 128 128 128 128 128 128 128 128 128 128 128 128 128 128 128 128 128 128 128 128 
2002 31 31 31 31 31 31 31 31 31 31 31 31 31 31 31 31 31 31 31 31 31 31 31 31 31 31 31 31 31 31 
2003 96 96 96 96 96 96 96 96 96 96 96 96 96 96 96 96 96 96 96 96 96 96 96 96 96 96 96 96 96 96 
2004 47 47 47 47 47 47 47 47 47 47 47 47 47 47 47 47 47 47 47 47 47 47 47 47 47 47 47 47 47 47 
2005 91 91 91 91 91 91 91 91 91 91 91 91 91 91 91 91 91 91 91 91 91 91 91 91 91 91 91 91 91 91 
2006 35 35 35 35 35 35 35 35 35 35 35 35 35 35 35 35 35 35 35 35 35 35 35 35 35 35 35 35 35 35 
2007 113 113 113 113 113 113 113 113 113 113 113 113 113 113 113 113 113 113 113 113 113 113 113 113 113 113 113 113 113 113 
2008 56 56 56 56 56 56 56 56 56 56 56 56 56 56 56 56 56 56 56 56 56 56 56 56 56 56 56 56 56 56 
2009 150 150 150 150 150 150 150 150 150 150 150 150 150 150 150 150 150 150 150 150 150 150 150 150 150 150 150 150 150 150 
2010 109 109 109 109 109 109 109 109 109 109 109 109 109 109 109 109 109 109 109 109 109 109 109 109 109 109 109 109 109 109 
2011 24 24 24 24 24 24 24 24 24 24 24 24 24 24 24 24 24 24 24 24 24 24 24 24 24 24 24 24 24 24 
2012 135 135 135 135 135 135 135 135 135 135 135 135 135 135 135 135 135 135 135 135 135 135 135 135 135 135 135 135 135 135 
2013 71 71 71 71 71 71 71 71 71 71 71 71 71 71 71 71 71 71 71 71 71 71 71 71 71 71 71 71 71 71 
2014 114 114 114 114 114 114 114 114 114 114 114 114 114 114 114 114 114 114 114 114 114 114 114 114 114 114 114 114 114 114 
2016 129 129 129 129 129 129 129 129 129 129 129 129 129 129 129 129 129 129 129 129 129 129 129 129 129 129 129 129 129 129 
end_table

