@observation chatOBSwst_sim
ageing_error None 
composition_type age 
fishery_label chatFwest 
layer_of_stratum_definitions cells 
max_age 30 
min_age 1 
normalise false 
process_label Fishing 
likelihood ALN_west
strata_to_include r1-c1 
type mortality_event_composition 
years 1992 1994 1995 1996 1997 1998 1999 2000 2001 2002 2003 2004 2005 2006 2008 2009 2010 2011 2014 2016 
table obs
1992 3391.95 8747.72 10936.1 8438 20163.4 10206.9 18334.9 11625.8 8469.13 13223.4 13323.2 9372.55 8875.72 3759.46 3526.37 3271.81 2402.02 1888.98 1451.5 623.616 1003.75 111.995 323.05 1998.41 822.348 126.571 62.4244 222.642 44.4339 1051.58 
1994 1514.35 2528.33 7892.75 12556.1 9898.62 6919.19 7405.52 2585.45 4013.18 4964.6 2016.6 7095.05 4619.51 3079.39 2389.75 2630.85 2229.2 1932.55 1802.29 663.298 590.684 104.685 391.768 34.3682 377.52 699.643 150.626 72.2276 33.5786 184.104 
1995 2301.55 7274.67 8853.84 15921.7 22922 17799.1 11352.3 12390.9 7594.46 6678.12 4833.35 3203.69 6021.46 7783.12 2350.69 2823.67 4493.36 2042.74 2254.21 1409.09 1112.93 708.75 279.851 761.474 53.5294 229.863 752.525 341.861 11.6944 733.38 
1996 5155.83 12209.6 37190.5 38543.5 35840.7 41557.8 47499.7 27183.2 18548.4 9491.58 9023.78 13405.8 5514.46 11065.5 9726.61 7329.16 4311.6 4007.04 4777.49 3808.91 2628.45 3099.9 1397.47 444.191 763.151 248.494 359.394 1982.74 342.956 609.079 
1997 3520.02 10939.8 26429.8 47387 44756.7 56975.5 65038 29485.8 12398.3 13967.7 7471.79 9766.7 5828.5 4802.33 6898.9 7376.33 6479.67 5868.46 2655.07 2558.17 3313.52 1837.13 1144.89 1021 138.223 459.635 58.1223 337.712 1818.46 1463.68 
1998 2636.96 7258.07 17638.3 23808.6 44575.9 48170.5 30115.5 58817.8 32825 11554.3 12383.5 12093.2 6604.53 4778.5 4132.58 8876.12 7641.19 4296.61 3845.82 3260.54 1941.97 2168.93 1738.53 1343.63 1685.22 226.675 369.504 111.775 478.34 2759.67 
1999 5152.89 4767.5 11092.1 16070.8 39096.8 38623.2 23498.9 41806.3 28862.3 16786 9560.52 7919.98 4237.2 7996.1 4334.17 3025.26 3397.15 3006.76 2778.56 2278.91 1545.54 1298.56 1909.11 1001.69 1286.78 632.638 115.431 327.869 41.163 1632.16 
2000 2246.1 8071.12 5296.28 12016.9 22416.7 25133.9 40300.9 42250.5 26630.1 29153.2 14913.9 6796.65 6499.42 4086.05 3257.64 3684.47 1630.92 4651.76 2080.45 2089.81 1886.76 2798.02 1168.28 1295.48 883.918 327.952 464.772 45.0474 467.534 1209.57 
2001 4526.59 7867.55 14640.1 11563.1 28093.6 34823 29221.2 35866.2 25597.3 23112.9 15427.2 9437.58 9335.91 7594.12 3966.53 2327.2 2881.71 2310.86 2681.82 1856.9 1545.12 1507.96 989.876 1095.34 937.753 562.844 586.347 478.655 143.424 1060.68 
2002 4842.98 2455.48 3386.5 8747.27 8576.04 9915.1 10509.9 9902.55 10817.3 9647.79 7725.44 5890.71 3669.39 1871.65 1960.09 1046.82 1265.39 709.862 767.346 672.284 1325.98 441.706 730.048 347.729 283.243 162.483 228.923 119.687 37.8111 522.995 
2003 3307.58 10561.2 6411.68 4586.02 12834.8 5262.75 9591.35 9836.91 15076.2 9673.92 6561.64 10656.3 6881.21 4089.31 1971.16 1493.71 617.977 639.958 787.818 648.24 648.862 471.944 408.531 325.196 426.758 321.9 236.856 123.687 79.673 430.624 
2004 4730.65 7735.73 46417.2 12132.6 11409.6 16795.5 5862.59 10054.4 9721.37 9103.71 7536.39 7955.48 7517.19 7429.67 3940.76 2402.59 2765.73 1169 774.513 544.152 593.032 603.043 913.347 515.88 296.428 798.747 396.652 366.769 86.7387 445.359 
2005 7905.17 37561.2 68017.2 189440 55591.5 44961.1 58727.4 23148.1 30430 26969.1 29764.8 39927.8 19172.7 21687 16676.1 11008.8 9431.85 5921.02 3922.51 4075.13 1884.15 1226.68 1634.04 1310.16 2022.45 983.431 1140.62 921.838 524.497 3000.7 
2006 983.62 747.781 2245.01 5143.9 13663.4 5214.43 3235.68 3377.1 1265.44 1483.75 1734.67 2556.37 2515.24 2248.05 1115.95 1266.99 481.877 357.009 216.417 201 84.3554 147.577 74.0776 95.9228 44.8652 109.266 35.9654 81.194 25.3735 251.985 
2008 1333.77 2175.89 3207.77 4654.6 6800.18 7595.58 16691.3 6133.55 4231.61 2499.41 1337.19 1676.87 2297.97 1199.37 1248.06 1101.97 1614.6 840.516 938.556 162.519 204.199 298.701 6.34085 106.569 51.3907 60.9876 61.3345 78.6545 132.104 242.033 
2009 6783.55 12339.7 18111.6 20959.4 21013.3 33740.3 41699.3 48240.5 17856.6 7422.73 10215.5 2590.41 7159.05 3863.52 4805.06 6122.68 3149.76 4327.97 2406.91 2647.87 659.75 920.89 472.138 386.83 265.148 277.203 501.363 326.618 175.385 1448.99 
2010 1734.46 2267.53 2932.44 4530.94 4377.71 3584.03 4310.08 10172.4 13699.8 2157.15 1402.44 1438.16 725.175 2091.69 700.842 747.88 757.784 445.788 497.277 1176.58 328.139 93.1381 198.441 67.0576 50.3482 40.964 71.7568 53.7479 15.0017 99.7346 
2011 10352.9 17036.6 23157.7 14199.1 22882.6 17879.9 10281.1 14173.1 25691.1 31303.6 10563.5 4971.64 5136.04 2797.71 2036.71 1412.39 2771.39 2591.27 2005.53 1713.72 1408.44 1155.75 725.275 560.985 27.2448 193.588 87.3935 158.155 229.52 924.751 
2014 1298.7 427.973 1463.66 2748.64 4146.74 937.603 1723.82 1651.84 1140.57 424.851 862.864 719.699 697.191 254.464 96.5696 106.645 86.6073 41.8586 59.0829 193.95 61.2036 78.8723 131.054 98.6324 33.8203 22.2362 2.15795 1.95632 30.0823 55.6384 
2016 432.826 259.883 4737.37 1438.65 3409.19 6503.71 5178.03 1838.4 925.704 1476.03 1036.97 494.36 417.137 1322.69 844.263 409.568 164.658 26.4943 65.0867 160.045 51.0714 81.327 89.0386 41.1509 15.8531 73.1097 18.2167 18.1403 38.1976 49.3875 
end_table
table error_values
1992 81 81 81 81 81 81 81 81 81 81 81 81 81 81 81 81 81 81 81 81 81 81 81 81 81 81 81 81 81 81 
1994 45 45 45 45 45 45 45 45 45 45 45 45 45 45 45 45 45 45 45 45 45 45 45 45 45 45 45 45 45 45 
1995 133 133 133 133 133 133 133 133 133 133 133 133 133 133 133 133 133 133 133 133 133 133 133 133 133 133 133 133 133 133 
1996 82 82 82 82 82 82 82 82 82 82 82 82 82 82 82 82 82 82 82 82 82 82 82 82 82 82 82 82 82 82 
1997 79 79 79 79 79 79 79 79 79 79 79 79 79 79 79 79 79 79 79 79 79 79 79 79 79 79 79 79 79 79 
1998 135 135 135 135 135 135 135 135 135 135 135 135 135 135 135 135 135 135 135 135 135 135 135 135 135 135 135 135 135 135 
1999 120 120 120 120 120 120 120 120 120 120 120 120 120 120 120 120 120 120 120 120 120 120 120 120 120 120 120 120 120 120 
2000 119 119 119 119 119 119 119 119 119 119 119 119 119 119 119 119 119 119 119 119 119 119 119 119 119 119 119 119 119 119 
2001 101 101 101 101 101 101 101 101 101 101 101 101 101 101 101 101 101 101 101 101 101 101 101 101 101 101 101 101 101 101 
2002 96 96 96 96 96 96 96 96 96 96 96 96 96 96 96 96 96 96 96 96 96 96 96 96 96 96 96 96 96 96 
2003 107 107 107 107 107 107 107 107 107 107 107 107 107 107 107 107 107 107 107 107 107 107 107 107 107 107 107 107 107 107 
2004 125 125 125 125 125 125 125 125 125 125 125 125 125 125 125 125 125 125 125 125 125 125 125 125 125 125 125 125 125 125 
2005 82 82 82 82 82 82 82 82 82 82 82 82 82 82 82 82 82 82 82 82 82 82 82 82 82 82 82 82 82 82 
2006 98 98 98 98 98 98 98 98 98 98 98 98 98 98 98 98 98 98 98 98 98 98 98 98 98 98 98 98 98 98 
2008 89 89 89 89 89 89 89 89 89 89 89 89 89 89 89 89 89 89 89 89 89 89 89 89 89 89 89 89 89 89 
2009 97 97 97 97 97 97 97 97 97 97 97 97 97 97 97 97 97 97 97 97 97 97 97 97 97 97 97 97 97 97 
2010 143 143 143 143 143 143 143 143 143 143 143 143 143 143 143 143 143 143 143 143 143 143 143 143 143 143 143 143 143 143 
2011 129 129 129 129 129 129 129 129 129 129 129 129 129 129 129 129 129 129 129 129 129 129 129 129 129 129 129 129 129 129 
2014 67 67 67 67 67 67 67 67 67 67 67 67 67 67 67 67 67 67 67 67 67 67 67 67 67 67 67 67 67 67 
2016 79 79 79 79 79 79 79 79 79 79 79 79 79 79 79 79 79 79 79 79 79 79 79 79 79 79 79 79 79 79 
end_table

