@observation chatOBSest_sim
ageing_error None 
composition_type age 
fishery_label chatFeast 
layer_of_stratum_definitions cells 
max_age 30 
min_age 1 
normalise false 
process_label Fishing 
likelihood ALN_east
strata_to_include r1-c1 
type mortality_event_composition 
years 1992 1995 1997 1998 2001 2004 2007 2015 
table obs
1992 926.452 1520.6 1629.73 3934.29 6587.47 4439.1 10162.4 13622.4 11722.2 27263.1 23723.7 18411.7 15735.8 7929.86 9650.12 11328.4 5868.53 3425.07 3469.65 1417.29 2327.38 276.893 1155.78 3584.27 750.435 130.035 93.756 105.901 59.1356 842.04 
1995 3222.55 5160.91 14735 16052.8 52472.2 62850.6 38676.4 43216.6 31374.3 27154.3 21166.7 15009.5 23952.3 15118 32451.5 38261 14820.6 20613.8 25332.1 9791.87 4670.18 7401.91 1386.92 4417.08 435.302 1355.27 7587.66 2234.62 253.466 3448.44 
1997 842.664 1524.2 4583.22 18882.4 16805.4 33101.8 33755.5 52765.6 36514.2 28888.2 13815.8 8650.55 11710.2 18867.3 15141.1 9241.87 8450.74 11122.7 14560.4 3380.34 3553.64 2219.22 1749.93 1746.62 679.779 1174.32 73.6607 376.401 2726.19 1725.31 
1998 525.861 735.117 917.704 4521.92 10988.8 15620.6 15164.4 45722.5 34146.7 17844.9 13437.6 7113.58 6824.93 3224.16 4107.52 10967.5 8359.59 4465.7 4369.54 2788.72 1824.19 1987.02 1048.99 760.545 644.513 169.632 373.227 19.8426 269.056 1574.55 
2001 1508.4 547.123 3231.82 4387.29 10120.4 17309.2 39467.8 47573.4 45023.3 27067.6 45344.6 17545.1 7472.31 10116.4 7321.88 4947.18 4006.51 3773.93 3734.82 3114.61 2611.75 2476.89 2050.19 3485.24 1371.6 659.008 912.211 560.937 156.8 3317.18 
2004 3085.1 6277.75 13822.1 11559.1 16415.5 26090.5 20069.1 20459.6 27953.6 33288 27364.9 30882.7 42922.4 26948.1 20592.1 5575.16 8742.03 4249.2 3188.47 3623.52 1953.66 2242.67 1975.61 2769.86 1588.68 1398.31 821.551 1015.46 428.109 3039.01 
2007 698.4 1706.91 1109.38 8105.82 12533.1 23610.8 11476.3 5616.52 10377.1 6309.78 5934.03 7346.8 7476.39 7854.57 5850.87 7030.15 3955.55 2832.1 2402.74 1080.08 436.552 686.065 897.372 411.919 315.525 613.479 280.509 657.266 127.411 515.734 
2015 91.3511 1178.94 556.473 1629.85 4834.96 4121.21 4011.12 1694.79 3626.59 5186.84 932.484 2304.91 1638.85 2913.77 461.383 460.14 633.997 140.229 185.622 325.483 148.756 73.7026 91.4443 158.414 137.744 61.9673 80.8576 3.81229 3.46491 30.093 
end_table
table error_values
1992 75 75 75 75 75 75 75 75 75 75 75 75 75 75 75 75 75 75 75 75 75 75 75 75 75 75 75 75 75 75 
1995 58 58 58 58 58 58 58 58 58 58 58 58 58 58 58 58 58 58 58 58 58 58 58 58 58 58 58 58 58 58 
1997 26 26 26 26 26 26 26 26 26 26 26 26 26 26 26 26 26 26 26 26 26 26 26 26 26 26 26 26 26 26 
1998 80 80 80 80 80 80 80 80 80 80 80 80 80 80 80 80 80 80 80 80 80 80 80 80 80 80 80 80 80 80 
2001 39 39 39 39 39 39 39 39 39 39 39 39 39 39 39 39 39 39 39 39 39 39 39 39 39 39 39 39 39 39 
2004 41 41 41 41 41 41 41 41 41 41 41 41 41 41 41 41 41 41 41 41 41 41 41 41 41 41 41 41 41 41 
2007 91 91 91 91 91 91 91 91 91 91 91 91 91 91 91 91 91 91 91 91 91 91 91 91 91 91 91 91 91 91 
2015 72 72 72 72 72 72 72 72 72 72 72 72 72 72 72 72 72 72 72 72 72 72 72 72 72 72 72 72 72 72 
end_table

