@observation chatTANage_sim
cell_layer cells 
cells r1-c1 
max_age 30 
min_age 1 
normalise false 
proportion_through_mortality_block 0.5 
selectivities chatTANsel 
likelihood ALN_survey
time_step AnnualTimeStep 
type proportions_at_age 
years 1990 1992 1993 1994 1995 1996 1997 1998 1999 2000 2001 2002 2003 2004 2005 2006 2007 2008 2009 2010 2011 2012 2013 2014 2016 
table obs
1990 0.0139824 0.0263405 0.0801335 0.0819856 0.115902 0.0778295 0.0571769 0.108651 0.0926097 0.0623271 0.0508386 0.0575461 0.0435004 0.0289942 0.0189405 0.0178744 0.0132535 0.00383327 0.00799724 0.00118611 0.00442606 0.0206659 0.00474581 0.00063055 0.000503374 0.000832969 0.000642627 0.0025148 0.000674268 0.00346116 
1992 0.0181567 0.0666861 0.112831 0.0908917 0.101331 0.0502284 0.0665534 0.0500029 0.0458154 0.0626054 0.067278 0.047101 0.0449397 0.036046 0.0260569 0.0281813 0.0176988 0.0138116 0.0110298 0.00364497 0.00706314 0.000899928 0.0038564 0.0169572 0.00417826 0.000524249 0.000355037 0.000579279 0.000352405 0.00434417 
1993 0.0131073 0.0451705 0.15048 0.146952 0.0838306 0.0803061 0.0445421 0.0709192 0.0429173 0.0384288 0.0503735 0.0419828 0.0310676 0.0316114 0.0295439 0.0215592 0.0178298 0.0133061 0.0124755 0.00800034 0.00212377 0.00352957 0.000667455 0.00244732 0.0103566 0.00205366 0.000328758 0.000235916 0.000435621 0.0034175 
1994 0.014387 0.0424846 0.100164 0.173446 0.115035 0.0676128 0.0659944 0.0434367 0.0493102 0.0513368 0.0414931 0.0507054 0.0328164 0.0259961 0.0230814 0.0213746 0.0160179 0.0156529 0.0143365 0.00984908 0.00622839 0.00134225 0.00271554 0.000449251 0.00173492 0.00754409 0.00178077 0.0003567 0.00019209 0.0031255 
1995 0.00978488 0.0367429 0.105165 0.163101 0.215845 0.119521 0.0498503 0.0558578 0.0273582 0.0322015 0.0265206 0.0174291 0.0234089 0.0228765 0.0190662 0.0160232 0.0120367 0.00985008 0.00861842 0.00745272 0.00537841 0.00326018 0.000902634 0.00162205 0.00028536 0.000869887 0.00532225 0.000977572 0.000185153 0.00248633 
1996 0.00654043 0.0301951 0.0892873 0.127512 0.146764 0.158195 0.0961127 0.0564333 0.046599 0.0251223 0.028226 0.0192381 0.0156052 0.0284528 0.0282465 0.0227445 0.0193541 0.0131741 0.00968657 0.00779236 0.00550807 0.0044752 0.00281653 0.000792822 0.00149553 0.00022493 0.0010709 0.00500619 0.00110005 0.00222877 
1997 0.00760002 0.0237415 0.0805292 0.157246 0.155402 0.127296 0.127462 0.0762033 0.0394002 0.0424522 0.0194207 0.0209781 0.0181392 0.0116092 0.0158371 0.0155549 0.0119879 0.0100943 0.0104793 0.00692326 0.00509682 0.0035282 0.0023081 0.00178929 0.000580761 0.00123352 0.0002167 0.000884731 0.00375705 0.0022478 
1998 0.00507654 0.0237406 0.0606045 0.146556 0.150537 0.139951 0.120201 0.115263 0.0574339 0.0294937 0.0371459 0.0153601 0.0140193 0.00957035 0.00724697 0.0114848 0.010311 0.00856281 0.00760899 0.0055179 0.00557965 0.00391554 0.00321637 0.00225483 0.00155989 0.000525827 0.00117209 0.000175685 0.000645978 0.00526877 
1999 0.00859398 0.0196822 0.0541684 0.0931611 0.108246 0.107252 0.128391 0.12865 0.120546 0.0608285 0.0305002 0.0232346 0.0119855 0.0143771 0.012197 0.00792269 0.0128326 0.011485 0.00902725 0.00775272 0.00577803 0.00407821 0.00363248 0.00292398 0.00313521 0.00282964 0.000781518 0.00107185 0.000109561 0.00482677 
2000 0.00689378 0.0351292 0.0460861 0.0802781 0.0889749 0.143721 0.120818 0.107153 0.0905813 0.097553 0.0435422 0.0230822 0.0221723 0.0103109 0.0117817 0.0112472 0.00777226 0.0102224 0.00762171 0.00649542 0.00529335 0.00407876 0.00425517 0.0029826 0.00306936 0.00188362 0.00171574 0.000396734 0.000775795 0.00411215 
2001 0.0105192 0.0338717 0.0801055 0.0731628 0.0831958 0.085499 0.102265 0.0961704 0.0818412 0.0871943 0.0817945 0.0392972 0.0215933 0.0183174 0.0114888 0.0127824 0.0101553 0.00872983 0.0124584 0.00971318 0.00797381 0.00846733 0.00501849 0.00396541 0.00360979 0.00270334 0.00190116 0.00162685 0.000415571 0.00416242 
2002 0.0308057 0.0294273 0.0573164 0.110078 0.0614601 0.0978083 0.087747 0.101815 0.0823734 0.0717812 0.0627928 0.0753347 0.0336352 0.0163126 0.0112625 0.0069855 0.00773329 0.00662551 0.00527194 0.00912046 0.00612096 0.00623039 0.00541208 0.00378824 0.002732 0.00187133 0.00187272 0.00127261 0.00104009 0.00397235 
2003 0.0213048 0.100744 0.0971185 0.0882314 0.11235 0.0738113 0.0847978 0.0614425 0.0680161 0.061706 0.0425853 0.0401735 0.0442959 0.026884 0.011251 0.0104389 0.00611093 0.00806315 0.00598272 0.00361048 0.00605613 0.00496855 0.00405605 0.00294327 0.00269807 0.00233277 0.00179961 0.00171466 0.00106623 0.00344624 
2004 0.0179575 0.050655 0.215168 0.0956605 0.0642345 0.0854422 0.0538559 0.0586612 0.0580855 0.0607001 0.0456044 0.0437059 0.0355562 0.0324495 0.0172223 0.0100502 0.00862351 0.00513905 0.0070022 0.00402038 0.0034127 0.00490422 0.00510682 0.00392105 0.0025855 0.00215458 0.00163468 0.00127794 0.00100421 0.00420428 
2005 0.00860146 0.045206 0.141377 0.277217 0.0809348 0.0520466 0.0693585 0.0373113 0.0431486 0.0402921 0.0355647 0.0385888 0.0288545 0.0257015 0.0229082 0.011822 0.0066347 0.00705758 0.00334387 0.00347824 0.0023803 0.00184296 0.00299011 0.00186379 0.00178637 0.00202099 0.00157109 0.00125613 0.000976476 0.003865 
2006 0.0111755 0.0246002 0.103226 0.146405 0.269366 0.0861761 0.0542268 0.0675192 0.0332547 0.0362893 0.0257452 0.0320604 0.0225302 0.0183572 0.0149646 0.0165755 0.00955348 0.00448477 0.0048261 0.00208788 0.00216492 0.00128219 0.00126766 0.00206459 0.00198982 0.00177216 0.00127551 0.000923942 0.000630355 0.00320448 
2007 0.0136372 0.0374113 0.0517394 0.159701 0.145868 0.201566 0.0716944 0.0447125 0.0550902 0.0252789 0.032955 0.0226495 0.0284185 0.0250133 0.0171563 0.0159808 0.0159888 0.00858264 0.00375832 0.00399353 0.0022258 0.00297763 0.0018304 0.00123236 0.00205054 0.00134205 0.00130165 0.00118922 0.000828818 0.00382595 
2008 0.012821 0.0443497 0.0907214 0.0587986 0.105061 0.169353 0.24495 0.0595059 0.0285941 0.0401148 0.022424 0.0145761 0.0148087 0.0160216 0.0155285 0.0135042 0.0118864 0.0117121 0.00568098 0.00304712 0.00266461 0.00169418 0.00173441 0.00107525 0.000903479 0.0014943 0.00110788 0.00114248 0.000842798 0.00388215 
2009 0.0183074 0.0471419 0.101033 0.113634 0.0739664 0.139456 0.117088 0.161246 0.0458372 0.023017 0.0292278 0.0135897 0.0194319 0.0148554 0.0151282 0.0143254 0.0121078 0.0101262 0.0102743 0.00462839 0.00221498 0.00173493 0.000955631 0.00134101 0.000882595 0.000913094 0.00132812 0.000979272 0.000967331 0.00425994 
2010 0.0314969 0.0511959 0.0777488 0.129958 0.116443 0.059158 0.101071 0.102634 0.153726 0.03763 0.0243985 0.0223727 0.0117934 0.0118015 0.00867322 0.00987132 0.00888028 0.00803918 0.00713126 0.00718316 0.00448165 0.00274785 0.00210554 0.00100869 0.0013111 0.0008584 0.000727192 0.0010628 0.000668803 0.00382125 
2011 0.0343335 0.082714 0.092718 0.0847029 0.105658 0.11452 0.0544874 0.0740432 0.0710327 0.128392 0.0301586 0.0188102 0.0203906 0.0101091 0.011267 0.00843579 0.00882761 0.0096185 0.00802991 0.00748313 0.00851917 0.00427838 0.00191191 0.00151946 0.000737941 0.00105821 0.000635833 0.000614031 0.000852937 0.00413971 
2012 0.0183354 0.105969 0.15381 0.135948 0.0852156 0.0930541 0.0652752 0.0371158 0.0660448 0.0613637 0.0893444 0.0190819 0.0114337 0.0135626 0.00574029 0.00501073 0.00399643 0.00477014 0.00526013 0.00379557 0.00367271 0.004191 0.00202279 0.00101558 0.000834913 0.000402288 0.000501796 0.000370007 0.000279527 0.00258247 
2013 0.0089415 0.0353309 0.206883 0.228597 0.118334 0.0682028 0.0711107 0.0522921 0.0269377 0.034718 0.040766 0.0428668 0.010522 0.00713191 0.0104796 0.00599728 0.00565352 0.00390533 0.00373076 0.00297748 0.00305469 0.00315225 0.00322472 0.00140718 0.000683116 0.000604371 0.000297723 0.00043915 0.000237968 0.00152069 
2014 0.0308985 0.0257885 0.0875936 0.211758 0.197002 0.0733309 0.0560003 0.0479401 0.0391393 0.0237182 0.0441347 0.0359431 0.0554857 0.0158808 0.00868936 0.0095979 0.00432665 0.00480845 0.00371748 0.00389818 0.00448013 0.00454245 0.00277657 0.00301538 0.00145589 0.000852662 0.000592554 0.000345965 0.000429301 0.00185718 
2016 0.0120501 0.0144787 0.227372 0.0869672 0.109741 0.161489 0.098441 0.0592386 0.0408883 0.0352961 0.0246553 0.0158517 0.0281594 0.0225335 0.0301689 0.00660101 0.00363757 0.00312237 0.00164197 0.00228715 0.00174269 0.00217957 0.00274352 0.00218049 0.00174941 0.00162931 0.000685527 0.000327229 0.000300333 0.001841 
end_table
table error_values
1990 37 37 37 37 37 37 37 37 37 37 37 37 37 37 37 37 37 37 37 37 37 37 37 37 37 37 37 37 37 37 
1992 39 39 39 39 39 39 39 39 39 39 39 39 39 39 39 39 39 39 39 39 39 39 39 39 39 39 39 39 39 39 
1993 147 147 147 147 147 147 147 147 147 147 147 147 147 147 147 147 147 147 147 147 147 147 147 147 147 147 147 147 147 147 
1994 67 67 67 67 67 67 67 67 67 67 67 67 67 67 67 67 67 67 67 67 67 67 67 67 67 67 67 67 67 67 
1995 90 90 90 90 90 90 90 90 90 90 90 90 90 90 90 90 90 90 90 90 90 90 90 90 90 90 90 90 90 90 
1996 128 128 128 128 128 128 128 128 128 128 128 128 128 128 128 128 128 128 128 128 128 128 128 128 128 128 128 128 128 128 
1997 129 129 129 129 129 129 129 129 129 129 129 129 129 129 129 129 129 129 129 129 129 129 129 129 129 129 129 129 129 129 
1998 134 134 134 134 134 134 134 134 134 134 134 134 134 134 134 134 134 134 134 134 134 134 134 134 134 134 134 134 134 134 
1999 114 114 114 114 114 114 114 114 114 114 114 114 114 114 114 114 114 114 114 114 114 114 114 114 114 114 114 114 114 114 
2000 36 36 36 36 36 36 36 36 36 36 36 36 36 36 36 36 36 36 36 36 36 36 36 36 36 36 36 36 36 36 
2001 128 128 128 128 128 128 128 128 128 128 128 128 128 128 128 128 128 128 128 128 128 128 128 128 128 128 128 128 128 128 
2002 31 31 31 31 31 31 31 31 31 31 31 31 31 31 31 31 31 31 31 31 31 31 31 31 31 31 31 31 31 31 
2003 96 96 96 96 96 96 96 96 96 96 96 96 96 96 96 96 96 96 96 96 96 96 96 96 96 96 96 96 96 96 
2004 47 47 47 47 47 47 47 47 47 47 47 47 47 47 47 47 47 47 47 47 47 47 47 47 47 47 47 47 47 47 
2005 91 91 91 91 91 91 91 91 91 91 91 91 91 91 91 91 91 91 91 91 91 91 91 91 91 91 91 91 91 91 
2006 35 35 35 35 35 35 35 35 35 35 35 35 35 35 35 35 35 35 35 35 35 35 35 35 35 35 35 35 35 35 
2007 113 113 113 113 113 113 113 113 113 113 113 113 113 113 113 113 113 113 113 113 113 113 113 113 113 113 113 113 113 113 
2008 56 56 56 56 56 56 56 56 56 56 56 56 56 56 56 56 56 56 56 56 56 56 56 56 56 56 56 56 56 56 
2009 150 150 150 150 150 150 150 150 150 150 150 150 150 150 150 150 150 150 150 150 150 150 150 150 150 150 150 150 150 150 
2010 109 109 109 109 109 109 109 109 109 109 109 109 109 109 109 109 109 109 109 109 109 109 109 109 109 109 109 109 109 109 
2011 24 24 24 24 24 24 24 24 24 24 24 24 24 24 24 24 24 24 24 24 24 24 24 24 24 24 24 24 24 24 
2012 135 135 135 135 135 135 135 135 135 135 135 135 135 135 135 135 135 135 135 135 135 135 135 135 135 135 135 135 135 135 
2013 71 71 71 71 71 71 71 71 71 71 71 71 71 71 71 71 71 71 71 71 71 71 71 71 71 71 71 71 71 71 
2014 114 114 114 114 114 114 114 114 114 114 114 114 114 114 114 114 114 114 114 114 114 114 114 114 114 114 114 114 114 114 
2016 129 129 129 129 129 129 129 129 129 129 129 129 129 129 129 129 129 129 129 129 129 129 129 129 129 129 129 129 129 129 
end_table

