@observation chatOBSwst_sim
ageing_error None 
composition_type age 
fishery_label chatFwest 
layer_of_stratum_definitions cells 
max_age 30 
min_age 1 
normalise false 
process_label Fishing 
likelihood ALN_west
strata_to_include r1-c1 
type mortality_event_composition 
years 1992 1994 1995 1996 1997 1998 1999 2000 2001 2002 2003 2004 2005 2006 2008 2009 2010 2011 2014 2016 
table obs
1992 3454.14 11098.3 9584.98 12590.2 15837.9 12341 12750.6 8806.21 7065.54 12935.2 14539.1 11748.6 6727.69 4610.09 5293.54 4922.87 3157.65 2088.54 1708.67 340.998 811.921 74.4742 421.226 2497.62 847.512 72.3477 87.9415 188.041 69.2645 1127.49 
1994 1365.72 2960.94 9937.18 11991.9 11117.8 9200.84 8746.83 4912.61 2514.71 3763.1 3196.35 4865.32 2964.27 2621.81 1976.42 1873.18 1251.66 1710.64 1115.86 519.425 374.131 163.997 592.646 38.1975 142.914 983.068 108.868 44.4761 17.1963 303.742 
1995 2249.68 5121.87 13588.2 19607.5 28235.7 13311.9 8972.92 10994.8 6562.76 6230.08 5181.84 5675.81 4119.35 5211.83 4376.78 4699.92 2103.1 1399.44 1283.41 1058.74 1085.65 483.141 427.798 756.706 54.1707 386.095 1173.01 371.384 23.0815 543.186 
1996 4148.5 7934.25 19613.5 42387 58537.3 62896.3 41475.6 16613.4 22052.2 8858.6 7411.87 7644.21 5255.05 12552.5 11232.3 4821.25 4612.81 2785.96 1868.38 2999.84 3040.51 3457.81 1292.67 471.529 406.346 151.727 309.469 1907.05 454.782 874.322 
1997 3345.49 11222.5 24450.4 26816 36971.7 80609.6 51162.8 30502.5 26399.2 13765.9 7963.31 9650.19 8184.18 6824.03 8475.72 9310.79 4939.1 4548.68 4162.52 2336.67 1843.46 1889.53 1265.35 1246 99.7803 880.001 41.9289 279.855 1790.1 1219.53 
1998 3189.93 6668.66 9911.45 49765 37909.9 50228.2 46392.4 45741.7 23320.8 16870.5 17973.5 3127.49 7169.95 4315.18 3565.97 5871.11 4958.98 3031.31 4596.24 2659.96 2832.8 2420.73 1719.98 1055.33 436.147 135.703 446.103 70.6504 200.093 1551.91 
1999 5659.48 2600.93 10368.1 17761.7 27956.7 39819.1 32004.5 29153.6 48879 12919.2 8545.15 7791.61 3757.67 2854.25 3755.02 3864.19 5798.73 3136.36 4563.52 2593.09 1622.68 2342.56 1745.97 489.341 919.308 528.485 80.9444 307.865 34.6597 2228.45 
2000 2639.42 8083.29 11631.9 10822.6 23181.9 32274.1 42705.9 36073.8 24662.1 25987.2 13808.9 5499.74 7424.19 4614.67 2267.45 2770.41 1673.49 3673.68 3657.02 1935.95 1508.01 1324.57 1284.7 682.738 832.266 477.974 325.491 39.316 376.865 1514.58 
2001 6037.35 5274.72 18593.1 23953.1 28355.6 30315.3 28682.5 24104.9 28370.9 18775 14774.5 9354.16 5922.95 8100.03 4088.93 3314.07 2719.62 3664.51 2318.32 2465.6 2081.02 2160.59 1826.52 743.512 1726.99 907.285 698.324 850.336 104.653 1755.14 
2002 4429.76 4315.22 2586.11 9353.87 8200.16 7346.81 13712.2 8994.36 10072.3 9046.23 7712.44 8087.49 3169.64 2210.57 1732.36 1178.42 662.298 646.473 609.743 710.783 1087.46 537.766 848.35 203.791 242.934 172.27 165.169 127.738 35.3266 382.427 
2003 3244.84 11848 9663.04 4956.66 14900.7 6808.08 9724.98 11260.3 11267.8 5382.69 10348.9 6942.54 4791.69 3272.46 1803.22 1882.56 736.058 550.507 1136.06 425.946 753.999 349.525 468.878 439.568 406.324 497.906 228.407 164.505 128.778 578.826 
2004 3199.01 17532 27692.5 11175.3 11750.6 14168.5 7817.32 13220.6 8224.45 12853.9 11774 10857.5 9097.9 6662.64 3465.04 2479.78 1259.47 1201.98 1138.48 569.931 593.553 780.988 542.55 535.983 352.282 815.023 266.237 234.826 115.872 636.399 
2005 6491.95 20843.2 66421.1 162468 94149.5 51797 52043.6 31613 52175.3 13784.6 17017.8 21962.1 36491.3 23521.6 25797.6 9327.58 4471.5 4448.89 2919.99 4593.87 2307.62 1923.69 2361.67 2741.95 1174.51 875.962 906.518 843.908 843.028 2668.28 
2006 645.322 844.08 4473.6 6383.77 16756 2774.46 2126.73 3227.23 1172.92 1749.77 829.447 1986.49 1788.68 1644.21 1182.72 895.215 747.459 272.161 234.792 164.139 118.391 148.528 100.076 180.571 52.7249 115.094 59.5075 82.8448 20.0767 227.277 
2008 1043.64 2517.13 4356.13 3036.18 13199.6 7500.87 14335.7 4808.43 3510.21 2492.25 1276.11 1509.48 1488.22 1290.98 1994.36 1186.01 782.233 723.912 619.502 164.292 228.546 184.981 4.63087 99.2608 58.9431 86.6124 48.5484 111.305 114.436 211.113 
2009 5874.02 9982.44 18875.5 31153 19634.2 27434.3 44162.4 53944.4 14049 6286.78 11971.5 5890.74 6263.44 3031.21 3687.97 3506.58 3197.57 3451.57 2748.72 1303.79 518.255 648.841 297.184 397.573 165.444 418.636 429.347 380.363 238.14 947.083 
2010 1420.97 2111.05 4025.16 6702.72 4696.88 4593.63 6346.86 8749.99 10527.6 1697.95 1203.62 1486.86 553.347 1160 801.669 1590.4 584.306 404.182 582.387 485.904 212.072 112.41 297.706 98.0077 49.7802 66.4266 65.4744 66.0695 25.2514 49.8167 
2011 13590.7 11654.8 17411.5 22137.1 23442.4 29956.5 13310 21363.7 16118 24764.1 7298.67 4163.93 4972.62 2446.92 2992.65 1754.91 1361.59 2630.14 1115.58 981.658 1863.46 856.809 515.362 367.804 29.4201 195.095 68.4433 160.019 407.728 496.951 
2014 977.046 348.466 1157.24 3910.94 4546.12 1692.68 1436.14 1038.6 680.342 247.715 593.922 901.857 744.255 208.859 147.529 138.863 94.6089 33.1352 65.2634 147.025 52.5618 85.2162 112.329 104.472 29.8382 30.9149 2.08258 1.60715 20.4934 48.8463 
2016 639.206 327.898 3151.14 2447.75 3760.08 7201.2 4248.82 1163.71 785.419 2023.1 1379.03 573.856 808.645 848.296 854.504 430.857 206.35 48.8491 93.878 141.052 36.9139 56.2449 90.831 57.9984 30.6691 58.2457 26.985 28.1486 47.7505 49.1336 
end_table
table error_values
1992 81 81 81 81 81 81 81 81 81 81 81 81 81 81 81 81 81 81 81 81 81 81 81 81 81 81 81 81 81 81 
1994 45 45 45 45 45 45 45 45 45 45 45 45 45 45 45 45 45 45 45 45 45 45 45 45 45 45 45 45 45 45 
1995 133 133 133 133 133 133 133 133 133 133 133 133 133 133 133 133 133 133 133 133 133 133 133 133 133 133 133 133 133 133 
1996 82 82 82 82 82 82 82 82 82 82 82 82 82 82 82 82 82 82 82 82 82 82 82 82 82 82 82 82 82 82 
1997 79 79 79 79 79 79 79 79 79 79 79 79 79 79 79 79 79 79 79 79 79 79 79 79 79 79 79 79 79 79 
1998 135 135 135 135 135 135 135 135 135 135 135 135 135 135 135 135 135 135 135 135 135 135 135 135 135 135 135 135 135 135 
1999 120 120 120 120 120 120 120 120 120 120 120 120 120 120 120 120 120 120 120 120 120 120 120 120 120 120 120 120 120 120 
2000 119 119 119 119 119 119 119 119 119 119 119 119 119 119 119 119 119 119 119 119 119 119 119 119 119 119 119 119 119 119 
2001 101 101 101 101 101 101 101 101 101 101 101 101 101 101 101 101 101 101 101 101 101 101 101 101 101 101 101 101 101 101 
2002 96 96 96 96 96 96 96 96 96 96 96 96 96 96 96 96 96 96 96 96 96 96 96 96 96 96 96 96 96 96 
2003 107 107 107 107 107 107 107 107 107 107 107 107 107 107 107 107 107 107 107 107 107 107 107 107 107 107 107 107 107 107 
2004 125 125 125 125 125 125 125 125 125 125 125 125 125 125 125 125 125 125 125 125 125 125 125 125 125 125 125 125 125 125 
2005 82 82 82 82 82 82 82 82 82 82 82 82 82 82 82 82 82 82 82 82 82 82 82 82 82 82 82 82 82 82 
2006 98 98 98 98 98 98 98 98 98 98 98 98 98 98 98 98 98 98 98 98 98 98 98 98 98 98 98 98 98 98 
2008 89 89 89 89 89 89 89 89 89 89 89 89 89 89 89 89 89 89 89 89 89 89 89 89 89 89 89 89 89 89 
2009 97 97 97 97 97 97 97 97 97 97 97 97 97 97 97 97 97 97 97 97 97 97 97 97 97 97 97 97 97 97 
2010 143 143 143 143 143 143 143 143 143 143 143 143 143 143 143 143 143 143 143 143 143 143 143 143 143 143 143 143 143 143 
2011 129 129 129 129 129 129 129 129 129 129 129 129 129 129 129 129 129 129 129 129 129 129 129 129 129 129 129 129 129 129 
2014 67 67 67 67 67 67 67 67 67 67 67 67 67 67 67 67 67 67 67 67 67 67 67 67 67 67 67 67 67 67 
2016 79 79 79 79 79 79 79 79 79 79 79 79 79 79 79 79 79 79 79 79 79 79 79 79 79 79 79 79 79 79 
end_table

