@observation chatOBSest_sim
ageing_error None 
composition_type age 
fishery_label chatFeast 
layer_of_stratum_definitions cells 
max_age 30 
min_age 1 
normalise false 
process_label Fishing 
likelihood ALN_east
strata_to_include r1-c1 
type mortality_event_composition 
years 1992 1995 1997 1998 2001 2004 2007 2015 
table obs
1992 1231.3 2327.55 2363.06 2653.98 3736.77 5962.35 14645 19534.5 12703.7 32365.1 17900.6 12753.4 12756.2 9065.86 6688.37 5104.47 8983.09 5355.4 1901.32 669.197 2226.91 180.751 1000.81 7099.6 1348.28 121.961 98.938 235.042 85.3924 994.379 
1995 3109.49 5152.51 9295.16 24153.9 53750.1 39648.8 27204.5 51518.1 16412.6 30880.7 34338.5 52847 55826.4 15861.1 27324.8 12301.2 20620.8 9366.18 12137 6051.15 8564.89 6055.81 1487.83 3571.37 1056.5 2251.95 7071.23 1927.29 425.658 4411.29 
1997 969.196 1723.41 6305.3 12590.7 21838.9 45093.8 42299.4 41740.5 30875.9 28096.9 19209.5 11491.1 10503.7 19512.2 11934.7 11948.8 7073.6 8978.06 4085.56 4103.72 2776.25 3302.13 3982.13 2272.91 423.533 647.598 104.401 508.031 1762.93 2474.17 
1998 756.619 2123.98 2570.78 4581.29 9990.92 15743.6 34314.4 35688.8 19897.3 10956.1 10795.7 14177.1 10677.2 8272.69 3462.1 10001 4253.42 3502.17 6367.96 3646.7 2300.24 1313.54 692.148 340.45 672.036 191.738 647.275 19.8512 424.585 2137.12 
2001 1357.01 1916.38 5951.01 5958.62 14108.6 20149.1 29929.6 35950.8 52730.4 46244.2 44414 8011.1 6961.25 8092.99 4506.57 5848.04 2747.71 1934.6 3560.55 3566.24 3889.26 3590.05 2440.51 1397.39 745.209 1650.51 728.777 985.134 163.929 1685.9 
2004 2913.55 2805.59 23386 9413.08 5531 29103.8 12534.1 35438.3 31077.9 48840.6 48068.4 32083 20155.3 20143.8 11717.6 4522.42 4502.04 2352.05 4336.91 2680.64 2005.25 2810.46 1634.88 1802.3 1954.41 1976.19 1092.72 2272.15 903.143 2284.28 
2007 716.327 667.995 1204.68 2924.12 8457.5 27179 12547.1 6795.01 10072.3 9892.75 8482.25 6155.9 9529.4 8284.41 5272.2 3791.5 5021.98 3492.79 2295.17 1502.84 433.473 748.12 524.212 244.599 302.908 409.345 225.454 317.551 108.08 650.139 
2015 67.3595 747.697 325.066 1196.93 4445.15 6567.5 4767.04 3054.05 2579.49 3042.51 985.414 3001.1 1419.34 1240.61 835.647 1064.33 840.041 311.363 90.9585 285.539 89.411 59.8426 120.793 221.024 136.714 79.335 67.4828 3.42862 3.74577 70.3163 
end_table
table error_values
1992 75 75 75 75 75 75 75 75 75 75 75 75 75 75 75 75 75 75 75 75 75 75 75 75 75 75 75 75 75 75 
1995 58 58 58 58 58 58 58 58 58 58 58 58 58 58 58 58 58 58 58 58 58 58 58 58 58 58 58 58 58 58 
1997 26 26 26 26 26 26 26 26 26 26 26 26 26 26 26 26 26 26 26 26 26 26 26 26 26 26 26 26 26 26 
1998 80 80 80 80 80 80 80 80 80 80 80 80 80 80 80 80 80 80 80 80 80 80 80 80 80 80 80 80 80 80 
2001 39 39 39 39 39 39 39 39 39 39 39 39 39 39 39 39 39 39 39 39 39 39 39 39 39 39 39 39 39 39 
2004 41 41 41 41 41 41 41 41 41 41 41 41 41 41 41 41 41 41 41 41 41 41 41 41 41 41 41 41 41 41 
2007 91 91 91 91 91 91 91 91 91 91 91 91 91 91 91 91 91 91 91 91 91 91 91 91 91 91 91 91 91 91 
2015 72 72 72 72 72 72 72 72 72 72 72 72 72 72 72 72 72 72 72 72 72 72 72 72 72 72 72 72 72 72 
end_table

