@observation chatTANage_sim
cell_layer cells 
cells r1-c1 
max_age 30 
min_age 1 
normalise false 
proportion_through_mortality_block 0.5 
selectivities chatTANsel 
likelihood ALN_survey
time_step AnnualTimeStep 
type proportions_at_age 
years 1990 1992 1993 1994 1995 1996 1997 1998 1999 2000 2001 2002 2003 2004 2005 2006 2007 2008 2009 2010 2011 2012 2013 2014 2016 
table obs
1990 0.0127896 0.0324807 0.080982 0.0802788 0.107576 0.0851546 0.0638683 0.0981586 0.0903543 0.0655777 0.0535183 0.0534081 0.0384329 0.0333177 0.0211042 0.0182438 0.0160144 0.00362589 0.00692256 0.000986173 0.00355876 0.0181204 0.00494025 0.000720593 0.000560719 0.000957342 0.000642722 0.00212683 0.000784209 0.00479345 
1992 0.0186926 0.0781446 0.122301 0.100694 0.109956 0.0581861 0.0569888 0.0366128 0.0411775 0.0570542 0.0548538 0.0492558 0.0469098 0.0312029 0.029159 0.0228509 0.0160206 0.0149188 0.0115253 0.00309717 0.00547214 0.000728329 0.0028241 0.0203507 0.0031674 0.000473941 0.000342558 0.000697346 0.000394199 0.005948 
1993 0.0162205 0.0571134 0.1385 0.12758 0.0763392 0.103274 0.0490387 0.0603763 0.0489277 0.0371148 0.052545 0.0425469 0.0338229 0.0296423 0.0272337 0.0227207 0.013594 0.0144258 0.0094723 0.00826071 0.00188678 0.0038712 0.000616107 0.00258642 0.0134352 0.00287025 0.000494762 0.000303311 0.000521092 0.00466584 
1994 0.0118936 0.0381628 0.118434 0.216619 0.169659 0.0761877 0.0754212 0.0319737 0.034016 0.0238924 0.0189922 0.0333456 0.0248476 0.0277619 0.0179335 0.0185867 0.0156916 0.0096477 0.00754292 0.00661859 0.00401824 0.00116349 0.00217639 0.000475659 0.00149143 0.00795405 0.00201422 0.00026464 0.000193802 0.00302049 
1995 0.0093661 0.0436575 0.0898722 0.132033 0.204554 0.126846 0.0638597 0.0579841 0.02618 0.0295456 0.0230261 0.0188487 0.0282322 0.0290671 0.0240021 0.0196463 0.0155642 0.0132174 0.00930936 0.00809139 0.00609587 0.00514643 0.00145455 0.00259123 0.00043348 0.00137412 0.00570077 0.00128068 0.000227358 0.00279206 
1996 0.00622258 0.0297422 0.0822298 0.149652 0.154289 0.190784 0.118307 0.0512831 0.0369421 0.0197122 0.0243866 0.0160945 0.0130125 0.0218717 0.0154655 0.0139158 0.0109744 0.00887094 0.00710582 0.00480114 0.0043326 0.00509594 0.00366564 0.00097817 0.00134651 0.000249192 0.00084125 0.00474036 0.00113913 0.00194851 
1997 0.0105982 0.0244934 0.0890741 0.156163 0.15279 0.135839 0.124547 0.0709823 0.0310709 0.0352263 0.0178675 0.0206689 0.0159084 0.0111419 0.0164329 0.0135699 0.0161356 0.0124546 0.0121747 0.00777415 0.00609342 0.00390154 0.00343442 0.00283293 0.000793518 0.00129146 0.000231195 0.000747178 0.0035926 0.00216896 
1998 0.00494001 0.0233536 0.057785 0.121869 0.133246 0.129328 0.118666 0.113123 0.0657648 0.0348085 0.0357419 0.0178499 0.0255788 0.0190811 0.0126564 0.0184232 0.0151622 0.0103528 0.0073268 0.00778695 0.00541324 0.00395693 0.0033838 0.00295028 0.00250143 0.000774416 0.00133223 0.000186646 0.000712322 0.00594438 
1999 0.0112091 0.0190063 0.0734649 0.10356 0.163675 0.125811 0.0953805 0.0870754 0.114589 0.049475 0.0247874 0.0214441 0.0117135 0.0133597 0.00996198 0.00705103 0.0131285 0.009164 0.00856027 0.00779782 0.00659706 0.00563642 0.00521799 0.00284923 0.00192654 0.00150784 0.000536324 0.000810353 0.000129582 0.00457256 
2000 0.00758737 0.0364369 0.0482846 0.114462 0.0869785 0.129786 0.135342 0.111962 0.0724792 0.0782464 0.0432465 0.0204426 0.0179042 0.0130708 0.0130897 0.0104216 0.00614447 0.00989997 0.00845515 0.00783728 0.00643006 0.00415619 0.00347889 0.00262776 0.00218352 0.00158971 0.00139487 0.000436965 0.000834934 0.00479071 
2001 0.00972676 0.0223787 0.0802442 0.0775906 0.121603 0.0968731 0.106019 0.0980489 0.0820916 0.0743352 0.063136 0.0383963 0.0208969 0.0192266 0.0104417 0.0138191 0.00796511 0.0055438 0.010059 0.00843327 0.00631451 0.005762 0.00300402 0.0034375 0.0029417 0.00263823 0.00211124 0.00181065 0.000461479 0.00469028 
2002 0.0353939 0.0415176 0.0702686 0.130768 0.0851509 0.0823539 0.0506606 0.0755819 0.0757949 0.085909 0.0735718 0.0659682 0.0303009 0.0170895 0.0163275 0.0069737 0.00799473 0.00469633 0.00375986 0.00829381 0.00610565 0.00533737 0.00425897 0.0030213 0.00242101 0.00192627 0.00152849 0.00132289 0.00104924 0.00465324 
2003 0.0157506 0.118577 0.0876934 0.0688316 0.12049 0.0685198 0.0801784 0.0596682 0.0617125 0.0505276 0.0472587 0.0651066 0.054329 0.0261526 0.0121478 0.00981965 0.00492674 0.00536563 0.00425926 0.00323927 0.00748095 0.00491223 0.00450937 0.00371025 0.00260983 0.0027153 0.00193416 0.00160112 0.00134699 0.00462448 
2004 0.0146331 0.0693795 0.247372 0.103459 0.0808876 0.0777058 0.0420226 0.0550852 0.037736 0.0551698 0.0468735 0.0402336 0.0321815 0.0295579 0.0175072 0.00833522 0.00801224 0.00412451 0.00454378 0.00314712 0.0021366 0.00396449 0.00260317 0.00225006 0.00250115 0.00208014 0.00147571 0.000964475 0.000907755 0.00314891 
2005 0.00806427 0.0455022 0.113103 0.229463 0.0801122 0.0626185 0.0868372 0.038846 0.0472024 0.0335275 0.0481117 0.0423177 0.0332855 0.0306948 0.031992 0.0178121 0.0101621 0.0085429 0.00464183 0.00465348 0.00317363 0.00243988 0.00324161 0.0027 0.00222198 0.00173811 0.00160047 0.00113705 0.000834721 0.00342247 
2006 0.0123887 0.0234065 0.0964044 0.172973 0.277336 0.0903512 0.0478696 0.0489733 0.0238555 0.0232636 0.0206331 0.0288408 0.0328345 0.0254946 0.0181862 0.0158005 0.0103514 0.00515063 0.00456039 0.00211396 0.0030907 0.00172594 0.00154432 0.00217011 0.00177075 0.00167564 0.00152762 0.00104619 0.000933623 0.00372811 
2007 0.0120401 0.0349233 0.0379551 0.119207 0.153739 0.267008 0.0778616 0.0433855 0.0528771 0.024378 0.0268879 0.0166112 0.0217619 0.0255237 0.0203245 0.0151688 0.0158921 0.0102224 0.00312525 0.00319586 0.00177402 0.00220204 0.00152312 0.0011662 0.00252914 0.0016079 0.00113348 0.00101136 0.000731277 0.00423292 
2008 0.0128689 0.0462841 0.0972048 0.0864442 0.125736 0.145746 0.209477 0.0670784 0.0333612 0.0358564 0.0143667 0.0177978 0.0138176 0.0161974 0.0150805 0.0108498 0.0118522 0.0122215 0.00650841 0.00315581 0.00325818 0.0016092 0.00219691 0.0015941 0.0012795 0.00204419 0.00129676 0.000977321 0.000749147 0.00308952 
2009 0.0160604 0.0383664 0.0985688 0.102928 0.0710218 0.130744 0.112964 0.193139 0.0475738 0.0269094 0.0411192 0.0170506 0.0171133 0.0122531 0.0130758 0.0124735 0.00976053 0.00970014 0.00839261 0.00536605 0.002473 0.00257515 0.00114678 0.00188657 0.00124827 0.000778535 0.00124128 0.000900969 0.000792093 0.00237762 
2010 0.0239821 0.0466292 0.0798959 0.110743 0.11928 0.0532983 0.118775 0.110257 0.169182 0.0407702 0.0196325 0.023598 0.0111919 0.0111668 0.00842708 0.00867589 0.00863419 0.00832157 0.00608019 0.00692384 0.00386888 0.00223785 0.00148716 0.000781878 0.0010914 0.000731905 0.000563817 0.000705087 0.00046275 0.00260491 
2011 0.0304867 0.062964 0.0901391 0.0912261 0.140306 0.108266 0.0569837 0.0848195 0.0698604 0.127158 0.0341582 0.0188021 0.0172727 0.00904141 0.00973419 0.00653486 0.00811658 0.0080844 0.00560471 0.00438361 0.0050267 0.00308386 0.00159634 0.00150772 0.00070763 0.000846755 0.000535184 0.000350262 0.000496395 0.00190666 
2012 0.0152069 0.120084 0.188415 0.142629 0.10391 0.0909899 0.0574319 0.0252345 0.0456576 0.0454561 0.0736562 0.0168894 0.00970323 0.0109292 0.00681128 0.00878919 0.00592342 0.00655443 0.00493282 0.0051824 0.00330135 0.00458672 0.00191438 0.00084382 0.000655394 0.000471946 0.000811309 0.00045728 0.000279415 0.00229212 
2013 0.0101366 0.0416833 0.212418 0.163236 0.10368 0.0647425 0.0804761 0.0576684 0.0294079 0.0606237 0.0489757 0.0609856 0.0152926 0.00713346 0.00935412 0.0042369 0.00503433 0.00349199 0.00316565 0.00316452 0.0027442 0.00239303 0.00283154 0.00165118 0.000823901 0.000729387 0.000423157 0.000598865 0.000345255 0.0025528 
2014 0.0263815 0.0224516 0.0986187 0.247615 0.183283 0.088104 0.0521336 0.0609836 0.0497006 0.0179756 0.0273024 0.0341382 0.0408985 0.00904047 0.0056464 0.00702955 0.00278542 0.00366489 0.00334775 0.00362743 0.00366632 0.00320377 0.0023734 0.00214591 0.000877772 0.000507965 0.000439389 0.000227321 0.000348873 0.00148127 
2016 0.0101928 0.0110125 0.162279 0.0870183 0.127017 0.208549 0.115041 0.0704586 0.0420169 0.0401799 0.0235921 0.0111542 0.017513 0.0152841 0.0232494 0.0074027 0.00314345 0.00424171 0.00246275 0.00263354 0.00188565 0.00280132 0.00253312 0.00228577 0.00140347 0.00137861 0.000703621 0.000427909 0.00036239 0.00177658 
end_table
table error_values
1990 37 37 37 37 37 37 37 37 37 37 37 37 37 37 37 37 37 37 37 37 37 37 37 37 37 37 37 37 37 37 
1992 39 39 39 39 39 39 39 39 39 39 39 39 39 39 39 39 39 39 39 39 39 39 39 39 39 39 39 39 39 39 
1993 147 147 147 147 147 147 147 147 147 147 147 147 147 147 147 147 147 147 147 147 147 147 147 147 147 147 147 147 147 147 
1994 67 67 67 67 67 67 67 67 67 67 67 67 67 67 67 67 67 67 67 67 67 67 67 67 67 67 67 67 67 67 
1995 90 90 90 90 90 90 90 90 90 90 90 90 90 90 90 90 90 90 90 90 90 90 90 90 90 90 90 90 90 90 
1996 128 128 128 128 128 128 128 128 128 128 128 128 128 128 128 128 128 128 128 128 128 128 128 128 128 128 128 128 128 128 
1997 129 129 129 129 129 129 129 129 129 129 129 129 129 129 129 129 129 129 129 129 129 129 129 129 129 129 129 129 129 129 
1998 134 134 134 134 134 134 134 134 134 134 134 134 134 134 134 134 134 134 134 134 134 134 134 134 134 134 134 134 134 134 
1999 114 114 114 114 114 114 114 114 114 114 114 114 114 114 114 114 114 114 114 114 114 114 114 114 114 114 114 114 114 114 
2000 36 36 36 36 36 36 36 36 36 36 36 36 36 36 36 36 36 36 36 36 36 36 36 36 36 36 36 36 36 36 
2001 128 128 128 128 128 128 128 128 128 128 128 128 128 128 128 128 128 128 128 128 128 128 128 128 128 128 128 128 128 128 
2002 31 31 31 31 31 31 31 31 31 31 31 31 31 31 31 31 31 31 31 31 31 31 31 31 31 31 31 31 31 31 
2003 96 96 96 96 96 96 96 96 96 96 96 96 96 96 96 96 96 96 96 96 96 96 96 96 96 96 96 96 96 96 
2004 47 47 47 47 47 47 47 47 47 47 47 47 47 47 47 47 47 47 47 47 47 47 47 47 47 47 47 47 47 47 
2005 91 91 91 91 91 91 91 91 91 91 91 91 91 91 91 91 91 91 91 91 91 91 91 91 91 91 91 91 91 91 
2006 35 35 35 35 35 35 35 35 35 35 35 35 35 35 35 35 35 35 35 35 35 35 35 35 35 35 35 35 35 35 
2007 113 113 113 113 113 113 113 113 113 113 113 113 113 113 113 113 113 113 113 113 113 113 113 113 113 113 113 113 113 113 
2008 56 56 56 56 56 56 56 56 56 56 56 56 56 56 56 56 56 56 56 56 56 56 56 56 56 56 56 56 56 56 
2009 150 150 150 150 150 150 150 150 150 150 150 150 150 150 150 150 150 150 150 150 150 150 150 150 150 150 150 150 150 150 
2010 109 109 109 109 109 109 109 109 109 109 109 109 109 109 109 109 109 109 109 109 109 109 109 109 109 109 109 109 109 109 
2011 24 24 24 24 24 24 24 24 24 24 24 24 24 24 24 24 24 24 24 24 24 24 24 24 24 24 24 24 24 24 
2012 135 135 135 135 135 135 135 135 135 135 135 135 135 135 135 135 135 135 135 135 135 135 135 135 135 135 135 135 135 135 
2013 71 71 71 71 71 71 71 71 71 71 71 71 71 71 71 71 71 71 71 71 71 71 71 71 71 71 71 71 71 71 
2014 114 114 114 114 114 114 114 114 114 114 114 114 114 114 114 114 114 114 114 114 114 114 114 114 114 114 114 114 114 114 
2016 129 129 129 129 129 129 129 129 129 129 129 129 129 129 129 129 129 129 129 129 129 129 129 129 129 129 129 129 129 129 
end_table

