@observation chatOBSest_sim
ageing_error None 
composition_type age 
fishery_label chatFeast 
layer_of_stratum_definitions cells 
max_age 30 
min_age 1 
normalise false 
process_label Fishing 
likelihood ALN_east
strata_to_include r1-c1 
type mortality_event_composition 
years 1992 1995 1997 1998 2001 2004 2007 2015 
table obs
1992 1250.25 4508.5 5299.28 3444.36 10475.4 15267.9 15748.3 14132.7 7897.64 16998 10389.3 9284.61 10828.6 11884.5 6496.89 6207.74 15710.9 6374.83 6784.22 891.515 3033.99 146.726 1278 4456.15 928.778 136.186 93.1685 166.056 106.718 1872.07 
1995 1781 5040.04 6735.44 13655.8 51028.1 38388.4 31750.1 39681.5 28350.8 43073.6 39876.5 23238 45484.4 33707.1 30157.8 29208.9 15352.2 10002.9 9848.11 10258.8 8014.61 4811.33 1687.29 2420.66 626.887 2558.32 11773.8 861.905 319.128 4930.15 
1997 1337.68 2810.57 7403.95 18364.5 20476.2 24066.2 25447.5 51067.3 27360.7 21884.8 16725.9 19159.7 7195.19 11323.4 18108.1 17354.2 15417 14186.4 8047.28 7548.62 5324.19 5050.32 4170.62 2919.84 622.852 791.306 134.438 441.21 1388.19 2501.06 
1998 633.589 1033.64 1217.8 6592.68 28214.2 18217.1 20371.7 32752.8 26091 14615.7 16233.2 9723.66 7547.88 3296.86 2401.03 7137.19 6244.34 4307.19 3300.21 2186.96 1682.49 1520.9 889.961 749.867 638.918 227.622 571.796 14.3461 426.868 1677.18 
2001 852.893 689.971 4229.15 4025.49 10095.7 21428 51983.2 57886.5 46648.4 43737.8 21045.6 8885.91 6292.77 4244.47 3330.71 5251.67 4246.13 2028.02 4018.76 1970.18 4215.71 3748.24 2506.48 817.342 494.402 832.215 780.261 1192.82 130.724 3605.93 
2004 2206.43 4042.5 25480.1 6292.29 15152.4 18691.2 31496.9 26552.7 20994.9 85250.9 23561.9 20215.6 16368.6 28335.1 8495.4 5399.75 6773.38 3013.65 5504.44 3098.84 933.338 2004.3 2060.41 1413.91 838.416 1210.04 445.507 873.622 734.014 2901.29 
2007 1094 2093.73 3119.82 7201.02 11083.1 12180.9 10816.7 7511.23 12820.1 4200.44 12105 11121 8902.19 4688.09 8685.59 7415.18 4080.38 1722.53 1826.31 1273.68 432.91 479.564 329.903 246.69 372.376 766.728 302.108 480.576 176.727 720.717 
2015 136.962 667.098 371.992 1345.04 2518.7 4086.85 3531.87 3218.63 6254.3 3344.62 1042.31 1557.16 1976.96 3388.74 965.524 1058.8 460.94 238.791 144.813 204.674 212.215 207.164 233.423 215.805 172.542 55.9682 66.1345 2.51218 3.49765 35.2218 
end_table
table error_values
1992 75 75 75 75 75 75 75 75 75 75 75 75 75 75 75 75 75 75 75 75 75 75 75 75 75 75 75 75 75 75 
1995 58 58 58 58 58 58 58 58 58 58 58 58 58 58 58 58 58 58 58 58 58 58 58 58 58 58 58 58 58 58 
1997 26 26 26 26 26 26 26 26 26 26 26 26 26 26 26 26 26 26 26 26 26 26 26 26 26 26 26 26 26 26 
1998 80 80 80 80 80 80 80 80 80 80 80 80 80 80 80 80 80 80 80 80 80 80 80 80 80 80 80 80 80 80 
2001 39 39 39 39 39 39 39 39 39 39 39 39 39 39 39 39 39 39 39 39 39 39 39 39 39 39 39 39 39 39 
2004 41 41 41 41 41 41 41 41 41 41 41 41 41 41 41 41 41 41 41 41 41 41 41 41 41 41 41 41 41 41 
2007 91 91 91 91 91 91 91 91 91 91 91 91 91 91 91 91 91 91 91 91 91 91 91 91 91 91 91 91 91 91 
2015 72 72 72 72 72 72 72 72 72 72 72 72 72 72 72 72 72 72 72 72 72 72 72 72 72 72 72 72 72 72 
end_table

