@observation chatOBSest_sim
ageing_error None 
composition_type age 
fishery_label chatFeast 
layer_of_stratum_definitions cells 
max_age 30 
min_age 1 
normalise false 
process_label Fishing 
likelihood ALN_east
strata_to_include r1-c1 
type mortality_event_composition 
years 1992 1995 1997 1998 2001 2004 2007 2015 
table obs
1992 1481.9 5022.19 3045.1 2771.09 5504.16 6346.99 13191.4 17796.8 11047.3 19306.5 13066.4 14822.5 18077.4 14925.1 9775.2 5519.04 3780.11 5008.24 4480.9 994.057 2572.63 215.406 1527.29 7566.16 2076.13 199.104 114.882 132.664 57.8315 1668.81 
1995 2196.26 4365.16 9480.63 29091 44419 40579.2 34587.3 39931 36255.6 28339.6 15053.4 31337.6 38238.1 23934.8 24690.6 26365.3 23966.9 31905.9 16299.8 9811.62 6310.52 10321.5 3120.07 4942.11 727.538 784.873 3365.26 1190.18 232.018 2781.07 
1997 1655.93 1423.29 5471.54 7457.32 12847.4 23337.5 85133 43193.3 26686 30857.5 16936.1 11343.4 11419.6 8223.73 14499.8 9776.49 9039.07 5409.51 4932.31 9695.25 4544.04 3701.16 2928.67 1787.09 726.141 1450.04 122.818 485.621 2049.98 1495.51 
1998 454.167 1473.27 1347.63 7028.89 11462.6 23968.8 27340.3 33556.4 24217.4 21995.9 13870.1 7225.46 5051.3 5522.69 3344.05 4548.88 6097.2 3337.42 2580.99 4307.1 3038.73 1891.49 1115.07 812.364 1138.78 295.893 1562.65 23.1705 353.482 1556.54 
2001 2041.51 1058.14 4264.79 9736.56 12872 13765.3 36324.4 27293.7 30781.3 28474.8 67636.2 19147.4 14366.3 7851.89 5916.21 6203.74 2659.16 3667.94 4142.73 4251.32 3150.46 2272.42 3192.91 2694.49 895.119 1318.93 1147.83 1204.66 266.92 2616.3 
2004 2053.32 3277.84 17969.7 11919.6 13711.3 18895.4 17236.4 29889.7 18896.7 48781.3 62713.4 18331.3 20341.6 30833.1 10305.9 5092.96 5267.62 6599.24 5346.25 2348.81 1308.8 4472.58 2467.14 4020.25 1250.42 1200.52 689.098 1647.75 500.807 2973.14 
2007 949.464 1791.32 978.393 5722.03 8761.79 14608.3 13049.8 6658.39 16287.3 4408.23 8888.63 7593.89 8203.56 5759.46 7870.91 4330.41 7968.51 2169.14 2031.15 3112.9 845.508 1060.95 418.635 370.45 685.522 1095.65 467.94 533.641 313.936 1313.27 
2015 75.7707 644.257 623.173 1402.24 5388.4 4570.77 2999.23 2079.23 2768.11 5904.08 1425.24 2736.85 1664.92 1881.92 528.195 265.931 778.867 314.252 221.369 215.897 157.681 109.505 176.578 385.192 185.92 80.4979 94.9512 4.91757 3.36403 31.9466 
end_table
table error_values
1992 75 75 75 75 75 75 75 75 75 75 75 75 75 75 75 75 75 75 75 75 75 75 75 75 75 75 75 75 75 75 
1995 58 58 58 58 58 58 58 58 58 58 58 58 58 58 58 58 58 58 58 58 58 58 58 58 58 58 58 58 58 58 
1997 26 26 26 26 26 26 26 26 26 26 26 26 26 26 26 26 26 26 26 26 26 26 26 26 26 26 26 26 26 26 
1998 80 80 80 80 80 80 80 80 80 80 80 80 80 80 80 80 80 80 80 80 80 80 80 80 80 80 80 80 80 80 
2001 39 39 39 39 39 39 39 39 39 39 39 39 39 39 39 39 39 39 39 39 39 39 39 39 39 39 39 39 39 39 
2004 41 41 41 41 41 41 41 41 41 41 41 41 41 41 41 41 41 41 41 41 41 41 41 41 41 41 41 41 41 41 
2007 91 91 91 91 91 91 91 91 91 91 91 91 91 91 91 91 91 91 91 91 91 91 91 91 91 91 91 91 91 91 
2015 72 72 72 72 72 72 72 72 72 72 72 72 72 72 72 72 72 72 72 72 72 72 72 72 72 72 72 72 72 72 
end_table

