@observation chatOBSwst_sim
ageing_error None 
composition_type age 
fishery_label chatFwest 
layer_of_stratum_definitions cells 
max_age 30 
min_age 1 
normalise false 
process_label Fishing 
likelihood ALN_west
strata_to_include r1-c1 
type mortality_event_composition 
years 1992 1994 1995 1996 1997 1998 1999 2000 2001 2002 2003 2004 2005 2006 2008 2009 2010 2011 2014 2016 
table obs
1992 3181.85 7765.64 10169.7 10049.9 13642.5 10403.4 18984.8 13112.9 9607.71 14032.4 14061.2 10080.9 5444.01 4405.46 5435.03 2522.34 2567.08 3336.01 2065.12 329.964 676.163 134.447 684.325 2384.22 699.035 113.152 73.8245 195.095 125.555 1515.95 
1994 1617.92 2412.85 7351.99 12323.9 8495.11 6142.27 7447.77 5290.3 5756.34 3663.46 3907.37 7149.97 3605.29 3122.79 3178.61 1893.9 1719.42 1528.06 1172.53 566.415 565.264 103.892 405.642 33.5347 151.264 1010.24 162.825 53.0416 20.2846 523.522 
1995 2985.62 4556.56 19857.5 19164.3 30719 13243.6 8423.19 11096.8 5024.35 7703.79 3599.46 2483.92 4165.59 3223.04 4108.48 1917.89 2599.46 1697.49 1450.02 1834.44 1252.87 534.726 250.897 832.421 46.1857 182.809 1544.19 316.638 20.1373 454.372 
1996 2514.15 7214.94 18056.8 49508.7 56383.2 67995.1 28048.6 16237.8 12285.4 12809.9 12003.5 6561.6 7662.21 10252 9424.31 9799.23 5220.55 5795.98 4116.35 4845.83 2136.32 2791.92 780.847 374.694 946.735 152.627 406.141 2543.09 243.431 955.019 
1997 3085.41 9215.03 26450.8 40801.1 44694.6 53882.1 56858.1 37691.2 25058.2 8136.62 8574.79 7925.54 4078.23 5971.25 9884.6 7760.89 7144.86 6419.1 3668.58 3005.81 2532.01 1498.94 1704.9 1708.25 228.112 717.117 79.7844 278.744 1774.51 1367.65 
1998 1770.99 5177.86 9170.3 32244.6 43371.3 45342.4 61799.8 46809.5 34941.9 9389.72 14600.5 5598.18 6645.02 3949.62 4564.58 4359.44 4792.49 6806.27 2958.91 2275.06 2888.72 1479.8 2252.16 1228.14 932.875 159.634 280.638 84.0717 343.693 1919.66 
1999 3932.96 6128.82 8896 13849.4 27226.5 35701 41754.4 27868.7 36250.7 16474.5 13482.1 5910.4 7375.81 5441.83 4048.65 4449.58 3760.07 4616.26 2073.96 2639.87 2538.18 2081.11 1597.13 1182.36 1188.67 974.763 152.079 504.57 50.0743 1931.8 
2000 2804.15 7370.34 10865.5 16162.4 23527.5 19858.5 33418.4 30096.6 25934.4 39459.7 15305.7 10509.4 8082.16 3303.66 1971.72 2474.96 1921.03 3368.81 3028.48 1783.37 2559.46 1998.79 1417.05 1010.43 987.551 1001.01 476.399 46.5662 612.118 2397.78 
2001 3923.15 5662.49 25772.6 14755.3 27450.6 23958.8 30539.1 24874.1 26730.3 15090.5 33833.5 10639.8 6477.85 5085.54 3110.53 3309.59 2137.64 2642.34 1753.18 4941.67 2035.95 1750.27 768.991 963.027 1036.61 708.254 405.065 581.484 97.3081 1003.94 
2002 7007.13 2923.57 4950.91 10262 7257.14 9366.34 5996.71 8525.82 11201.7 12765.2 8254.29 5049.92 3638.24 2276.4 2219.99 1034.81 556.22 768.886 516.297 503.874 848.288 577.161 706.341 402.216 144.502 185.646 211.185 112.662 36.934 280.073 
2003 4576.85 15994.4 6545.73 5639.33 14369.1 6620.95 14319.5 9740.82 7732.2 9195.26 5873.79 4792.94 5878.41 2787.96 1993.97 1294.14 1124.24 430.526 821.149 781.95 752.185 760.775 725.488 352.645 330.595 437.39 251.46 205.744 75.7802 558.481 
2004 4207.97 7840.84 28141.5 13416.4 20206.2 15384.6 9064.62 11879.3 9845.17 8986 12087.8 7067.53 8461.96 8174.16 4002.73 2095.24 1790.57 886.702 1081.68 614.33 438.911 1229.58 1007.82 830.737 305.367 348.317 318.911 323.573 61.5913 914.703 
2005 7031.15 38308.1 59342 174688 47739 55553.7 66593.2 37503.8 33670.7 30727.2 27025.6 35599.5 19026 20803.9 17617.3 12478 7984.8 5816.28 3149.2 2699.58 2184.27 1042.07 2071.33 1548.45 1832.17 1006.61 929.923 975.13 1142.04 2898.28 
2006 553.172 963.405 2402.9 7189.56 17287 2339.89 1824.74 3163.92 1698.53 1709.1 1428.62 1996.2 1824.2 2055.57 1627.39 944.253 693.775 162.697 210.767 130.634 59.9979 162.144 46.4329 102.319 30.9115 104.656 24.3813 46.8855 16.073 204.139 
2008 2044.84 2231.41 5453.87 2694.49 5029.85 9783.21 18349.3 6161.91 1934.39 2897.61 1560.91 1599.51 1320.38 1282.77 1623.41 967.54 793.417 1168.73 724.155 169.189 223.921 200.814 6.63334 110.806 37.1788 79.5551 39.2662 59.8906 132.702 301.893 
2009 6267.59 8248.48 17326 20260.2 16931.2 56694.3 37129.4 38973.8 21285.5 10986.6 9020.75 3637.39 4457.04 5761.56 3019.37 4308.27 2167.74 3871.48 3570.58 1909.85 454.866 1080.03 451.089 329.18 288.438 321.791 343.911 223.283 209.585 1360.93 
2010 1372.5 3367.96 3931.02 5451.19 4970.87 4958.5 9824.77 5429.36 7342.28 3409.14 797.026 1825.55 329.111 972.912 659.829 998.229 907.517 1127.6 795.958 939.192 285.193 147.935 417.135 93.7187 45.7821 61.682 66.11 85.6779 24.0273 130.734 
2011 10940.7 14535.2 14036.6 23698.1 35582.3 22440.4 8078.64 21386.9 16858.3 25705.8 7185.27 5681.45 3738.22 3137.82 2068.7 1460.39 2049.9 1891.33 1724.6 1329.87 1484.76 943.039 341.708 369.417 18.8508 193.145 88.6289 142.958 177.307 1138.33 
2014 1162.94 356.858 1291.97 3849.02 2354.7 2181.96 1870.09 1314.64 826.635 230.917 601.249 1147.78 872.248 342.162 129.471 137.965 119.761 59.1348 63.8618 118.994 40.1763 103.97 132.129 134.966 23.0931 40.5406 1.90727 2.25239 27.187 60.4146 
2016 510.119 258.555 4180.88 1419.31 2888.07 5850.22 4169.2 2933.98 1964.28 1430.56 876.224 393.68 1103.22 965.429 855.464 554.531 255.337 102.012 75.4885 213.241 84.8755 74.1745 83.1874 60.7211 22.7448 95.9973 52.9334 23.4054 52.9274 65.7994 
end_table
table error_values
1992 81 81 81 81 81 81 81 81 81 81 81 81 81 81 81 81 81 81 81 81 81 81 81 81 81 81 81 81 81 81 
1994 45 45 45 45 45 45 45 45 45 45 45 45 45 45 45 45 45 45 45 45 45 45 45 45 45 45 45 45 45 45 
1995 133 133 133 133 133 133 133 133 133 133 133 133 133 133 133 133 133 133 133 133 133 133 133 133 133 133 133 133 133 133 
1996 82 82 82 82 82 82 82 82 82 82 82 82 82 82 82 82 82 82 82 82 82 82 82 82 82 82 82 82 82 82 
1997 79 79 79 79 79 79 79 79 79 79 79 79 79 79 79 79 79 79 79 79 79 79 79 79 79 79 79 79 79 79 
1998 135 135 135 135 135 135 135 135 135 135 135 135 135 135 135 135 135 135 135 135 135 135 135 135 135 135 135 135 135 135 
1999 120 120 120 120 120 120 120 120 120 120 120 120 120 120 120 120 120 120 120 120 120 120 120 120 120 120 120 120 120 120 
2000 119 119 119 119 119 119 119 119 119 119 119 119 119 119 119 119 119 119 119 119 119 119 119 119 119 119 119 119 119 119 
2001 101 101 101 101 101 101 101 101 101 101 101 101 101 101 101 101 101 101 101 101 101 101 101 101 101 101 101 101 101 101 
2002 96 96 96 96 96 96 96 96 96 96 96 96 96 96 96 96 96 96 96 96 96 96 96 96 96 96 96 96 96 96 
2003 107 107 107 107 107 107 107 107 107 107 107 107 107 107 107 107 107 107 107 107 107 107 107 107 107 107 107 107 107 107 
2004 125 125 125 125 125 125 125 125 125 125 125 125 125 125 125 125 125 125 125 125 125 125 125 125 125 125 125 125 125 125 
2005 82 82 82 82 82 82 82 82 82 82 82 82 82 82 82 82 82 82 82 82 82 82 82 82 82 82 82 82 82 82 
2006 98 98 98 98 98 98 98 98 98 98 98 98 98 98 98 98 98 98 98 98 98 98 98 98 98 98 98 98 98 98 
2008 89 89 89 89 89 89 89 89 89 89 89 89 89 89 89 89 89 89 89 89 89 89 89 89 89 89 89 89 89 89 
2009 97 97 97 97 97 97 97 97 97 97 97 97 97 97 97 97 97 97 97 97 97 97 97 97 97 97 97 97 97 97 
2010 143 143 143 143 143 143 143 143 143 143 143 143 143 143 143 143 143 143 143 143 143 143 143 143 143 143 143 143 143 143 
2011 129 129 129 129 129 129 129 129 129 129 129 129 129 129 129 129 129 129 129 129 129 129 129 129 129 129 129 129 129 129 
2014 67 67 67 67 67 67 67 67 67 67 67 67 67 67 67 67 67 67 67 67 67 67 67 67 67 67 67 67 67 67 
2016 79 79 79 79 79 79 79 79 79 79 79 79 79 79 79 79 79 79 79 79 79 79 79 79 79 79 79 79 79 79 
end_table

