@observation chatOBSwst_sim
ageing_error None 
composition_type age 
fishery_label chatFwest 
layer_of_stratum_definitions cells 
max_age 30 
min_age 1 
normalise false 
process_label Fishing 
likelihood ALN_west
strata_to_include r1-c1 
type mortality_event_composition 
years 1992 1994 1995 1996 1997 1998 1999 2000 2001 2002 2003 2004 2005 2006 2008 2009 2010 2011 2014 2016 
table obs
1992 3276.94 8285.17 12751.9 15389.6 16076.3 14346.5 11550.1 12234.1 8029.07 11905.3 11314.9 8579.51 8970.64 3910.08 4679.62 3832.34 2959.31 1722.93 1654.14 357.277 997.966 100.416 490.201 2491.33 497.243 87.2037 94.6176 158.709 82.7314 973.63 
1994 1744.97 2568.51 6959.76 9299.81 13650.2 10755.2 8498.34 7008.95 3687.59 3324.68 2065.78 6169.64 2996.98 2521.19 1316.14 2031.42 1431.42 901.151 1296.33 620.704 421.313 73.9137 631.133 63.7851 220.466 637.395 120.468 40.574 26.7904 291.058 
1995 2890.03 5347.43 13694.6 16477.3 26568.2 19184.4 10058 9079.75 7875.95 6763.96 4209.71 4874.66 4183.05 3810.81 3883.24 3082.31 2066.21 2196.69 2110.63 2137.84 1023.8 461.149 342.94 507.147 77.4724 240.552 1373.92 334.815 14.7504 418.435 
1996 3328 8896.38 27426.3 36249.3 41813.6 73934.9 38474.5 17779.7 21606.5 8997.45 10762.2 7153.89 5364.92 11986.7 7160.67 4411.06 6576.48 6305.59 3390.42 2223.23 2965.43 3640.46 1193.92 379.765 852.99 140.527 595.455 3120.63 497.904 838.199 
1997 4876.86 6751.7 13812 35042.3 55930.6 57551.8 65009.9 27858.6 15124.3 14258.7 6996.71 11732.2 8380.92 9807.33 8880.92 6723.88 6098.06 6659.71 4771.22 4179.95 3991.38 1548.3 1675.14 971.608 133.025 705.024 65.2082 316.745 1492.25 850.543 
1998 3047.81 13132 12941.1 26931.7 42702.5 38353.1 40357.8 62006.3 31679.9 9967.02 14995.2 7366.2 11552.4 5648.09 4010.78 5930.13 8149.76 3603.82 1835.23 2618.98 2499.56 1806.49 1867.05 1123.73 1036.01 155.329 474.74 124.203 236.256 1984.53 
1999 3442.96 3948.9 10745 15316.8 25387 33892.3 33211.6 30521.3 43438 20292.7 8548.15 8521.06 4861.9 7235.4 4756.03 3793.61 3585.97 6514.59 3260.19 2557.92 2737.13 2061.08 1594.09 597.219 762.731 847.538 90.2843 191.301 37.0101 1332.46 
2000 3200.1 10344.4 7920.58 18000.1 14228.3 33644.4 40565.3 33627.2 18854.5 38009.7 7608.39 7329.1 7086.8 3115.62 5811.93 3561.48 1792.74 3884.8 2938.27 1719.2 2116.2 1535.29 1073.26 1236.04 1085.05 730.892 347.298 78.7124 571.094 1737.41 
2001 7996.48 4801.9 16024.3 21507.7 27909.7 28690.5 23491.8 19387.1 35776.9 27794.3 15280.7 14316.2 6066.92 5100.13 4329.83 2881.24 2788.25 1878.85 2077.28 3379.5 2077.68 1525.5 1011.67 884.837 1313.52 615.044 388.365 763.781 122.193 1857.32 
2002 3889.6 3581.1 5585.33 5698.25 6682.26 10058.8 8529.75 12728.3 7792.14 10938.4 10586 6523.09 4442.46 2354.28 1655.21 1050.65 874.456 707.068 763.747 446.834 1003.25 570.789 691.057 356.913 172.03 136.059 204.147 135.303 48.3255 374.93 
2003 3490.85 9038.05 6080.89 6149.24 11002.3 5512.22 13665.1 10835.7 10954 8982.9 11237.1 6116.43 6526.02 3569.42 1862.84 1925.84 1096.03 636.755 848.58 578.186 923.063 423.142 708.623 617.903 439.268 419.447 239.717 158.809 107.472 817.764 
2004 3644.26 6391.82 43791.3 15422 10432.6 17145.6 8269.84 9006.95 6796.67 10259.9 10285 7080.27 12384.5 6594.61 3155.25 1653.27 1826.92 636.449 916.296 844.43 591.948 698.383 539.271 481.849 218.436 512.876 424.319 190.689 65.6803 753.492 
2005 6191.26 30706.2 55472.1 121837 95137 50241.5 66389.4 44110 34071.4 34823 28172.1 34413.2 30909.4 19960.7 19248.5 10642.2 4477.49 4488.06 2263.92 6883.36 2331.03 2040.66 3437.63 1570.82 1572.57 1382.34 1720.37 1269.47 742.485 2481.37 
2006 971.802 1068.99 2950.96 8884.2 13821 3680.6 3194.82 3603.47 1734.54 1643.76 1183.97 1525.96 1512.54 1247.34 826.854 734.249 713.943 262.59 211.468 191.121 111.986 215.57 55.1959 128.599 60.7732 91.2467 33.0237 59.1891 18.802 265.662 
2008 1263.5 2640.36 3196.39 3135.18 7664.07 9820.96 16099.1 5345.9 2278.34 2942.36 1651.73 1720.6 1956.68 1408.9 1781.94 1488.36 1057.19 1269.55 619.679 168.72 261.37 329.974 13.4533 110.136 123.124 71.4614 33.3494 114.56 176.601 240.09 
2009 4695.99 6797.39 12225.1 24768.4 13890 27105.5 50376.8 69239.7 15315.7 15341 8196.77 4670.67 4577.95 3620.87 4668.14 3247.25 1653.92 2170.34 2158.52 1732.82 805.705 580.099 384.426 344.952 248.776 293.133 527.661 183.876 178.732 889.942 
2010 1919.89 2439.24 4015.2 4919.65 6058.25 2953.76 9697.99 9050.68 8320.27 2842.81 1209.37 1408.41 528.122 861.077 358.353 737.683 737.079 688.396 571.136 369.153 356.081 123.982 164.562 66.1509 38.6023 55.3123 48.8188 32.9325 18.2844 177.263 
2011 14308.8 15934.5 10409.6 14709.4 32933.5 12026.8 11665.6 36589.2 19183.8 20844.7 8095.79 4884.9 5377.17 1763.42 3390.15 1799.12 2438.12 2541.42 2137.67 1239.13 1889.91 1162.48 1127.5 471.105 24.1642 205.124 59.5722 187.051 278.778 750.076 
2014 680.34 420.349 1360.83 3484.28 5043.19 2407.14 950.099 964.696 1163.96 260.509 399.018 641.857 739.291 167.292 112.737 156.354 69.168 37.0929 88.7092 88.5305 39.6155 71.8118 81.0062 72.4171 18.0627 15.5054 1.54591 1.51174 15.4588 46.6124 
2016 419.069 236.443 2663.16 2017.03 4176.25 9214.84 4903.17 1902.56 951.761 989.502 550.273 455.159 743.168 484.066 483.496 488.537 154.119 47.3561 47.7652 194.676 60.0599 52.5318 110.983 42.0218 19.4299 108.448 16.7004 16.5302 35.4028 32.0534 
end_table
table error_values
1992 81 81 81 81 81 81 81 81 81 81 81 81 81 81 81 81 81 81 81 81 81 81 81 81 81 81 81 81 81 81 
1994 45 45 45 45 45 45 45 45 45 45 45 45 45 45 45 45 45 45 45 45 45 45 45 45 45 45 45 45 45 45 
1995 133 133 133 133 133 133 133 133 133 133 133 133 133 133 133 133 133 133 133 133 133 133 133 133 133 133 133 133 133 133 
1996 82 82 82 82 82 82 82 82 82 82 82 82 82 82 82 82 82 82 82 82 82 82 82 82 82 82 82 82 82 82 
1997 79 79 79 79 79 79 79 79 79 79 79 79 79 79 79 79 79 79 79 79 79 79 79 79 79 79 79 79 79 79 
1998 135 135 135 135 135 135 135 135 135 135 135 135 135 135 135 135 135 135 135 135 135 135 135 135 135 135 135 135 135 135 
1999 120 120 120 120 120 120 120 120 120 120 120 120 120 120 120 120 120 120 120 120 120 120 120 120 120 120 120 120 120 120 
2000 119 119 119 119 119 119 119 119 119 119 119 119 119 119 119 119 119 119 119 119 119 119 119 119 119 119 119 119 119 119 
2001 101 101 101 101 101 101 101 101 101 101 101 101 101 101 101 101 101 101 101 101 101 101 101 101 101 101 101 101 101 101 
2002 96 96 96 96 96 96 96 96 96 96 96 96 96 96 96 96 96 96 96 96 96 96 96 96 96 96 96 96 96 96 
2003 107 107 107 107 107 107 107 107 107 107 107 107 107 107 107 107 107 107 107 107 107 107 107 107 107 107 107 107 107 107 
2004 125 125 125 125 125 125 125 125 125 125 125 125 125 125 125 125 125 125 125 125 125 125 125 125 125 125 125 125 125 125 
2005 82 82 82 82 82 82 82 82 82 82 82 82 82 82 82 82 82 82 82 82 82 82 82 82 82 82 82 82 82 82 
2006 98 98 98 98 98 98 98 98 98 98 98 98 98 98 98 98 98 98 98 98 98 98 98 98 98 98 98 98 98 98 
2008 89 89 89 89 89 89 89 89 89 89 89 89 89 89 89 89 89 89 89 89 89 89 89 89 89 89 89 89 89 89 
2009 97 97 97 97 97 97 97 97 97 97 97 97 97 97 97 97 97 97 97 97 97 97 97 97 97 97 97 97 97 97 
2010 143 143 143 143 143 143 143 143 143 143 143 143 143 143 143 143 143 143 143 143 143 143 143 143 143 143 143 143 143 143 
2011 129 129 129 129 129 129 129 129 129 129 129 129 129 129 129 129 129 129 129 129 129 129 129 129 129 129 129 129 129 129 
2014 67 67 67 67 67 67 67 67 67 67 67 67 67 67 67 67 67 67 67 67 67 67 67 67 67 67 67 67 67 67 
2016 79 79 79 79 79 79 79 79 79 79 79 79 79 79 79 79 79 79 79 79 79 79 79 79 79 79 79 79 79 79 
end_table

