@observation F_age_sim
ageing_error None 
cell_layer cells 
cells r1-c1 
max_age 30 
min_age 1 
normalise false 
plus_group true 
process_label Fishing 
likelihood ALN_total_F
type process_removals_by_age 
years 1992 1994 1995 1996 1997 1998 1999 2000 2001 2002 2003 2004 2005 2006 2008 2009 2010 2011 2014 2016 
table obs
1992 0.00796131 0.0208859 0.0191698 0.0297421 0.071477 0.0555084 0.0574254 0.0617316 0.0516882 0.0767915 0.111618 0.0745765 0.0914228 0.0619024 0.0683006 0.0369414 0.0203416 0.0165632 0.0136333 0.00273046 0.00764851 0.00107032 0.0067444 0.0195784 0.00372729 0.000706352 0.000389636 0.00120128 0.000725577 0.00779684 
1994 0.012248 0.0179996 0.0194737 0.0540663 0.0457836 0.0373674 0.0581255 0.0731012 0.0690585 0.0605606 0.0509243 0.0889778 0.0970308 0.0560662 0.0660371 0.059265 0.0397572 0.0117347 0.0152378 0.0142901 0.0118233 0.00297885 0.00521295 0.000583851 0.00279826 0.0153137 0.00496461 0.000693183 0.000595738 0.00793009 
1995 0.00719518 0.0156327 0.0304676 0.049115 0.120544 0.0937123 0.0704686 0.112256 0.0599022 0.0372336 0.0243761 0.0192187 0.0402106 0.0448057 0.0600412 0.0428932 0.035694 0.0380925 0.020142 0.0193853 0.00891269 0.00659507 0.00403541 0.00670855 0.000966836 0.00406891 0.0172706 0.00285794 0.000503297 0.00669452 
1996 0.00479023 0.0198998 0.0565427 0.0624089 0.0667631 0.142146 0.0717065 0.0697982 0.0940277 0.0329918 0.0534131 0.0397707 0.0351114 0.0624101 0.0346726 0.0326024 0.0230389 0.0206386 0.0150583 0.00965835 0.00862527 0.00794003 0.00618835 0.0011644 0.00317105 0.000454246 0.00293228 0.00889768 0.00423127 0.00894554 
1997 0.00451799 0.0106592 0.0395067 0.105288 0.0785498 0.137701 0.125861 0.141809 0.0724591 0.0672427 0.0295949 0.0358435 0.0171828 0.00991042 0.0166746 0.0190493 0.014287 0.0135928 0.0149697 0.0118684 0.00903171 0.00457208 0.00415603 0.00279804 0.00064077 0.00145642 0.000205239 0.000892129 0.00530214 0.0043778 
1998 0.00690031 0.0198717 0.037802 0.0582114 0.112103 0.117095 0.138574 0.181605 0.0587417 0.051674 0.0423263 0.0167004 0.0134072 0.011635 0.0191211 0.0233184 0.0177969 0.0115549 0.00928289 0.0083973 0.00897786 0.00829245 0.00677761 0.00492457 0.00417436 0.00102219 0.00299989 0.00025458 0.00118359 0.0052732 
1999 0.00445399 0.00486181 0.0129232 0.0206542 0.0227038 0.102132 0.158096 0.209435 0.183858 0.0587158 0.0333754 0.0279589 0.016637 0.0259945 0.0138992 0.00932255 0.0110045 0.0133419 0.0107913 0.0124956 0.0137451 0.0100169 0.00436386 0.003908 0.00239311 0.0032306 0.00103724 0.00110284 0.000118555 0.00742901 
2000 0.00695088 0.0292573 0.0189234 0.050784 0.0713877 0.091675 0.0994487 0.0973347 0.0927182 0.148256 0.0733788 0.0210898 0.0315795 0.0164287 0.0143073 0.00886378 0.0125445 0.019744 0.0185874 0.0144651 0.0100544 0.018042 0.00682136 0.00573977 0.00439896 0.00365348 0.00238077 0.00067066 0.00177352 0.00874026 
2001 0.00502637 0.00812224 0.0296923 0.0241031 0.0381982 0.0816905 0.0756721 0.117639 0.137706 0.129445 0.126447 0.0507168 0.0297548 0.0358351 0.0115774 0.0170633 0.0117412 0.0106066 0.0154186 0.00835068 0.00683359 0.0070439 0.00443204 0.00466756 0.00399787 0.00168407 0.00127407 0.001799 0.000305026 0.00315655 
2002 0.0348559 0.0125264 0.0182575 0.0577659 0.0447369 0.11487 0.101241 0.0644326 0.101384 0.0946837 0.0703585 0.0836754 0.0374784 0.0225105 0.0210961 0.0143715 0.0230863 0.00876599 0.0103173 0.0107224 0.0096784 0.00894289 0.00678451 0.00522175 0.00542376 0.00399207 0.00440016 0.00156605 0.000763388 0.00609101 
2003 0.0209631 0.0713271 0.0363657 0.0408856 0.0583228 0.0503746 0.0693374 0.0482482 0.0983373 0.126054 0.0619762 0.063909 0.0982069 0.0371076 0.0263409 0.0167182 0.0110812 0.0107535 0.00671071 0.00535885 0.00707709 0.00546084 0.00555061 0.00547007 0.00298158 0.00340731 0.00192786 0.0015591 0.00102784 0.00715948 
2004 0.0112212 0.0214216 0.0951763 0.0312731 0.0431233 0.108551 0.0654003 0.0792012 0.0943756 0.0810824 0.0909259 0.039421 0.0426046 0.0494585 0.0305949 0.0171348 0.0202384 0.0127874 0.0108121 0.00547864 0.00425167 0.00912138 0.00483597 0.00535165 0.00414136 0.00400626 0.0030852 0.00369966 0.00185985 0.00936537 
2005 0.00808753 0.036214 0.0657413 0.152402 0.0677832 0.0609478 0.0681622 0.0513184 0.0684469 0.0671467 0.0949465 0.0516975 0.046069 0.0430632 0.0429095 0.0184213 0.0133809 0.011195 0.0039597 0.00357772 0.00276232 0.00201904 0.0036585 0.00251549 0.00244364 0.00239267 0.00176255 0.0016961 0.00113592 0.00414324 
2006 0.00961831 0.0108689 0.0372946 0.0862033 0.188533 0.0830533 0.0480652 0.0885896 0.0436235 0.0604472 0.0444677 0.0578938 0.0493518 0.0448862 0.0425138 0.0367461 0.0170046 0.0161908 0.00716454 0.0030787 0.00212005 0.00335615 0.00180144 0.00325937 0.000894821 0.00246914 0.00207383 0.00253059 0.000826888 0.00507232 
2008 0.0113924 0.0272026 0.0313806 0.0210673 0.0833763 0.0804927 0.29185 0.0735468 0.0560801 0.0708649 0.0358367 0.0407303 0.0252014 0.0216984 0.0195558 0.0146255 0.0151862 0.0291084 0.0169732 0.0085736 0.00610124 0.00388292 0.00214667 0.00170568 0.00126536 0.00175085 0.00145416 0.00285314 0.000796712 0.00329989 
2009 0.00789962 0.0107879 0.0293793 0.0550225 0.0504115 0.0738809 0.105495 0.337364 0.071744 0.0346805 0.0664238 0.0327487 0.0279316 0.011959 0.0140559 0.0143311 0.00883385 0.00849846 0.0121602 0.00773707 0.00205675 0.0026385 0.00168421 0.00147762 0.00158593 0.000966251 0.00192417 0.00110087 0.0006816 0.00453913 
2010 0.0149298 0.0258264 0.0431905 0.118586 0.0763533 0.0562437 0.130288 0.0969641 0.179564 0.0523663 0.0315588 0.038059 0.0131169 0.026835 0.0124 0.0141952 0.0134281 0.00990189 0.0120989 0.0120821 0.00724798 0.00350347 0.00331053 0.00129281 0.000899197 0.00032325 0.000558264 0.00136569 0.000577342 0.00293413 
2011 0.0458254 0.0562209 0.0810475 0.0992289 0.140522 0.076273 0.0380743 0.0603129 0.0794223 0.125872 0.0382236 0.034065 0.0215993 0.0126191 0.0100688 0.00763871 0.0117148 0.00971128 0.00998879 0.0129675 0.00925049 0.00454318 0.00400838 0.00124861 0.000119698 0.00122552 0.000316262 0.0010298 0.00193347 0.00492822 
2014 0.0323195 0.0109089 0.0501001 0.154482 0.128848 0.0900755 0.0496611 0.0472286 0.0391089 0.0198024 0.0563327 0.0920461 0.129598 0.0214044 0.0126203 0.00960251 0.00714692 0.00760971 0.00799509 0.00472816 0.00548089 0.00450356 0.00494902 0.00398347 0.00307816 0.00307051 0.00037165 6.13355e-05 0.000653321 0.00222917 
2016 0.00964808 0.0044525 0.0588727 0.0295174 0.0722091 0.164208 0.139627 0.146221 0.0404916 0.0607028 0.0344345 0.0198526 0.0378195 0.0480806 0.0771724 0.00935759 0.00498185 0.0055763 0.00296192 0.00344676 0.00275137 0.00533917 0.00342725 0.00378227 0.00181077 0.00484595 0.00276943 0.00107296 0.00186863 0.0026994 
end_table
table error_values
1992 81 81 81 81 81 81 81 81 81 81 81 81 81 81 81 81 81 81 81 81 81 81 81 81 81 81 81 81 81 81 
1994 45 45 45 45 45 45 45 45 45 45 45 45 45 45 45 45 45 45 45 45 45 45 45 45 45 45 45 45 45 45 
1995 133 133 133 133 133 133 133 133 133 133 133 133 133 133 133 133 133 133 133 133 133 133 133 133 133 133 133 133 133 133 
1996 82 82 82 82 82 82 82 82 82 82 82 82 82 82 82 82 82 82 82 82 82 82 82 82 82 82 82 82 82 82 
1997 79 79 79 79 79 79 79 79 79 79 79 79 79 79 79 79 79 79 79 79 79 79 79 79 79 79 79 79 79 79 
1998 135 135 135 135 135 135 135 135 135 135 135 135 135 135 135 135 135 135 135 135 135 135 135 135 135 135 135 135 135 135 
1999 120 120 120 120 120 120 120 120 120 120 120 120 120 120 120 120 120 120 120 120 120 120 120 120 120 120 120 120 120 120 
2000 119 119 119 119 119 119 119 119 119 119 119 119 119 119 119 119 119 119 119 119 119 119 119 119 119 119 119 119 119 119 
2001 101 101 101 101 101 101 101 101 101 101 101 101 101 101 101 101 101 101 101 101 101 101 101 101 101 101 101 101 101 101 
2002 96 96 96 96 96 96 96 96 96 96 96 96 96 96 96 96 96 96 96 96 96 96 96 96 96 96 96 96 96 96 
2003 107 107 107 107 107 107 107 107 107 107 107 107 107 107 107 107 107 107 107 107 107 107 107 107 107 107 107 107 107 107 
2004 125 125 125 125 125 125 125 125 125 125 125 125 125 125 125 125 125 125 125 125 125 125 125 125 125 125 125 125 125 125 
2005 82 82 82 82 82 82 82 82 82 82 82 82 82 82 82 82 82 82 82 82 82 82 82 82 82 82 82 82 82 82 
2006 98 98 98 98 98 98 98 98 98 98 98 98 98 98 98 98 98 98 98 98 98 98 98 98 98 98 98 98 98 98 
2008 89 89 89 89 89 89 89 89 89 89 89 89 89 89 89 89 89 89 89 89 89 89 89 89 89 89 89 89 89 89 
2009 97 97 97 97 97 97 97 97 97 97 97 97 97 97 97 97 97 97 97 97 97 97 97 97 97 97 97 97 97 97 
2010 143 143 143 143 143 143 143 143 143 143 143 143 143 143 143 143 143 143 143 143 143 143 143 143 143 143 143 143 143 143 
2011 129 129 129 129 129 129 129 129 129 129 129 129 129 129 129 129 129 129 129 129 129 129 129 129 129 129 129 129 129 129 
2014 67 67 67 67 67 67 67 67 67 67 67 67 67 67 67 67 67 67 67 67 67 67 67 67 67 67 67 67 67 67 
2016 79 79 79 79 79 79 79 79 79 79 79 79 79 79 79 79 79 79 79 79 79 79 79 79 79 79 79 79 79 79 
end_table

