@observation F_age_sim
ageing_error None 
cell_layer cells 
cells r1-c1 
max_age 30 
min_age 1 
normalise false 
plus_group true 
process_label Fishing 
likelihood ALN_total_F
type process_removals_by_age 
years 1992 1994 1995 1996 1997 1998 1999 2000 2001 2002 2003 2004 2005 2006 2008 2009 2010 2011 2014 2016 
table obs
1992 0.0177304 0.0471215 0.0332856 0.0293913 0.0435082 0.0371081 0.0759706 0.0632101 0.0266473 0.0781227 0.0712666 0.0895233 0.0800384 0.055558 0.0714435 0.0624647 0.0303961 0.0205205 0.0168987 0.00287743 0.00453253 0.000506403 0.00271128 0.0178216 0.00489654 0.00100358 0.000538106 0.00132338 0.000646222 0.0129371 
1994 0.00561644 0.00744017 0.0158684 0.0401518 0.088845 0.0569332 0.0874809 0.0663327 0.068021 0.0446625 0.0329457 0.0653661 0.0658152 0.0608815 0.0459644 0.0432041 0.055669 0.0496413 0.0290386 0.0170002 0.00952252 0.00408608 0.00660403 0.00111032 0.00305191 0.0136842 0.00415142 0.000527367 0.000755971 0.00962793 
1995 0.00945344 0.0213595 0.0278695 0.0537551 0.11196 0.1295 0.0599548 0.104861 0.0540598 0.057577 0.0579319 0.0304231 0.0802187 0.0402911 0.0223491 0.0273157 0.0230758 0.0167779 0.0162581 0.0104974 0.00788786 0.00603563 0.0017762 0.00396038 0.000920661 0.00369969 0.0136799 0.0018705 0.000251147 0.00442912 
1996 0.0066098 0.0119384 0.0254764 0.0435699 0.0910276 0.197189 0.110662 0.0745276 0.0914409 0.037484 0.050989 0.025185 0.0218339 0.0524925 0.025449 0.0246107 0.0212832 0.0188195 0.0118552 0.010559 0.00950164 0.0114334 0.00629263 0.00133063 0.0024726 0.000279468 0.00117153 0.00985628 0.00197074 0.00268824 
1997 0.00706474 0.0153118 0.0413376 0.0444395 0.0481935 0.0886806 0.137259 0.15482 0.0745831 0.0653023 0.0354735 0.0445993 0.036883 0.0319719 0.0289133 0.0292428 0.0237126 0.0179491 0.0150245 0.0177902 0.00900027 0.00731465 0.00524948 0.0051217 0.00127932 0.00321992 0.000381422 0.00180644 0.00477255 0.00330191 
1998 0.00575395 0.0155754 0.0309699 0.0342637 0.0540449 0.059615 0.15406 0.197785 0.0922135 0.0543463 0.0465266 0.0390748 0.0334293 0.0188612 0.0129835 0.0198154 0.0223519 0.0170925 0.0186757 0.0130942 0.0184531 0.0125492 0.00849458 0.00466258 0.00325187 0.000795759 0.00198431 0.000199518 0.00151371 0.0075623 
1999 0.00712426 0.00663612 0.015788 0.0285725 0.050446 0.0737101 0.100514 0.157938 0.174145 0.0654775 0.0504614 0.0449042 0.0325505 0.0434038 0.0234975 0.0127599 0.0173613 0.0171829 0.0132344 0.0102871 0.0114435 0.00593284 0.00584625 0.00566994 0.00511652 0.00456712 0.00144835 0.00175696 0.00019502 0.012029 
2000 0.00548495 0.0158162 0.0175279 0.0322518 0.0473225 0.11401 0.131541 0.124918 0.107084 0.115791 0.0764226 0.0357438 0.0256533 0.0150327 0.0184789 0.0135536 0.00936349 0.0185309 0.0147922 0.0164895 0.0111593 0.00893944 0.00396506 0.0036257 0.00433841 0.0025456 0.00185916 0.000612562 0.000977538 0.00616842 
2001 0.0118144 0.0136317 0.0354199 0.0196198 0.055851 0.0539816 0.107284 0.114354 0.131865 0.108662 0.135515 0.0714834 0.0186557 0.0167066 0.0144953 0.0143236 0.00894004 0.00758867 0.0144347 0.00876402 0.00430004 0.00534362 0.00426377 0.0031675 0.00277981 0.00384207 0.00256247 0.00402921 0.000608275 0.00571155 
2002 0.0214294 0.0166666 0.0297216 0.0536936 0.0446019 0.0878393 0.0882072 0.100149 0.114121 0.0725869 0.0780782 0.0753373 0.03972 0.037947 0.0305922 0.0167319 0.0129937 0.00718821 0.00989071 0.00813677 0.0102457 0.00647842 0.00507821 0.00757133 0.00686941 0.00606627 0.00471854 0.00321015 0.00129416 0.0028364 
2003 0.00956433 0.0522375 0.0412111 0.0377629 0.0881023 0.0393513 0.0876622 0.0856944 0.0837512 0.0989468 0.0883071 0.0602678 0.0504601 0.0447441 0.0240073 0.0234649 0.0100866 0.00861846 0.0110862 0.00602398 0.00917265 0.00662365 0.007015 0.00498298 0.00434871 0.0054443 0.00299833 0.00169347 0.000895468 0.00547502 
2004 0.0178756 0.0340531 0.079296 0.0328682 0.0387509 0.0752598 0.0617452 0.07864 0.0884044 0.120585 0.0632242 0.064612 0.0669845 0.0549818 0.019813 0.0137352 0.0164324 0.0115016 0.0155198 0.00734478 0.00414773 0.00908104 0.0053829 0.00399194 0.00372072 0.00296085 0.00173772 0.00196869 0.000840968 0.00454053 
2005 0.00680517 0.0222006 0.0502036 0.229683 0.0803776 0.0553753 0.120886 0.0427732 0.0303457 0.0356347 0.0604149 0.0635904 0.0560723 0.0504451 0.0316829 0.0105109 0.00451729 0.00737127 0.00616315 0.00485515 0.00412801 0.00390108 0.00455923 0.0035193 0.00217391 0.00318794 0.00198588 0.00168361 0.00125205 0.00370029 
2006 0.00754415 0.0120216 0.0653918 0.0913112 0.145506 0.0600719 0.0540922 0.0592021 0.0312773 0.0887452 0.0650605 0.0690919 0.0715354 0.0535081 0.0330634 0.0289717 0.0191271 0.0124649 0.00803594 0.00386378 0.00247497 0.0030046 0.00221793 0.00324076 0.00103688 0.00227447 0.00072918 0.000866391 0.000460153 0.00380895 
2008 0.0098652 0.0235598 0.0289451 0.0331191 0.0632847 0.119232 0.18112 0.0576059 0.0464361 0.0790129 0.0398072 0.0661937 0.0385717 0.0323295 0.0285031 0.0376689 0.0368876 0.0262896 0.0126698 0.00471626 0.00560249 0.00552951 0.00298974 0.00279059 0.00170814 0.00314426 0.00199596 0.00250017 0.00119401 0.00672721 
2009 0.0136605 0.0217871 0.0626229 0.0626778 0.0517295 0.136543 0.164376 0.179075 0.0500784 0.0396803 0.0329879 0.0176937 0.0178489 0.0269499 0.0220633 0.0255605 0.0183139 0.0133813 0.0131704 0.00728676 0.003267 0.00450778 0.00187012 0.0013895 0.00153607 0.00100366 0.00237982 0.0011323 0.000806932 0.00461933 
2010 0.0126325 0.0229529 0.023228 0.10424 0.0651094 0.0533721 0.118501 0.161192 0.233431 0.0484532 0.0288755 0.0345772 0.00817479 0.0140433 0.0108775 0.0114054 0.00676974 0.00915183 0.00538411 0.0090354 0.00386101 0.00275373 0.00424257 0.00130596 0.00152086 0.000377532 0.000516141 0.00124383 0.000343138 0.00242855 
2011 0.0648302 0.061902 0.0631506 0.0835631 0.109957 0.0744812 0.0600334 0.13457 0.112653 0.110957 0.0193278 0.0115671 0.0148962 0.00703356 0.00923651 0.00877138 0.00858876 0.00991848 0.00841085 0.0085367 0.0045689 0.00335717 0.00177885 0.00198308 0.000228494 0.00134926 0.000257001 0.00060371 0.00101467 0.00247406 
2014 0.0190148 0.00867967 0.0364425 0.106639 0.130191 0.0808152 0.0653854 0.0447905 0.0655669 0.02876 0.0519904 0.075523 0.166309 0.0381917 0.0120057 0.0131653 0.0092114 0.00885989 0.00706168 0.00514034 0.00375684 0.00384875 0.00389392 0.00279243 0.00257265 0.00296305 0.000601588 0.000119537 0.00161875 0.00409026 
2016 0.010494 0.00504021 0.0661999 0.0223833 0.059237 0.15326 0.125861 0.0884903 0.0742458 0.0842624 0.0674457 0.0262402 0.0410115 0.0425813 0.0629334 0.0138983 0.0116716 0.00615064 0.00503725 0.0074695 0.00394599 0.0035158 0.00177623 0.00291223 0.00191341 0.00399276 0.00189121 0.00100758 0.00155963 0.00357198 
end_table
table error_values
1992 81 81 81 81 81 81 81 81 81 81 81 81 81 81 81 81 81 81 81 81 81 81 81 81 81 81 81 81 81 81 
1994 45 45 45 45 45 45 45 45 45 45 45 45 45 45 45 45 45 45 45 45 45 45 45 45 45 45 45 45 45 45 
1995 133 133 133 133 133 133 133 133 133 133 133 133 133 133 133 133 133 133 133 133 133 133 133 133 133 133 133 133 133 133 
1996 82 82 82 82 82 82 82 82 82 82 82 82 82 82 82 82 82 82 82 82 82 82 82 82 82 82 82 82 82 82 
1997 79 79 79 79 79 79 79 79 79 79 79 79 79 79 79 79 79 79 79 79 79 79 79 79 79 79 79 79 79 79 
1998 135 135 135 135 135 135 135 135 135 135 135 135 135 135 135 135 135 135 135 135 135 135 135 135 135 135 135 135 135 135 
1999 120 120 120 120 120 120 120 120 120 120 120 120 120 120 120 120 120 120 120 120 120 120 120 120 120 120 120 120 120 120 
2000 119 119 119 119 119 119 119 119 119 119 119 119 119 119 119 119 119 119 119 119 119 119 119 119 119 119 119 119 119 119 
2001 101 101 101 101 101 101 101 101 101 101 101 101 101 101 101 101 101 101 101 101 101 101 101 101 101 101 101 101 101 101 
2002 96 96 96 96 96 96 96 96 96 96 96 96 96 96 96 96 96 96 96 96 96 96 96 96 96 96 96 96 96 96 
2003 107 107 107 107 107 107 107 107 107 107 107 107 107 107 107 107 107 107 107 107 107 107 107 107 107 107 107 107 107 107 
2004 125 125 125 125 125 125 125 125 125 125 125 125 125 125 125 125 125 125 125 125 125 125 125 125 125 125 125 125 125 125 
2005 82 82 82 82 82 82 82 82 82 82 82 82 82 82 82 82 82 82 82 82 82 82 82 82 82 82 82 82 82 82 
2006 98 98 98 98 98 98 98 98 98 98 98 98 98 98 98 98 98 98 98 98 98 98 98 98 98 98 98 98 98 98 
2008 89 89 89 89 89 89 89 89 89 89 89 89 89 89 89 89 89 89 89 89 89 89 89 89 89 89 89 89 89 89 
2009 97 97 97 97 97 97 97 97 97 97 97 97 97 97 97 97 97 97 97 97 97 97 97 97 97 97 97 97 97 97 
2010 143 143 143 143 143 143 143 143 143 143 143 143 143 143 143 143 143 143 143 143 143 143 143 143 143 143 143 143 143 143 
2011 129 129 129 129 129 129 129 129 129 129 129 129 129 129 129 129 129 129 129 129 129 129 129 129 129 129 129 129 129 129 
2014 67 67 67 67 67 67 67 67 67 67 67 67 67 67 67 67 67 67 67 67 67 67 67 67 67 67 67 67 67 67 
2016 79 79 79 79 79 79 79 79 79 79 79 79 79 79 79 79 79 79 79 79 79 79 79 79 79 79 79 79 79 79 
end_table

