@observation F_age_sim
ageing_error None 
cell_layer cells 
cells r1-c1 
max_age 30 
min_age 1 
normalise false 
plus_group true 
process_label Fishing 
likelihood ALN_total_F
type process_removals_by_age 
years 1992 1994 1995 1996 1997 1998 1999 2000 2001 2002 2003 2004 2005 2006 2008 2009 2010 2011 2014 2016 
table obs
1992 0.011361 0.0448714 0.0429616 0.0477899 0.0840834 0.0928786 0.103361 0.0867856 0.0477255 0.0831077 0.0911272 0.0450924 0.0562194 0.034102 0.0224695 0.0156939 0.0158649 0.0164826 0.0130423 0.00253259 0.00695204 0.000789897 0.00418606 0.019033 0.00382929 0.000549438 0.000336744 0.00103522 0.000444341 0.00529104 
1994 0.00716641 0.0102126 0.0241796 0.0466185 0.0480279 0.0471171 0.0944219 0.0828689 0.079494 0.0568986 0.0421287 0.119113 0.0718152 0.0534962 0.0485012 0.0342752 0.0250738 0.0217712 0.015506 0.0172067 0.0111462 0.00283761 0.0107986 0.000637667 0.00342123 0.0130514 0.00477919 0.000508811 0.000381946 0.00654452 
1995 0.00719862 0.0198114 0.0358357 0.039433 0.107401 0.133279 0.0803812 0.0888116 0.0565829 0.0646532 0.0820108 0.0334342 0.0466332 0.0413557 0.0274679 0.0279371 0.0150625 0.0193069 0.017462 0.0102411 0.014009 0.0076895 0.00276337 0.00394407 0.00071058 0.00128066 0.00846332 0.00189598 0.000361447 0.00458307 
1996 0.00286756 0.00768788 0.0221799 0.0360007 0.115786 0.161614 0.167077 0.118488 0.0489279 0.0273226 0.02168 0.0268031 0.0305376 0.0333978 0.0317752 0.0315219 0.0247078 0.0254267 0.0190546 0.0124643 0.00841399 0.00595714 0.00319608 0.00078852 0.00237817 0.0002947 0.0011141 0.00716416 0.00193118 0.00344129 
1997 0.00334882 0.0118504 0.0665542 0.0841911 0.0949534 0.105859 0.114384 0.128818 0.048804 0.0374633 0.0253451 0.0247967 0.0253591 0.0243095 0.0618098 0.0390656 0.0260766 0.0215982 0.0148865 0.00955846 0.00655139 0.00359518 0.00294158 0.00317754 0.000932903 0.00239761 0.00026987 0.00092197 0.00476158 0.0054178 
1998 0.00751956 0.0257687 0.0406641 0.0566739 0.119083 0.097682 0.0873227 0.112261 0.10335 0.0437318 0.0496925 0.0355475 0.0413078 0.0234082 0.0189346 0.0239189 0.0224385 0.014738 0.00992756 0.00773227 0.0130765 0.00899492 0.00922648 0.00579794 0.00640837 0.00108786 0.00222707 0.000269545 0.00173391 0.00947453 
1999 0.00694065 0.00681829 0.0263966 0.0399942 0.0822442 0.149618 0.11801 0.146736 0.111523 0.068973 0.0341005 0.0285651 0.022199 0.0420163 0.0232819 0.0137066 0.0150133 0.0206531 0.00804765 0.00823266 0.00562039 0.00396008 0.00362409 0.00301275 0.00199128 0.0026025 0.000738413 0.00114052 9.40304e-05 0.00414615 
2000 0.00537772 0.0134322 0.01745 0.0437013 0.0452659 0.0837519 0.128313 0.127257 0.0999842 0.12635 0.0931008 0.0296223 0.0228508 0.0121131 0.0172788 0.0168579 0.0125117 0.0112093 0.0119017 0.00882932 0.00891118 0.017427 0.0145604 0.00892031 0.00378245 0.00341254 0.00319003 0.000812436 0.00139316 0.0104316 
2001 0.0103972 0.0141973 0.0287572 0.0311349 0.0477438 0.0685249 0.1227 0.134233 0.129717 0.085573 0.0997101 0.0453524 0.0329919 0.0287806 0.0217556 0.0160026 0.00907199 0.00504296 0.00677214 0.0100988 0.0099699 0.00822104 0.00585857 0.00522908 0.00208825 0.00326643 0.00283071 0.00404849 0.000840736 0.00908867 
2002 0.0255035 0.015443 0.0232422 0.053176 0.0465368 0.0841461 0.0615282 0.0780854 0.110028 0.11096 0.112144 0.0864992 0.0519394 0.0214041 0.0232705 0.0178956 0.0155187 0.00830922 0.00643724 0.00765301 0.00734638 0.00844859 0.00444676 0.00341124 0.00333924 0.00184151 0.00285736 0.00211736 0.00176867 0.00470248 
2003 0.0175398 0.0539567 0.0352693 0.0463039 0.0709426 0.0298001 0.0531239 0.0602591 0.074005 0.0925888 0.0787817 0.081504 0.0870702 0.0577078 0.041647 0.0292328 0.012936 0.0186031 0.0125623 0.00778067 0.00652911 0.00514853 0.00543528 0.00404306 0.00284417 0.00350904 0.00192265 0.0013659 0.000839629 0.00674777 
2004 0.014713 0.0230637 0.0672627 0.0555946 0.044511 0.0602699 0.0525116 0.0916097 0.0890753 0.0848231 0.0604503 0.0549486 0.0643356 0.0700896 0.0427045 0.0269621 0.0250369 0.0116274 0.00853053 0.00866159 0.00544072 0.00804677 0.00704212 0.00433302 0.00313983 0.00348424 0.00252263 0.00215778 0.00183921 0.00521195 
2005 0.00824377 0.0474903 0.0733668 0.168502 0.0605053 0.0484255 0.076631 0.0788408 0.0612175 0.048066 0.0743013 0.0503601 0.0401838 0.0323796 0.0338575 0.0154448 0.0139013 0.0168321 0.00684792 0.00645957 0.00523545 0.00307904 0.00545609 0.00401784 0.00350595 0.00451594 0.0030085 0.00141619 0.001097 0.00681044 
2006 0.00509848 0.00823423 0.046321 0.0923616 0.173244 0.0994497 0.117609 0.0844625 0.0423431 0.0520147 0.0318637 0.0346207 0.0458988 0.02663 0.0335832 0.0256983 0.0224464 0.00676618 0.0121144 0.00522936 0.00296272 0.00323622 0.0029546 0.00457584 0.00259962 0.00300351 0.00266322 0.00210926 0.00107915 0.00882674 
2008 0.013963 0.0271123 0.0541126 0.0365087 0.0921815 0.0909845 0.17858 0.0526888 0.040878 0.0624065 0.0455818 0.0305042 0.0322849 0.0336175 0.0549398 0.0469401 0.0270315 0.0223569 0.016251 0.00639754 0.00632599 0.00420323 0.00174132 0.00228102 0.00136735 0.00203244 0.00177347 0.00319062 0.00249852 0.00926518 
2009 0.0220348 0.0281653 0.0460748 0.0370825 0.0358386 0.114378 0.118184 0.215586 0.0800088 0.0623333 0.0609022 0.0246691 0.0234271 0.0156198 0.0246084 0.0247992 0.0152803 0.0125877 0.0141952 0.00386606 0.00240901 0.00378692 0.00160763 0.00200471 0.00102197 0.000601018 0.0016557 0.0012243 0.000663452 0.00538406 
2010 0.0240355 0.0266886 0.0279312 0.0472549 0.063636 0.0361543 0.0978674 0.142607 0.244817 0.0984737 0.0395611 0.0487216 0.0123189 0.0120251 0.010047 0.0154493 0.0133371 0.0110215 0.00672647 0.00980303 0.00305868 0.00146638 0.001546 0.0010302 0.000782419 0.000369599 0.000423224 0.000939431 0.000247901 0.00165941 
2011 0.0300108 0.0537589 0.0569138 0.0494447 0.109069 0.106306 0.0698771 0.107537 0.112282 0.114858 0.0444891 0.0277443 0.0234068 0.0118769 0.0174307 0.00989866 0.0100861 0.00842949 0.0045326 0.00769754 0.00687415 0.00387221 0.00302924 0.00177788 0.000138259 0.00116235 0.000321974 0.00088944 0.0016158 0.00467055 
2014 0.0262765 0.0213042 0.0318781 0.116156 0.120592 0.0992067 0.0685899 0.0718253 0.0859112 0.0331438 0.0562281 0.0770608 0.0815442 0.0302082 0.0115314 0.010023 0.00490974 0.00495532 0.00654398 0.00601946 0.00600565 0.00642344 0.00896414 0.00590501 0.00334786 0.00249279 0.000501792 8.83623e-05 0.000683952 0.0016788 
2016 0.00802761 0.00788671 0.151251 0.0522351 0.0888817 0.167476 0.1238 0.0819708 0.0519518 0.0594039 0.0245564 0.0129741 0.0245743 0.0386955 0.0421425 0.00965738 0.0121969 0.00858511 0.0042929 0.00484717 0.00278419 0.00533931 0.0027067 0.003488 0.00169789 0.00304447 0.00174339 0.000724459 0.000802322 0.00226236 
end_table
table error_values
1992 81 81 81 81 81 81 81 81 81 81 81 81 81 81 81 81 81 81 81 81 81 81 81 81 81 81 81 81 81 81 
1994 45 45 45 45 45 45 45 45 45 45 45 45 45 45 45 45 45 45 45 45 45 45 45 45 45 45 45 45 45 45 
1995 133 133 133 133 133 133 133 133 133 133 133 133 133 133 133 133 133 133 133 133 133 133 133 133 133 133 133 133 133 133 
1996 82 82 82 82 82 82 82 82 82 82 82 82 82 82 82 82 82 82 82 82 82 82 82 82 82 82 82 82 82 82 
1997 79 79 79 79 79 79 79 79 79 79 79 79 79 79 79 79 79 79 79 79 79 79 79 79 79 79 79 79 79 79 
1998 135 135 135 135 135 135 135 135 135 135 135 135 135 135 135 135 135 135 135 135 135 135 135 135 135 135 135 135 135 135 
1999 120 120 120 120 120 120 120 120 120 120 120 120 120 120 120 120 120 120 120 120 120 120 120 120 120 120 120 120 120 120 
2000 119 119 119 119 119 119 119 119 119 119 119 119 119 119 119 119 119 119 119 119 119 119 119 119 119 119 119 119 119 119 
2001 101 101 101 101 101 101 101 101 101 101 101 101 101 101 101 101 101 101 101 101 101 101 101 101 101 101 101 101 101 101 
2002 96 96 96 96 96 96 96 96 96 96 96 96 96 96 96 96 96 96 96 96 96 96 96 96 96 96 96 96 96 96 
2003 107 107 107 107 107 107 107 107 107 107 107 107 107 107 107 107 107 107 107 107 107 107 107 107 107 107 107 107 107 107 
2004 125 125 125 125 125 125 125 125 125 125 125 125 125 125 125 125 125 125 125 125 125 125 125 125 125 125 125 125 125 125 
2005 82 82 82 82 82 82 82 82 82 82 82 82 82 82 82 82 82 82 82 82 82 82 82 82 82 82 82 82 82 82 
2006 98 98 98 98 98 98 98 98 98 98 98 98 98 98 98 98 98 98 98 98 98 98 98 98 98 98 98 98 98 98 
2008 89 89 89 89 89 89 89 89 89 89 89 89 89 89 89 89 89 89 89 89 89 89 89 89 89 89 89 89 89 89 
2009 97 97 97 97 97 97 97 97 97 97 97 97 97 97 97 97 97 97 97 97 97 97 97 97 97 97 97 97 97 97 
2010 143 143 143 143 143 143 143 143 143 143 143 143 143 143 143 143 143 143 143 143 143 143 143 143 143 143 143 143 143 143 
2011 129 129 129 129 129 129 129 129 129 129 129 129 129 129 129 129 129 129 129 129 129 129 129 129 129 129 129 129 129 129 
2014 67 67 67 67 67 67 67 67 67 67 67 67 67 67 67 67 67 67 67 67 67 67 67 67 67 67 67 67 67 67 
2016 79 79 79 79 79 79 79 79 79 79 79 79 79 79 79 79 79 79 79 79 79 79 79 79 79 79 79 79 79 79 
end_table

