@observation F_age_sim
ageing_error None 
cell_layer cells 
cells r1-c1 
max_age 30 
min_age 1 
normalise false 
plus_group true 
process_label Fishing 
likelihood ALN_total_F
type process_removals_by_age 
years 1992 1994 1995 1996 1997 1998 1999 2000 2001 2002 2003 2004 2005 2006 2008 2009 2010 2011 2014 2016 
table obs
1992 0.0169697 0.0432146 0.0289151 0.0436299 0.0405675 0.0443289 0.0735886 0.0637398 0.0724816 0.140449 0.072571 0.0718533 0.0670639 0.0574007 0.041746 0.0264981 0.0183256 0.012682 0.00841 0.00209493 0.00554677 0.000550166 0.00397926 0.0261754 0.00582027 0.000967795 0.000584218 0.00124527 0.000676695 0.00792456 
1994 0.00883174 0.0121114 0.0392353 0.0472756 0.0467166 0.0682586 0.0939854 0.0485147 0.0647221 0.0475105 0.0459847 0.0902545 0.0679683 0.0688191 0.052301 0.0398717 0.0417815 0.0230311 0.0154025 0.0210007 0.0139906 0.00193497 0.00453381 0.00169563 0.00457527 0.0187888 0.00381511 0.000451943 0.000324261 0.00631255 
1995 0.00719043 0.00949603 0.0334825 0.0525143 0.0972202 0.0547918 0.054567 0.128412 0.0895672 0.0739859 0.080009 0.0372737 0.055993 0.0588937 0.0321895 0.0197623 0.0177488 0.0150301 0.0150525 0.0130091 0.00856008 0.00553765 0.00203964 0.00597756 0.00139115 0.00297679 0.0191664 0.00259049 0.000206896 0.00536447 
1996 0.00773288 0.0186116 0.0386939 0.0660556 0.0745592 0.115527 0.0830045 0.0834381 0.101579 0.0422782 0.0523923 0.0375051 0.0362491 0.0557262 0.0430325 0.0254947 0.0245076 0.0162897 0.0140351 0.0119273 0.00964544 0.00794752 0.00450141 0.000907663 0.00214798 0.000424725 0.00239363 0.0123206 0.00390641 0.00716539 
1997 0.006148 0.0138559 0.0301759 0.0634127 0.0927289 0.119024 0.121505 0.121296 0.058708 0.0546999 0.0297998 0.031572 0.0251444 0.0248255 0.0480626 0.0255127 0.0273193 0.0230965 0.0144426 0.0149475 0.0100265 0.00940511 0.00665637 0.00510062 0.00119117 0.003286 0.0004537 0.00265744 0.00886477 0.00608056 
1998 0.00463319 0.0266073 0.0305272 0.0705831 0.131046 0.122157 0.13808 0.131178 0.0739011 0.0508866 0.0440527 0.0205652 0.0188142 0.0113344 0.0143283 0.019748 0.016901 0.009361 0.0105351 0.0110011 0.0107478 0.00981775 0.00621659 0.00445027 0.00269656 0.000757696 0.00211135 0.000202902 0.00125829 0.00549986 
1999 0.0111077 0.0131588 0.0195497 0.047798 0.074822 0.125119 0.0656293 0.0353393 0.119874 0.0821773 0.0576416 0.0674068 0.0338466 0.0374099 0.0522259 0.0284423 0.0298942 0.026117 0.0148984 0.00934098 0.00942843 0.0097327 0.00409359 0.00570031 0.00481841 0.00405312 0.00143281 0.00152886 0.000184069 0.00722933 
2000 0.00747401 0.014884 0.0188182 0.0481953 0.0433494 0.0847885 0.0961597 0.0726306 0.0915609 0.117193 0.115641 0.0566041 0.0505311 0.0160903 0.0229086 0.0130331 0.0102454 0.0186764 0.0167689 0.0120693 0.00954484 0.0094592 0.00664985 0.00837233 0.00997306 0.00484683 0.00432968 0.00128243 0.00222113 0.0156993 
2001 0.0111553 0.0159269 0.0338648 0.0258081 0.0633361 0.0611059 0.0923859 0.143957 0.113612 0.0824273 0.132221 0.0538474 0.0379987 0.0220239 0.0114515 0.0127344 0.00833297 0.00849383 0.010743 0.0110552 0.0096738 0.00829563 0.00786077 0.00465181 0.00248499 0.00372993 0.00255263 0.00255253 0.000434534 0.0052832 
2002 0.0391137 0.0218986 0.0184068 0.0764092 0.0417634 0.0600218 0.0798655 0.100301 0.109664 0.0921792 0.101627 0.0800979 0.0258684 0.0197963 0.0253607 0.0139534 0.0147504 0.0101119 0.0101986 0.0114131 0.00985118 0.00760879 0.00431247 0.00374373 0.00468204 0.00241257 0.00394578 0.00219155 0.00120454 0.00724646 
2003 0.0142686 0.0718772 0.0403209 0.0576797 0.113565 0.06804 0.0852418 0.0699252 0.074386 0.101124 0.0837948 0.0436617 0.0656309 0.0383245 0.0134616 0.0106748 0.00376314 0.00554868 0.00568606 0.00353695 0.00372822 0.00383481 0.00438703 0.00404937 0.00299684 0.00247104 0.00228207 0.00123066 0.000643516 0.00386487 
2004 0.0122929 0.0223158 0.0573667 0.0342774 0.0537928 0.113106 0.0753582 0.0556178 0.0498843 0.107189 0.0913706 0.0600087 0.0496163 0.0596575 0.0458337 0.0160466 0.0177804 0.0104231 0.0100064 0.00674128 0.00473215 0.00546483 0.00627459 0.00615554 0.00645267 0.00650787 0.00291667 0.00479577 0.00207979 0.00593496 
2005 0.00499434 0.0329748 0.0671061 0.175742 0.0664115 0.0636778 0.0780055 0.0633559 0.106448 0.0536372 0.063973 0.0581223 0.0396484 0.0325012 0.0331871 0.0168738 0.00391238 0.00466411 0.00274976 0.00510304 0.00303923 0.00212003 0.0047378 0.00452716 0.0037379 0.00297856 0.00166216 0.000960731 0.000773186 0.00237475 
2006 0.008463 0.0121392 0.0451755 0.0931368 0.160793 0.062023 0.0618173 0.100689 0.0380649 0.0435601 0.0389447 0.0410869 0.0455051 0.0445494 0.0453292 0.0612176 0.0341922 0.0126708 0.0110429 0.00298277 0.00251088 0.0045615 0.00272543 0.0059573 0.0014757 0.00521699 0.00307005 0.00284628 0.00129111 0.00696139 
2008 0.0106673 0.0177042 0.0383617 0.0406909 0.062918 0.140064 0.176802 0.0507184 0.0468591 0.0657656 0.0575161 0.0472122 0.0387313 0.0381249 0.0392073 0.0305213 0.0266648 0.0227694 0.0121962 0.00575904 0.00571403 0.00456909 0.00317337 0.00266323 0.00107001 0.00200465 0.00257901 0.00272399 0.00151355 0.00473492 
2009 0.0277227 0.0168804 0.0328456 0.0443264 0.0337131 0.114285 0.116225 0.243369 0.0680948 0.0423841 0.0615141 0.028404 0.024585 0.0220992 0.0181463 0.0267583 0.0185689 0.0121754 0.0103884 0.00903293 0.00224409 0.00353483 0.00250085 0.00222174 0.0011549 0.00119192 0.00309607 0.00271039 0.00162841 0.00819905 
2010 0.03402 0.0497527 0.0441183 0.105275 0.081653 0.0502904 0.115622 0.104835 0.204219 0.0628782 0.0160298 0.0166727 0.00738637 0.015559 0.0119038 0.0186704 0.0102303 0.0110523 0.00826994 0.00822725 0.00506852 0.00227986 0.00433893 0.0015025 0.00261971 0.00138773 0.00113419 0.00185592 0.000450325 0.00269646 
2011 0.0442064 0.0369688 0.0553945 0.0682639 0.0923547 0.104766 0.0353451 0.0967751 0.123293 0.174979 0.0501063 0.0168909 0.0178081 0.00915094 0.0145265 0.00935253 0.0120592 0.00941965 0.00397216 0.00672715 0.00492689 0.00390523 0.00208361 0.00115463 0.00010828 0.000726875 0.000233402 0.000682727 0.00097454 0.00284372 
2014 0.0250176 0.0160295 0.0518261 0.154651 0.110847 0.0664507 0.0605102 0.0815927 0.105622 0.0429191 0.0569859 0.0599675 0.0688331 0.0171016 0.00978214 0.0110607 0.0112058 0.00813048 0.0150175 0.00539123 0.00432782 0.00279469 0.00341659 0.00284629 0.00185901 0.00173572 0.000247784 5.64298e-05 0.000897337 0.00287625 
2016 0.0102931 0.00826943 0.0980482 0.0562311 0.0897874 0.230971 0.115372 0.0878617 0.0430427 0.0490822 0.0379368 0.018744 0.0301299 0.0292826 0.041524 0.00795898 0.00612874 0.00508622 0.0034068 0.00360893 0.0034015 0.00544063 0.00368938 0.00363884 0.00141047 0.00337224 0.00199606 0.000629713 0.000688759 0.0029676 
end_table
table error_values
1992 81 81 81 81 81 81 81 81 81 81 81 81 81 81 81 81 81 81 81 81 81 81 81 81 81 81 81 81 81 81 
1994 45 45 45 45 45 45 45 45 45 45 45 45 45 45 45 45 45 45 45 45 45 45 45 45 45 45 45 45 45 45 
1995 133 133 133 133 133 133 133 133 133 133 133 133 133 133 133 133 133 133 133 133 133 133 133 133 133 133 133 133 133 133 
1996 82 82 82 82 82 82 82 82 82 82 82 82 82 82 82 82 82 82 82 82 82 82 82 82 82 82 82 82 82 82 
1997 79 79 79 79 79 79 79 79 79 79 79 79 79 79 79 79 79 79 79 79 79 79 79 79 79 79 79 79 79 79 
1998 135 135 135 135 135 135 135 135 135 135 135 135 135 135 135 135 135 135 135 135 135 135 135 135 135 135 135 135 135 135 
1999 120 120 120 120 120 120 120 120 120 120 120 120 120 120 120 120 120 120 120 120 120 120 120 120 120 120 120 120 120 120 
2000 119 119 119 119 119 119 119 119 119 119 119 119 119 119 119 119 119 119 119 119 119 119 119 119 119 119 119 119 119 119 
2001 101 101 101 101 101 101 101 101 101 101 101 101 101 101 101 101 101 101 101 101 101 101 101 101 101 101 101 101 101 101 
2002 96 96 96 96 96 96 96 96 96 96 96 96 96 96 96 96 96 96 96 96 96 96 96 96 96 96 96 96 96 96 
2003 107 107 107 107 107 107 107 107 107 107 107 107 107 107 107 107 107 107 107 107 107 107 107 107 107 107 107 107 107 107 
2004 125 125 125 125 125 125 125 125 125 125 125 125 125 125 125 125 125 125 125 125 125 125 125 125 125 125 125 125 125 125 
2005 82 82 82 82 82 82 82 82 82 82 82 82 82 82 82 82 82 82 82 82 82 82 82 82 82 82 82 82 82 82 
2006 98 98 98 98 98 98 98 98 98 98 98 98 98 98 98 98 98 98 98 98 98 98 98 98 98 98 98 98 98 98 
2008 89 89 89 89 89 89 89 89 89 89 89 89 89 89 89 89 89 89 89 89 89 89 89 89 89 89 89 89 89 89 
2009 97 97 97 97 97 97 97 97 97 97 97 97 97 97 97 97 97 97 97 97 97 97 97 97 97 97 97 97 97 97 
2010 143 143 143 143 143 143 143 143 143 143 143 143 143 143 143 143 143 143 143 143 143 143 143 143 143 143 143 143 143 143 
2011 129 129 129 129 129 129 129 129 129 129 129 129 129 129 129 129 129 129 129 129 129 129 129 129 129 129 129 129 129 129 
2014 67 67 67 67 67 67 67 67 67 67 67 67 67 67 67 67 67 67 67 67 67 67 67 67 67 67 67 67 67 67 
2016 79 79 79 79 79 79 79 79 79 79 79 79 79 79 79 79 79 79 79 79 79 79 79 79 79 79 79 79 79 79 
end_table

