@observation F_age_sim
ageing_error None 
cell_layer cells 
cells r1-c1 
max_age 30 
min_age 1 
normalise false 
plus_group true 
process_label Fishing 
likelihood ALN_total_F
type process_removals_by_age 
years 1992 1994 1995 1996 1997 1998 1999 2000 2001 2002 2003 2004 2005 2006 2008 2009 2010 2011 2014 2016 
table obs
1992 5007.91 11807.8 15415.2 13540.6 20671.2 13289.2 26136.4 22804.2 29781.7 46576.8 19649.5 20527.1 25144.6 18379 17961.1 8821.38 12938.2 9443.21 7985.72 1143.4 2594.68 180.454 1026.73 4850.29 896.461 137.216 105.221 614.47 217.232 2248.61 
1994 6198.88 6977.42 25767.8 41288.6 59540.4 28974.6 34151.2 24686.5 37165.3 40887.8 43239.2 53690.7 41726.7 32477 26338.2 21893.5 23389.5 13749.1 14949.4 11789.3 6270.06 2766.78 4435.09 775.171 2246 9222.22 1665.54 286.177 151.202 2613.99 
1995 4602.96 7859.24 22315.2 24014 44298.9 61400.7 42107.3 52201.5 33237 60660.9 26176.7 35860.2 52252.9 55720.2 41058 30531.3 21154.2 19103.2 17219.4 12327.1 7394.19 8624.97 2346.07 5045.79 733.375 1613.29 7086.52 1001.71 101.989 1868 
1996 4384.34 10289.5 25713.2 39251.6 70519.3 100408 69949.4 76362.2 77006 45582 52154.2 52681.1 34404 32650.4 24616.8 27525.8 23043.2 13067 9865.95 8585.11 7224.26 6490.13 5248.41 1720.72 4158.22 314.759 2033.63 6009.38 2192.99 4703.81 
1997 3980.01 9823.83 17826.1 55906 73379.5 110439 109381 53339.4 52061.4 39891.1 28582.7 22240.9 17853.8 15355.7 16033 19105.2 16578.1 16449.5 18380.5 11450 8214.73 5164.3 4493.64 2639.19 755.593 1996.03 240.492 869.033 4462.22 3923.75 
1998 2704.08 11453.1 18018.7 40197.1 63026.7 91765.8 91962.5 86954.6 41130.9 20052.3 14702.3 11273.9 9738.86 10887 5689.24 9985.5 9646.9 8446.47 8400.37 5681.82 5472.71 2396.8 1936.75 1614.73 1090.61 233.689 504.588 86.7839 583.437 3017.04 
1999 4719.8 5579.99 22644.4 43490.4 71178.5 111446 100954 141259 104918 45710.6 32009 37887.3 32030.4 27025.6 13241.8 12454.4 15033.7 14283.3 15338.8 16021.7 15533 10205.5 6558.28 7235.09 6051.49 3341.11 1500.93 2550.06 277.501 15982.5 
2000 5691.76 18102.4 18374.5 32359.4 38554.1 74545.5 64520.4 84945.8 88588.6 83214.2 39359.3 27666 19446.1 9866.68 15139.5 9151.9 5408.49 7212.66 6308.8 6947.67 4641.05 6523.08 3217.65 1948.68 2681.92 2851.26 1344.69 276.622 704.976 3555.35 
2001 9964.93 10088.7 24177.8 20533.2 33700.8 31964.5 56047.1 44632.2 66636.7 76611.8 69812.7 41658.6 17143.9 13174.3 8213.49 10987.3 5970.55 8179.56 10836.1 11765.5 6001.59 4606.58 4461.31 3579.95 3259.42 2706.97 2223.5 1847.86 246.358 2224.77 
2002 5100.72 4030.74 7282.34 14669.3 6740.26 14449.3 19881.8 43813.1 33137 36740.7 39207.2 35463.2 11605.5 4410.24 3577.15 2985.57 3461.14 2237.86 1344 1683.11 2208.46 3011.54 2300.84 2053.14 1501.36 901.458 733.958 433.45 307.912 1530.27 
2003 3682.69 22628.1 15729.5 12525.3 21422.9 11639.1 11432.3 13666 22664.2 34709.2 17826.1 24128.3 17572.8 6880.22 4071.26 3142.23 1463.76 1783.77 1658.28 1123.2 1147.16 1341.18 1587.12 833.252 900.924 752.143 831.319 453.686 303.397 1089.36 
2004 6137.76 13648.9 43787.2 15608 12745.4 41370.2 31206.3 48069.5 54339 69166.3 38951 37688.2 38201.5 35475.2 17771.6 7121.55 7715.02 3526.82 4168.29 2462.36 3051.11 4087.9 2890.5 3194.08 1649.96 1724.69 1034.2 996.022 784 2788.73 
2005 11179.8 27967.1 58502.8 150714 61682 66896.3 73020.9 44946.2 81532.7 45101 74539 90328.6 43944.7 68501.5 37308.1 10985.1 6000.22 5496.97 3027.25 3853.24 3653.21 3932.29 3622.03 2695.37 2447.32 2909.46 2849.14 2271.56 1241.18 3793.63 
2006 877.985 1642.04 7338.58 10437.9 18476.2 7702.52 4558.56 5077.57 2732.22 3060.29 3465.3 6537.37 5064.19 4281.08 2968.9 5843.83 2702.25 2115.52 956.151 885.008 421.066 549.851 476.586 972.205 365.555 593.785 343.155 319.048 104.787 787.049 
2008 930.874 1937.82 4905.17 4771.93 30166.7 39748.8 66143 14855.7 12254.4 22996.3 9245.4 7945.1 4052.48 5304.04 6726.32 5087.87 5223.78 4855.85 1790.33 727.999 1172.09 669.77 626.535 705.807 297.518 398.635 318.042 357.845 350.431 1559.81 
2009 4564.69 6334.99 18664.8 28406.1 21062 49807.2 60478.5 125000 29992.1 16867.3 18892.2 9324.63 11369.3 5192.53 6066.76 8958.92 6109.68 7087.56 7025.32 3014.58 885.495 1454.15 406.127 511.321 425.541 276.928 633.623 479.128 233.655 1510.54 
2010 1720.1 2928.85 3987.82 6845.85 5382.44 2852.5 9770.56 13900.1 18500 3629.33 2984.1 4989.87 1742.54 2117.05 1264.29 1915.54 1663.34 1693.82 1078.36 1995.77 521.963 223.355 440.416 232.41 229.901 112.17 89.539 170.448 70.4994 599.501 
2011 11536.2 20588.2 16950.2 19998 31701.9 22652.7 10029.3 15819.5 22769 23586 7216.87 4764.2 8626.16 5034.3 4852.44 4088.44 4865.62 4894.65 3072.33 3701.24 2059.53 644.647 483.593 405.997 28.3187 202.821 87.9958 277.479 346.648 1085.94 
2014 989.955 475.798 1381.36 4297.62 5600.95 6813.16 3605.86 3869.8 5872.8 2664.54 3500.01 2823.1 4220.94 745.142 512.458 568.386 424.952 546.723 830.977 379.258 411.142 223.784 232.467 247.924 190.599 180.943 21.4838 4.89091 42.9074 98.9384 
2016 620.483 390.04 5263.34 2468.61 9081.59 12173.2 8589.67 6752.17 5397.16 7537.78 5516.1 1713.75 3260.62 2132.96 2778.28 1033.41 842.649 577.388 425.729 689.074 471.637 656.021 416.314 317.251 122.377 520.777 251.089 124.123 142.382 406.563 
end_table
table error_values
1992 81 81 81 81 81 81 81 81 81 81 81 81 81 81 81 81 81 81 81 81 81 81 81 81 81 81 81 81 81 81 
1994 45 45 45 45 45 45 45 45 45 45 45 45 45 45 45 45 45 45 45 45 45 45 45 45 45 45 45 45 45 45 
1995 133 133 133 133 133 133 133 133 133 133 133 133 133 133 133 133 133 133 133 133 133 133 133 133 133 133 133 133 133 133 
1996 82 82 82 82 82 82 82 82 82 82 82 82 82 82 82 82 82 82 82 82 82 82 82 82 82 82 82 82 82 82 
1997 79 79 79 79 79 79 79 79 79 79 79 79 79 79 79 79 79 79 79 79 79 79 79 79 79 79 79 79 79 79 
1998 135 135 135 135 135 135 135 135 135 135 135 135 135 135 135 135 135 135 135 135 135 135 135 135 135 135 135 135 135 135 
1999 120 120 120 120 120 120 120 120 120 120 120 120 120 120 120 120 120 120 120 120 120 120 120 120 120 120 120 120 120 120 
2000 119 119 119 119 119 119 119 119 119 119 119 119 119 119 119 119 119 119 119 119 119 119 119 119 119 119 119 119 119 119 
2001 101 101 101 101 101 101 101 101 101 101 101 101 101 101 101 101 101 101 101 101 101 101 101 101 101 101 101 101 101 101 
2002 96 96 96 96 96 96 96 96 96 96 96 96 96 96 96 96 96 96 96 96 96 96 96 96 96 96 96 96 96 96 
2003 107 107 107 107 107 107 107 107 107 107 107 107 107 107 107 107 107 107 107 107 107 107 107 107 107 107 107 107 107 107 
2004 125 125 125 125 125 125 125 125 125 125 125 125 125 125 125 125 125 125 125 125 125 125 125 125 125 125 125 125 125 125 
2005 82 82 82 82 82 82 82 82 82 82 82 82 82 82 82 82 82 82 82 82 82 82 82 82 82 82 82 82 82 82 
2006 98 98 98 98 98 98 98 98 98 98 98 98 98 98 98 98 98 98 98 98 98 98 98 98 98 98 98 98 98 98 
2008 89 89 89 89 89 89 89 89 89 89 89 89 89 89 89 89 89 89 89 89 89 89 89 89 89 89 89 89 89 89 
2009 97 97 97 97 97 97 97 97 97 97 97 97 97 97 97 97 97 97 97 97 97 97 97 97 97 97 97 97 97 97 
2010 143 143 143 143 143 143 143 143 143 143 143 143 143 143 143 143 143 143 143 143 143 143 143 143 143 143 143 143 143 143 
2011 129 129 129 129 129 129 129 129 129 129 129 129 129 129 129 129 129 129 129 129 129 129 129 129 129 129 129 129 129 129 
2014 67 67 67 67 67 67 67 67 67 67 67 67 67 67 67 67 67 67 67 67 67 67 67 67 67 67 67 67 67 67 
2016 79 79 79 79 79 79 79 79 79 79 79 79 79 79 79 79 79 79 79 79 79 79 79 79 79 79 79 79 79 79 
end_table

