@observation F_age_sim
ageing_error None 
cell_layer cells 
cells r1-c1 
max_age 30 
min_age 1 
normalise false 
plus_group true 
process_label Fishing 
likelihood ALN_total_F
type process_removals_by_age 
years 1992 1994 1995 1996 1997 1998 1999 2000 2001 2002 2003 2004 2005 2006 2008 2009 2010 2011 2014 2016 
table obs
1992 0.00802015 0.0230823 0.0184604 0.0455266 0.0909356 0.0734909 0.0889115 0.0758989 0.0493689 0.0707169 0.0951422 0.0782949 0.0427569 0.0560298 0.0546606 0.0278602 0.0263434 0.0231075 0.0130769 0.00302136 0.00660557 0.000533314 0.00354072 0.00999119 0.0042973 0.00064893 0.000423856 0.0011461 0.000538281 0.00756875 
1994 0.00739287 0.0141358 0.0316736 0.0653872 0.0494104 0.0566028 0.102043 0.0802961 0.0892792 0.054786 0.0405465 0.0510876 0.0344328 0.0353814 0.0473069 0.0424071 0.0467717 0.0403766 0.0281371 0.0166138 0.0082877 0.00326356 0.0108767 0.00176315 0.00594535 0.0232413 0.0035141 0.000624173 0.000663829 0.00775174 
1995 0.00608488 0.0145095 0.0324913 0.0601718 0.117539 0.102137 0.0747224 0.110702 0.061026 0.0443821 0.0354009 0.0302761 0.0670168 0.0411277 0.0249839 0.0285116 0.0356026 0.0245608 0.0202914 0.0193982 0.0106905 0.00533488 0.0023399 0.00464517 0.0011802 0.002781 0.0134453 0.00268315 0.000274817 0.00568937 
1996 0.00924999 0.0198757 0.0474059 0.0673938 0.128578 0.156985 0.0869001 0.0561429 0.0778333 0.0540882 0.0334888 0.0252244 0.0192888 0.0425499 0.0340834 0.0237052 0.0190864 0.0176518 0.0194879 0.012518 0.0124654 0.0149427 0.00651365 0.00202483 0.00251715 0.00036133 0.00143044 0.0044934 0.00104243 0.00267046 
1997 0.00483733 0.0105355 0.0318034 0.0755059 0.107733 0.146976 0.153477 0.0875572 0.0407799 0.0541551 0.0374746 0.0355609 0.0275512 0.01397 0.0205512 0.0271233 0.0238273 0.0203366 0.0123623 0.0173329 0.015327 0.00996228 0.00598337 0.00446296 0.00118142 0.00253729 0.000233309 0.0015706 0.00522299 0.00406888 
1998 0.00531615 0.0181547 0.025458 0.0632102 0.0685248 0.120693 0.153966 0.160693 0.0784358 0.0456139 0.0402914 0.0219306 0.0294525 0.0202773 0.0243579 0.0266751 0.020057 0.020003 0.0182341 0.0122335 0.00646457 0.00394496 0.00266165 0.00296719 0.0019745 0.000481846 0.00116055 0.000199421 0.00125475 0.00531282 
1999 0.0113843 0.00490648 0.0165592 0.0528938 0.0986837 0.0875519 0.0719288 0.0947933 0.1199 0.0854159 0.0518173 0.0703617 0.0218302 0.0245392 0.0125888 0.0147759 0.0228514 0.0343143 0.0183557 0.0205658 0.0157753 0.00894768 0.0106791 0.00589398 0.00479961 0.00414338 0.00166035 0.0014055 0.000250658 0.010427 
2000 0.00402874 0.0211555 0.0210593 0.0474148 0.0720938 0.105268 0.151895 0.112073 0.139935 0.0880587 0.0476409 0.024942 0.0177093 0.00912894 0.0107693 0.0139643 0.010397 0.0216706 0.0136886 0.00919024 0.00816116 0.00981944 0.00652313 0.00622624 0.003942 0.0036133 0.00304198 0.000981314 0.00160793 0.0140011 
2001 0.00743697 0.0110199 0.0257533 0.0223084 0.0464723 0.0503874 0.0919025 0.146524 0.0903436 0.112012 0.143049 0.064977 0.0433216 0.0284253 0.0126358 0.0131789 0.0104921 0.0075169 0.0130537 0.0126177 0.0119244 0.00904259 0.00565275 0.00385283 0.0024976 0.00277696 0.00218214 0.00337902 0.000471304 0.0047926 
2002 0.0527315 0.0205583 0.0231869 0.0385176 0.0441694 0.0424215 0.052066 0.0884043 0.0898987 0.0725947 0.0924874 0.104143 0.039016 0.034975 0.0422007 0.0221847 0.0254474 0.0164358 0.0151867 0.0145788 0.013282 0.0110758 0.0108488 0.00664978 0.00696057 0.00478418 0.00516788 0.00296977 0.00108318 0.00597415 
2003 0.017811 0.0399924 0.0234749 0.0253576 0.0612252 0.0416612 0.087997 0.0618693 0.0540541 0.131388 0.111404 0.115864 0.0913445 0.0264266 0.0160063 0.0145994 0.00726212 0.00997443 0.00650575 0.00478525 0.00588864 0.0045124 0.00842361 0.008573 0.00401938 0.00479927 0.00288926 0.00274276 0.00165112 0.00749799 
2004 0.010262 0.0175286 0.0437729 0.0274175 0.0367562 0.0631532 0.0600312 0.0789569 0.115604 0.0968847 0.12313 0.0672698 0.0889246 0.0665911 0.0287728 0.0130852 0.0108652 0.00423847 0.00488772 0.00390183 0.0032933 0.0055987 0.00486723 0.00376941 0.00313241 0.00350885 0.00256379 0.00212214 0.00198421 0.00712547 
2005 0.00744864 0.0278373 0.0674869 0.261815 0.102492 0.0582542 0.092263 0.0274987 0.0412602 0.0407265 0.0380471 0.0554748 0.0417739 0.0281364 0.0330783 0.0164354 0.0103377 0.0117165 0.00442572 0.00470743 0.00224645 0.00174191 0.003639 0.00338267 0.00328545 0.00329928 0.00233955 0.00225879 0.00113428 0.00545697 
2006 0.00514689 0.00947908 0.0257683 0.103604 0.177301 0.142465 0.0968913 0.118434 0.0518437 0.0462374 0.033137 0.0358562 0.0212155 0.0286308 0.0229884 0.0280986 0.0143483 0.00669436 0.00654981 0.00256038 0.00168999 0.00275664 0.00258865 0.00480259 0.00131925 0.00251642 0.00168132 0.00132333 0.00036022 0.00371132 
2008 0.00796348 0.0197632 0.0279421 0.025782 0.0473752 0.0843941 0.210184 0.11159 0.0960094 0.0567636 0.0307515 0.0361502 0.0390158 0.0360672 0.0463877 0.0408523 0.0196665 0.0167408 0.0121933 0.00350638 0.00705575 0.00469269 0.00254238 0.00199926 0.00119063 0.00325699 0.00202702 0.00202244 0.00125916 0.00485515 
2009 0.0186532 0.0373143 0.0594698 0.0628481 0.0472634 0.0995091 0.136604 0.255608 0.0729171 0.0343955 0.0516099 0.01651 0.0122127 0.00891014 0.0132907 0.0138332 0.0117168 0.0109971 0.0077366 0.00679957 0.00408718 0.00387417 0.00205906 0.0018038 0.00144716 0.000977506 0.0014337 0.00114089 0.000657406 0.00432031 
2010 0.0243022 0.0340243 0.0332039 0.0622039 0.0608344 0.0521434 0.123356 0.197617 0.196082 0.0457905 0.0282528 0.0258785 0.00928342 0.0174588 0.0115818 0.0205932 0.0103706 0.0105963 0.00731252 0.0103612 0.00514401 0.00280279 0.00397388 0.00187821 0.00122408 0.000529069 0.000409874 0.000796229 0.000293739 0.001701 
2011 0.0324673 0.071153 0.0638912 0.0653864 0.124989 0.0956253 0.0370631 0.106532 0.0789777 0.185585 0.0316957 0.024008 0.0142073 0.0082794 0.00914757 0.00830418 0.00675094 0.0104822 0.00514199 0.00383635 0.00613033 0.00329787 0.00132108 0.000841649 0.000102387 0.000669582 0.000249912 0.000568603 0.00079448 0.00250102 
2014 0.0186458 0.0118879 0.0386775 0.1089 0.0940526 0.0869333 0.0632004 0.107966 0.0694164 0.0420549 0.0860459 0.0940686 0.0661999 0.0226247 0.0104831 0.00844214 0.00722513 0.00735496 0.0106822 0.0105713 0.00771699 0.00490429 0.00664662 0.00404955 0.00232513 0.00307279 0.000486186 0.000159128 0.00137736 0.00382965 
2016 0.00395181 0.0033776 0.028042 0.0289836 0.0761565 0.254829 0.202254 0.0947092 0.0438733 0.0460625 0.0343661 0.0158307 0.0416929 0.0389689 0.0351099 0.0102307 0.00637531 0.00388585 0.00215643 0.00405347 0.00306643 0.00460366 0.00404443 0.00400079 0.00113491 0.00275584 0.00149205 0.00053923 0.00083997 0.00261278 
end_table
table error_values
1992 81 81 81 81 81 81 81 81 81 81 81 81 81 81 81 81 81 81 81 81 81 81 81 81 81 81 81 81 81 81 
1994 45 45 45 45 45 45 45 45 45 45 45 45 45 45 45 45 45 45 45 45 45 45 45 45 45 45 45 45 45 45 
1995 133 133 133 133 133 133 133 133 133 133 133 133 133 133 133 133 133 133 133 133 133 133 133 133 133 133 133 133 133 133 
1996 82 82 82 82 82 82 82 82 82 82 82 82 82 82 82 82 82 82 82 82 82 82 82 82 82 82 82 82 82 82 
1997 79 79 79 79 79 79 79 79 79 79 79 79 79 79 79 79 79 79 79 79 79 79 79 79 79 79 79 79 79 79 
1998 135 135 135 135 135 135 135 135 135 135 135 135 135 135 135 135 135 135 135 135 135 135 135 135 135 135 135 135 135 135 
1999 120 120 120 120 120 120 120 120 120 120 120 120 120 120 120 120 120 120 120 120 120 120 120 120 120 120 120 120 120 120 
2000 119 119 119 119 119 119 119 119 119 119 119 119 119 119 119 119 119 119 119 119 119 119 119 119 119 119 119 119 119 119 
2001 101 101 101 101 101 101 101 101 101 101 101 101 101 101 101 101 101 101 101 101 101 101 101 101 101 101 101 101 101 101 
2002 96 96 96 96 96 96 96 96 96 96 96 96 96 96 96 96 96 96 96 96 96 96 96 96 96 96 96 96 96 96 
2003 107 107 107 107 107 107 107 107 107 107 107 107 107 107 107 107 107 107 107 107 107 107 107 107 107 107 107 107 107 107 
2004 125 125 125 125 125 125 125 125 125 125 125 125 125 125 125 125 125 125 125 125 125 125 125 125 125 125 125 125 125 125 
2005 82 82 82 82 82 82 82 82 82 82 82 82 82 82 82 82 82 82 82 82 82 82 82 82 82 82 82 82 82 82 
2006 98 98 98 98 98 98 98 98 98 98 98 98 98 98 98 98 98 98 98 98 98 98 98 98 98 98 98 98 98 98 
2008 89 89 89 89 89 89 89 89 89 89 89 89 89 89 89 89 89 89 89 89 89 89 89 89 89 89 89 89 89 89 
2009 97 97 97 97 97 97 97 97 97 97 97 97 97 97 97 97 97 97 97 97 97 97 97 97 97 97 97 97 97 97 
2010 143 143 143 143 143 143 143 143 143 143 143 143 143 143 143 143 143 143 143 143 143 143 143 143 143 143 143 143 143 143 
2011 129 129 129 129 129 129 129 129 129 129 129 129 129 129 129 129 129 129 129 129 129 129 129 129 129 129 129 129 129 129 
2014 67 67 67 67 67 67 67 67 67 67 67 67 67 67 67 67 67 67 67 67 67 67 67 67 67 67 67 67 67 67 
2016 79 79 79 79 79 79 79 79 79 79 79 79 79 79 79 79 79 79 79 79 79 79 79 79 79 79 79 79 79 79 
end_table

