@observation F_age_sim
ageing_error None 
cell_layer cells 
cells r1-c1 
max_age 30 
min_age 1 
normalise false 
plus_group true 
process_label Fishing 
likelihood ALN_total_F
type process_removals_by_age 
years 1992 1994 1995 1996 1997 1998 1999 2000 2001 2002 2003 2004 2005 2006 2008 2009 2010 2011 2014 2016 
table obs
1992 0.0126771 0.044125 0.0510521 0.0538253 0.0425626 0.0252749 0.0401891 0.0513181 0.0427241 0.126707 0.13546 0.0911689 0.0732265 0.0426934 0.0622138 0.0199801 0.0176515 0.0114034 0.0182703 0.00405951 0.00888525 0.000598423 0.00251466 0.0110573 0.00313229 0.000480096 0.000210129 0.000486319 0.000226605 0.00582603 
1994 0.0106424 0.0122089 0.0252179 0.0481922 0.0505831 0.0454259 0.0823809 0.0677366 0.0876664 0.0786774 0.0329867 0.0969332 0.0781987 0.0612335 0.0410542 0.041222 0.0305419 0.017076 0.0200347 0.0129897 0.0097728 0.00321926 0.0126271 0.00133966 0.0036848 0.0167927 0.0047104 0.000667648 0.000419582 0.00576381 
1995 0.0104589 0.0177598 0.0383319 0.0682632 0.126297 0.0656144 0.0504781 0.0641036 0.0845148 0.0583509 0.0477353 0.04487 0.0635384 0.0424807 0.0413377 0.0365822 0.0280166 0.0222509 0.0312202 0.0155025 0.00865162 0.00906112 0.00204877 0.00420841 0.000641342 0.00156579 0.0102206 0.00230552 0.00024299 0.00334679 
1996 0.00548396 0.0220757 0.045483 0.0824887 0.0961313 0.172076 0.122295 0.066748 0.0576422 0.051006 0.0383972 0.0258384 0.0174578 0.0504174 0.029956 0.0274154 0.0157538 0.0191421 0.0115827 0.00744367 0.00985816 0.0054405 0.00526581 0.00100695 0.00270565 0.000372685 0.00167024 0.0056062 0.0011623 0.00207718 
1997 0.00482245 0.0107794 0.023471 0.0475381 0.088732 0.137194 0.176231 0.10168 0.0958362 0.0866728 0.0446824 0.0346621 0.0195151 0.0132463 0.0141999 0.0169294 0.0179415 0.0119179 0.0111854 0.00783115 0.00606501 0.00565229 0.00494646 0.00271843 0.000891004 0.00197137 0.000257109 0.000980905 0.00558766 0.00586185 
1998 0.00573101 0.014341 0.0207453 0.0472705 0.0601395 0.0774278 0.235225 0.150773 0.058646 0.038749 0.0654406 0.0280853 0.0233995 0.0164968 0.0210951 0.0238276 0.0225844 0.0177727 0.0153241 0.00893956 0.0111847 0.00593671 0.00625709 0.00526717 0.00455753 0.00144092 0.00264335 0.000356922 0.00160152 0.00874086 
1999 0.00874819 0.0106689 0.0150064 0.0435954 0.0746773 0.110708 0.0858673 0.120077 0.121396 0.0751946 0.052908 0.0462616 0.0377119 0.0334394 0.0198899 0.0139135 0.0250474 0.02277 0.0116894 0.0115805 0.00819552 0.00815103 0.0101901 0.00741852 0.00623308 0.00634067 0.00119051 0.00171307 0.00022768 0.00918965 
2000 0.00425598 0.0141631 0.0130087 0.0253699 0.0345239 0.0603917 0.105457 0.117651 0.154409 0.151463 0.10103 0.0364884 0.0626523 0.0232273 0.0231418 0.013766 0.00758293 0.0106832 0.0094943 0.00643783 0.00548257 0.00462551 0.00340119 0.00225609 0.00237363 0.00204353 0.00143746 0.000358096 0.000509482 0.00231453 
2001 0.0120558 0.0117016 0.0334475 0.0235261 0.0528613 0.0744741 0.111731 0.130785 0.0947329 0.111292 0.0941701 0.0321256 0.0379452 0.0262257 0.010948 0.0142893 0.00925106 0.00900529 0.026483 0.0206164 0.0159439 0.0116466 0.00680886 0.00840458 0.00378197 0.00456184 0.00298092 0.00287685 0.000328836 0.00499827 
2002 0.0209681 0.0189629 0.0231167 0.0623611 0.0572653 0.0765025 0.0936647 0.156572 0.0985506 0.0791675 0.0709712 0.0700186 0.0333169 0.0111945 0.020711 0.0175352 0.0138871 0.00808375 0.00430014 0.00639497 0.0102708 0.0109007 0.00870937 0.00467028 0.0047086 0.00325146 0.00379988 0.00246737 0.000828729 0.00684763 
2003 0.0209223 0.0766288 0.0479189 0.0630585 0.0909163 0.0436809 0.0758009 0.056642 0.0963644 0.0796106 0.073538 0.0582454 0.0676561 0.0338159 0.0218611 0.0195098 0.00809245 0.00759935 0.0112572 0.00402111 0.00787182 0.00528114 0.00562068 0.00432202 0.00484507 0.00346148 0.0015172 0.00157821 0.00148782 0.00687423 
2004 0.00928385 0.0330814 0.0997342 0.0351954 0.0357001 0.0627888 0.0566756 0.0930672 0.103221 0.110223 0.0772742 0.0354371 0.0488397 0.0691232 0.020955 0.0119305 0.0137741 0.00737203 0.00735182 0.00654537 0.00637943 0.00796442 0.0072256 0.00975794 0.00473678 0.00665887 0.00256447 0.00300676 0.00240426 0.0117276 
2005 0.0119237 0.0273711 0.0459544 0.160203 0.0857837 0.0621798 0.0974741 0.0526334 0.0857578 0.0527143 0.0578092 0.0689231 0.0408465 0.0278033 0.0328248 0.0152268 0.0117282 0.0119257 0.00730431 0.00472862 0.00319318 0.00254803 0.00482002 0.00530095 0.00465813 0.00276883 0.0022376 0.00272598 0.00171679 0.00891483 
2006 0.0107151 0.00995471 0.0308702 0.0679054 0.130369 0.0345925 0.0542835 0.0986674 0.043315 0.0624101 0.0352731 0.0326285 0.0459312 0.07114 0.0823673 0.0728403 0.0383016 0.0163021 0.0166812 0.00558003 0.00515563 0.00394641 0.00299802 0.00740701 0.00206744 0.00354505 0.00378977 0.00214243 0.00103949 0.00777998 
2008 0.0131282 0.022895 0.038382 0.0407871 0.0749847 0.0759443 0.192072 0.072399 0.0521517 0.0774433 0.0396139 0.0562744 0.0251857 0.0188287 0.0385139 0.0574518 0.0211267 0.0268602 0.0145239 0.00530842 0.0066978 0.00327393 0.00266914 0.00277034 0.00178022 0.00338807 0.00261253 0.00391165 0.00201206 0.00700962 
2009 0.0174815 0.0233065 0.0689515 0.0907097 0.0678119 0.114883 0.101107 0.146455 0.0434005 0.0457761 0.0429833 0.021724 0.0433226 0.0195252 0.0180145 0.0234179 0.0206544 0.0180454 0.0250919 0.0158635 0.00431691 0.0055507 0.00265583 0.0021847 0.00201766 0.0015347 0.00309798 0.00145514 0.00156662 0.00709393 
2010 0.0265604 0.0218869 0.0367764 0.0698973 0.0824559 0.0650264 0.0967622 0.148891 0.185809 0.0601568 0.0289818 0.033947 0.0148709 0.0290548 0.0090507 0.0166134 0.010709 0.014039 0.00872936 0.0130438 0.00567119 0.00235542 0.00457739 0.00280089 0.00204862 0.000804907 0.00088153 0.00170674 0.00078527 0.00510565 
2011 0.0281185 0.0486957 0.0498622 0.0629401 0.171703 0.101363 0.0538828 0.133184 0.110405 0.0944679 0.029495 0.0137998 0.0147179 0.0107581 0.0116955 0.0110193 0.0101223 0.00871289 0.00699354 0.00690186 0.00586882 0.00383489 0.00343555 0.00186253 0.000156756 0.00100797 0.000424096 0.00104928 0.00116321 0.0023596 
2014 0.0254075 0.0174417 0.0528587 0.169094 0.0937915 0.100336 0.0857436 0.0896161 0.0582058 0.0281997 0.054202 0.0551842 0.0738528 0.0190082 0.00929538 0.00753449 0.00856193 0.00849248 0.00648368 0.00507241 0.00624961 0.00650865 0.00603602 0.00462388 0.00294248 0.00271333 0.00027958 7.13404e-05 0.000623615 0.0015688 
2016 0.00642816 0.0042288 0.10168 0.0331951 0.0853355 0.143127 0.169755 0.134407 0.0514451 0.0641444 0.0356689 0.0162235 0.0290433 0.0300175 0.0393638 0.0142787 0.00719409 0.00378869 0.00155281 0.0029424 0.00272969 0.00586132 0.00417614 0.00366751 0.000949308 0.0021183 0.00120047 0.001167 0.00175126 0.00255862 
end_table
table error_values
1992 81 81 81 81 81 81 81 81 81 81 81 81 81 81 81 81 81 81 81 81 81 81 81 81 81 81 81 81 81 81 
1994 45 45 45 45 45 45 45 45 45 45 45 45 45 45 45 45 45 45 45 45 45 45 45 45 45 45 45 45 45 45 
1995 133 133 133 133 133 133 133 133 133 133 133 133 133 133 133 133 133 133 133 133 133 133 133 133 133 133 133 133 133 133 
1996 82 82 82 82 82 82 82 82 82 82 82 82 82 82 82 82 82 82 82 82 82 82 82 82 82 82 82 82 82 82 
1997 79 79 79 79 79 79 79 79 79 79 79 79 79 79 79 79 79 79 79 79 79 79 79 79 79 79 79 79 79 79 
1998 135 135 135 135 135 135 135 135 135 135 135 135 135 135 135 135 135 135 135 135 135 135 135 135 135 135 135 135 135 135 
1999 120 120 120 120 120 120 120 120 120 120 120 120 120 120 120 120 120 120 120 120 120 120 120 120 120 120 120 120 120 120 
2000 119 119 119 119 119 119 119 119 119 119 119 119 119 119 119 119 119 119 119 119 119 119 119 119 119 119 119 119 119 119 
2001 101 101 101 101 101 101 101 101 101 101 101 101 101 101 101 101 101 101 101 101 101 101 101 101 101 101 101 101 101 101 
2002 96 96 96 96 96 96 96 96 96 96 96 96 96 96 96 96 96 96 96 96 96 96 96 96 96 96 96 96 96 96 
2003 107 107 107 107 107 107 107 107 107 107 107 107 107 107 107 107 107 107 107 107 107 107 107 107 107 107 107 107 107 107 
2004 125 125 125 125 125 125 125 125 125 125 125 125 125 125 125 125 125 125 125 125 125 125 125 125 125 125 125 125 125 125 
2005 82 82 82 82 82 82 82 82 82 82 82 82 82 82 82 82 82 82 82 82 82 82 82 82 82 82 82 82 82 82 
2006 98 98 98 98 98 98 98 98 98 98 98 98 98 98 98 98 98 98 98 98 98 98 98 98 98 98 98 98 98 98 
2008 89 89 89 89 89 89 89 89 89 89 89 89 89 89 89 89 89 89 89 89 89 89 89 89 89 89 89 89 89 89 
2009 97 97 97 97 97 97 97 97 97 97 97 97 97 97 97 97 97 97 97 97 97 97 97 97 97 97 97 97 97 97 
2010 143 143 143 143 143 143 143 143 143 143 143 143 143 143 143 143 143 143 143 143 143 143 143 143 143 143 143 143 143 143 
2011 129 129 129 129 129 129 129 129 129 129 129 129 129 129 129 129 129 129 129 129 129 129 129 129 129 129 129 129 129 129 
2014 67 67 67 67 67 67 67 67 67 67 67 67 67 67 67 67 67 67 67 67 67 67 67 67 67 67 67 67 67 67 
2016 79 79 79 79 79 79 79 79 79 79 79 79 79 79 79 79 79 79 79 79 79 79 79 79 79 79 79 79 79 79 
end_table

