@observation F_age_sim
ageing_error None 
cell_layer cells 
cells r1-c1 
max_age 30 
min_age 1 
normalise false 
plus_group true 
process_label Fishing 
likelihood ALN_total_F
type process_removals_by_age 
years 1992 1994 1995 1996 1997 1998 1999 2000 2001 2002 2003 2004 2005 2006 2008 2009 2010 2011 2014 2016 
table obs
1992 0.0136035 0.0274471 0.027149 0.0246462 0.0683589 0.0585136 0.0918557 0.0553687 0.0631283 0.0913002 0.0870115 0.047122 0.0714358 0.0576097 0.0481925 0.03639 0.0271539 0.0244728 0.0184561 0.00294713 0.00724498 0.000541082 0.00527465 0.0272972 0.00671176 0.000909883 0.000371516 0.000953362 0.000464023 0.00806895 
1994 0.00599848 0.00851595 0.0257038 0.0594129 0.0453069 0.0578107 0.127393 0.0903345 0.0796091 0.0427111 0.0658319 0.0829961 0.0488299 0.0411417 0.0422869 0.040507 0.0290761 0.0308471 0.0173759 0.0119784 0.00789123 0.00153728 0.00400704 0.000883695 0.00409295 0.0161496 0.00465393 0.000359174 0.00034818 0.00640878 
1995 0.00619236 0.0146452 0.0240544 0.05194 0.147963 0.118696 0.0641904 0.0712353 0.0431903 0.0492951 0.0420901 0.0422686 0.0635171 0.0422387 0.0455451 0.0313779 0.0210001 0.0200867 0.0330854 0.019982 0.00833927 0.00635415 0.00125421 0.00294415 0.000991188 0.00250602 0.0174471 0.00297565 0.000259795 0.0043345 
1996 0.00601568 0.0153824 0.0392551 0.0649031 0.1538 0.158538 0.0910968 0.0545113 0.0337798 0.036724 0.0496844 0.035064 0.0264805 0.0382649 0.03501 0.03216 0.0201465 0.0154491 0.0218706 0.015005 0.0134925 0.00694842 0.00798913 0.00214084 0.00560609 0.000539087 0.00235148 0.0121167 0.00263121 0.00304313 
1997 0.00581772 0.0112118 0.0215215 0.0726014 0.114127 0.137684 0.183531 0.0954475 0.0479578 0.0541127 0.0279001 0.0354361 0.0200433 0.0223702 0.0300115 0.0269642 0.0171722 0.0157667 0.0102947 0.0108205 0.010435 0.0103053 0.00664021 0.00280286 0.000538155 0.000884968 0.000105777 0.00061773 0.00373901 0.00313911 
1998 0.00534243 0.0193367 0.0279097 0.0565888 0.104241 0.1406 0.114805 0.168582 0.0843758 0.0430645 0.0402699 0.0292578 0.0221856 0.0195131 0.0144676 0.0201144 0.018946 0.015654 0.0100723 0.00796088 0.00770041 0.00698306 0.00536756 0.00487129 0.00418479 0.000538183 0.00169981 0.000125775 0.000876878 0.00436422 
1999 0.0058314 0.00852884 0.0228129 0.0436677 0.0622173 0.13115 0.125591 0.160189 0.153614 0.0643835 0.0431142 0.0288705 0.0126473 0.0120868 0.00939354 0.0125444 0.0205835 0.0146844 0.0145181 0.0114679 0.00765473 0.00834356 0.00652678 0.00362735 0.00251172 0.00351847 0.00105633 0.00147963 0.000155508 0.00722962 
2000 0.0073049 0.0225997 0.0193306 0.0367965 0.040659 0.0684371 0.0958011 0.128039 0.159365 0.14202 0.0620468 0.0306414 0.0318339 0.0166946 0.0177484 0.0207833 0.0127922 0.0200246 0.0157992 0.00955361 0.00801031 0.00708245 0.00577594 0.0046626 0.00353733 0.00234995 0.00252602 0.000771684 0.000778504 0.00623418 
2001 0.00947324 0.00858678 0.0238478 0.0216309 0.0747071 0.0970654 0.0994863 0.103464 0.0838256 0.0994339 0.111137 0.0476613 0.0234563 0.0225162 0.0128272 0.0353282 0.0172466 0.0137431 0.0204105 0.0200561 0.0129623 0.00879582 0.00616759 0.00528201 0.00296809 0.00305823 0.00197505 0.00498539 0.000643012 0.00725945 
2002 0.0507945 0.0186295 0.0237703 0.0494178 0.0321686 0.0493365 0.072943 0.0935236 0.0972927 0.0916696 0.115052 0.0926179 0.0546051 0.0286322 0.0227213 0.00759111 0.010009 0.00921717 0.00931763 0.0111341 0.00738117 0.00601033 0.00516667 0.0065175 0.00723112 0.00326851 0.0059436 0.00435733 0.00198508 0.0116943 
2003 0.0244804 0.0743338 0.043926 0.0326478 0.0489718 0.0271478 0.060941 0.0980537 0.126231 0.0982342 0.0677485 0.0739415 0.0713661 0.0416575 0.0198462 0.0242181 0.015246 0.0126128 0.00578472 0.00371249 0.00489361 0.00294742 0.00308436 0.0025309 0.00236551 0.00445026 0.00284569 0.00118174 0.000709024 0.00388996 
2004 0.0161289 0.0297063 0.112421 0.0631735 0.0521981 0.0939826 0.0519899 0.0774411 0.0469633 0.0775033 0.0631875 0.0605479 0.0725493 0.0706809 0.0276835 0.0103418 0.0116271 0.00399921 0.00871432 0.00616617 0.00342782 0.00641858 0.00438856 0.00445061 0.00441971 0.00320434 0.00319896 0.00384467 0.0020424 0.00759844 
2005 0.00834129 0.0299881 0.0561277 0.190578 0.0871222 0.0626037 0.0710274 0.05433 0.0589694 0.0548125 0.0631032 0.0402455 0.0524694 0.0547952 0.0437288 0.0137918 0.00831873 0.00655868 0.00493552 0.0053484 0.00359934 0.00299707 0.00517384 0.00484165 0.00234734 0.00275638 0.0024832 0.00178201 0.00206558 0.00475756 
2006 0.0145835 0.0205137 0.0510568 0.10783 0.187195 0.0683595 0.106876 0.10826 0.054783 0.0379933 0.0230778 0.0432898 0.0288523 0.0205546 0.0301391 0.0307625 0.0188607 0.00831212 0.00537545 0.00353237 0.00294546 0.00223627 0.00309457 0.00606452 0.00178493 0.00335876 0.00220896 0.00169637 0.000702889 0.00569958 
2008 0.00613233 0.017213 0.0205885 0.0227036 0.100263 0.153315 0.245251 0.0730213 0.036287 0.0523984 0.0229559 0.0262139 0.0226647 0.0423312 0.0331081 0.0404245 0.0301576 0.0184834 0.0109177 0.00479042 0.00470773 0.00326492 0.00222503 0.00167222 0.000768225 0.00129065 0.000846615 0.00112152 0.000856487 0.00402649 
2009 0.014349 0.0251563 0.0456709 0.0534145 0.0394857 0.0852898 0.111356 0.235637 0.0635417 0.0429749 0.0654975 0.0283692 0.0384119 0.0194999 0.030844 0.0318783 0.0154916 0.0148728 0.0141802 0.00780362 0.00187001 0.00252596 0.00111631 0.00157341 0.000900504 0.000644973 0.00229953 0.00155813 0.000819813 0.00296652 
2010 0.035591 0.0483502 0.0435228 0.0806591 0.055396 0.08135 0.134078 0.0814254 0.152281 0.0794723 0.0388564 0.0367234 0.0134247 0.0232191 0.0132448 0.0231952 0.0124495 0.00790386 0.00879313 0.0114258 0.00430655 0.00283094 0.00283955 0.00140706 0.00128943 0.000549026 0.000704444 0.00149551 0.000419941 0.00279564 
2011 0.0367683 0.0451642 0.0546906 0.0601729 0.144469 0.124746 0.102685 0.10329 0.0858595 0.108947 0.0290635 0.0178321 0.0172733 0.00838146 0.00641376 0.00450385 0.00750435 0.00901063 0.00623483 0.00442195 0.00538458 0.00387418 0.00203106 0.00278441 0.000260924 0.00131417 0.00044398 0.000920162 0.00166564 0.0038893 
2014 0.0271653 0.0105507 0.0337241 0.141383 0.0970691 0.0575374 0.0477817 0.0447387 0.0741012 0.0523179 0.0975251 0.0865169 0.106886 0.0352539 0.0189108 0.0158693 0.0104041 0.00792504 0.00844144 0.00672792 0.00363593 0.00374711 0.00369136 0.00172924 0.00133436 0.00140233 0.00053637 0.000114888 0.000838057 0.00224134 
2016 0.00864036 0.005187 0.0778635 0.0317228 0.0714167 0.184627 0.178576 0.0692665 0.0444455 0.0591758 0.0691794 0.0270564 0.0475382 0.0296505 0.0378259 0.0156189 0.00864903 0.00377038 0.00220332 0.00350197 0.0020096 0.00463851 0.00351599 0.00377796 0.00153014 0.00258316 0.00149656 0.000920634 0.00110655 0.00250523 
end_table
table error_values
1992 81 81 81 81 81 81 81 81 81 81 81 81 81 81 81 81 81 81 81 81 81 81 81 81 81 81 81 81 81 81 
1994 45 45 45 45 45 45 45 45 45 45 45 45 45 45 45 45 45 45 45 45 45 45 45 45 45 45 45 45 45 45 
1995 133 133 133 133 133 133 133 133 133 133 133 133 133 133 133 133 133 133 133 133 133 133 133 133 133 133 133 133 133 133 
1996 82 82 82 82 82 82 82 82 82 82 82 82 82 82 82 82 82 82 82 82 82 82 82 82 82 82 82 82 82 82 
1997 79 79 79 79 79 79 79 79 79 79 79 79 79 79 79 79 79 79 79 79 79 79 79 79 79 79 79 79 79 79 
1998 135 135 135 135 135 135 135 135 135 135 135 135 135 135 135 135 135 135 135 135 135 135 135 135 135 135 135 135 135 135 
1999 120 120 120 120 120 120 120 120 120 120 120 120 120 120 120 120 120 120 120 120 120 120 120 120 120 120 120 120 120 120 
2000 119 119 119 119 119 119 119 119 119 119 119 119 119 119 119 119 119 119 119 119 119 119 119 119 119 119 119 119 119 119 
2001 101 101 101 101 101 101 101 101 101 101 101 101 101 101 101 101 101 101 101 101 101 101 101 101 101 101 101 101 101 101 
2002 96 96 96 96 96 96 96 96 96 96 96 96 96 96 96 96 96 96 96 96 96 96 96 96 96 96 96 96 96 96 
2003 107 107 107 107 107 107 107 107 107 107 107 107 107 107 107 107 107 107 107 107 107 107 107 107 107 107 107 107 107 107 
2004 125 125 125 125 125 125 125 125 125 125 125 125 125 125 125 125 125 125 125 125 125 125 125 125 125 125 125 125 125 125 
2005 82 82 82 82 82 82 82 82 82 82 82 82 82 82 82 82 82 82 82 82 82 82 82 82 82 82 82 82 82 82 
2006 98 98 98 98 98 98 98 98 98 98 98 98 98 98 98 98 98 98 98 98 98 98 98 98 98 98 98 98 98 98 
2008 89 89 89 89 89 89 89 89 89 89 89 89 89 89 89 89 89 89 89 89 89 89 89 89 89 89 89 89 89 89 
2009 97 97 97 97 97 97 97 97 97 97 97 97 97 97 97 97 97 97 97 97 97 97 97 97 97 97 97 97 97 97 
2010 143 143 143 143 143 143 143 143 143 143 143 143 143 143 143 143 143 143 143 143 143 143 143 143 143 143 143 143 143 143 
2011 129 129 129 129 129 129 129 129 129 129 129 129 129 129 129 129 129 129 129 129 129 129 129 129 129 129 129 129 129 129 
2014 67 67 67 67 67 67 67 67 67 67 67 67 67 67 67 67 67 67 67 67 67 67 67 67 67 67 67 67 67 67 
2016 79 79 79 79 79 79 79 79 79 79 79 79 79 79 79 79 79 79 79 79 79 79 79 79 79 79 79 79 79 79 
end_table

