@observation BP_age_sample_sim
age_samples_per_cluster 10 
ageing_error age_error 
average_cluster_weight 6 
cluster_cv 0.6 
cluster_sigma 1.1 
fishery_label Fishing_LL 
layer_of_stratum_definitions area_definition 
max_age 20 
min_age 0 
process_label fishing 
strata_to_include BP 
type mortality_event_biomass_age_clusters 
years 1990 1991 1992 1993 1994 1995 1996 1997 1998 1999 2000 2001 2002 2003 2004 2005 2006 2007 2008 2009 2010 2011 2012 2013 
table obs
1990 0 0.00369931 0.0317175 0.0654756 0.110834 0.100698 0.107364 0.0865263 0.0414412 0.0334333 0.0122876 0.0237137 0.0107282 0.0077027 0.026759 0.0332644 0.047277 0.00887584 0.0100113 0.0225993 0.215591 
1991 0 0.0189944 0.032448 0.0809623 0.0796969 0.0971163 0.0887825 0.0940546 0.0730299 0.0870174 0.0534054 0.0494289 0.039092 0.0478643 0.0390275 0.0202741 0.0124629 0.01142 0.00994524 0.00233634 0.0626412 
1992 0 0 0.0138541 0.0356216 0.0865285 0.117561 0.101417 0.0544268 0.066553 0.0530678 0.0441573 0.0374795 0.0460694 0.0258028 0.0449039 0.0282521 0.0457161 0.0279427 0.0223507 0.0054957 0.1428 
1993 0 0 0.024822 0.0684721 0.0852715 0.115348 0.145754 0.101053 0.0647863 0.0294406 0.0458776 0.0459726 0.0256921 0.00599236 0.0329056 0.0626781 0.0307303 0.0207749 0.0118348 0.00694925 0.0756454 
1994 0 0.0497576 0.021343 0.0416792 0.138773 0.0983042 0.0502535 0.0419159 0.0410325 0.04143 0.025752 0.0359573 0.0545693 0.0417662 0.0558887 0.0223394 0.0599989 0.0412151 0.021608 0.00822327 0.108193 
1995 0 0.0105269 0.10916 0.0343854 0.0463595 0.0834854 0.0746406 0.0597091 0.100107 0.0817576 0.0794406 0.0384742 0.0304246 0.0227349 0.0527791 0.0266271 0.0105413 0.00709112 0.00788399 0.00713276 0.116738 
1996 0 0.0125137 0.0732766 0.283152 0.0522277 0.0499072 0.0465144 0.0733582 0.0558817 0.044109 0.0185973 0.022924 0.0280061 0.0492985 0.0216052 0.0258677 0.0162481 0.010598 0.0131383 0.00269926 0.100077 
1997 0 0.0125549 0.0441189 0.158901 0.294973 0.0394864 0.0630047 0.0557093 0.0313399 0.0392734 0.0222178 0.00450859 0.00434689 0.00693713 0.0267953 0.00417853 0.0140969 0.0209986 0.0268104 0.00786373 0.121885 
1998 0 0.00291142 0.00342144 0.00891729 0.0300042 0.025703 0.000872701 0.00233735 0.00636973 0.00458778 0.00438708 0.00226586 0.00160167 0.00123503 0.00137037 0.000861715 0.00106894 0.00188458 0.00576497 0.0045483 0.889887 
1999 0 0.0205937 0.132156 0.108146 0.135119 0.150341 0.249924 0.00404472 0.00585676 0.0165206 0.0162915 0.00655196 0.00335728 0.0102115 0.00797731 0.0257143 0.0159431 0.0152763 0.0117735 0.00787184 0.0563297 
2000 0 0.0022201 0.0552466 0.244992 0.103087 0.112021 0.112322 0.108859 0.0156733 0.035939 0.0566716 0.0376341 0.0240724 0.0170523 0.0151464 0.0185766 0 0.0163923 0.00380635 0.0114191 0.00886891 
2001 0 0.012451 0.0733628 0.0519927 0.329921 0.148947 0.0790545 0.0531269 0.0964014 0.00923084 0.00987756 0.024721 0.00734502 0.0149538 0.0212292 0.0173313 0.0209286 0.00144858 0.00415012 0.00289715 0.0206296 
2002 0 0 0.0553118 0.121854 0.121668 0.315908 0.0721753 0.0821074 0.0934635 0.0434055 0.0150611 0.0186209 0.0190933 0.00666807 0.00193674 0.00484185 0.00648758 0.00183974 0.00183974 0 0.0177174 
2003 0 0.0207077 0.0298287 0.104853 0.188726 0.0867961 0.283146 0.0567826 0.0408216 0.0882683 0.0576199 0.00398237 0.00291672 0.00145836 0 0 0 0.00266072 0.00624567 0.00245765 0.0227281 
2004 0 0.018796 0.0544601 0.088014 0.180827 0.108132 0.0624556 0.243845 0.0459573 0.0614521 0.0547319 0.0152099 0.00764282 0.00187857 0.00736396 0.0086192 0.00463078 0.0075973 0.00979253 0 0.0185932 
2005 0 0.00927392 0.0353398 0.0991616 0.0858448 0.14634 0.133069 0.0456179 0.183857 0.0371587 0.0263613 0.0306142 0.0199596 0.00437292 0.00836909 0.0545923 0.0107681 0.00367105 0.00485795 0.00412374 0.0566472 
2006 0 0.0139076 0.0339405 0.113515 0.21967 0.124397 0.178107 0.074083 0.0324612 0.0552064 0.0188882 0.0180911 0.0285259 0.031653 0.0149382 0.0150336 0.00538076 0 0.00269038 0.00127118 0.0182406 
2007 0 0.00106561 0.0291178 0.0640114 0.17937 0.148319 0.0900182 0.0991988 0.0762169 0.0249194 0.0616548 0.054632 0.0351205 0.0692959 0.0481644 0.0046294 0.00398373 0.0102822 0 0 0 
2008 0 0.000517893 0.00339336 0.0141657 0.0364216 0.0441903 0.0486657 0.0213069 0.0308507 0.0238759 0.00629479 0.0218324 0.00605527 0.00481844 0.00343122 0.00817143 0.00222605 0.00904104 0.00114954 0.00904104 0.704551 
2009 0 0.0220106 0.0431183 0.0574217 0.109354 0.120333 0.125078 0.154004 0.0653738 0.058671 0.0594164 0.0162842 0.0855167 0.0357984 0.0106962 0.00690576 0.0107406 0.00429626 0.00398043 0 0.0110007 
2010 0 0.0548311 0.0543527 0.108177 0.0471963 0.131958 0.146663 0.104622 0.0490805 0.0204511 0.0272142 0.0316529 0.0187955 0.066222 0.0101033 0.0214943 0.046099 0.0407213 0.0043936 0.00638465 0.00958806 
2011 0 0.0528038 0.137271 0.0894594 0.137228 0.0832618 0.0916503 0.112649 0.0597704 0.0507421 0.0321892 0.046374 0.0300099 0.013062 0.0279321 0.0135173 0.00187899 0.00653415 0.00555233 0.000901568 0.00721254 
2012 0 0.0300635 0.124621 0.231457 0.078989 0.10259 0.00812636 0.0464422 0.0359964 0.0489579 0.0568114 0.036375 0.0422497 0.02501 0.0263846 0.0427867 0.0124465 0.0255143 0.0238962 0.00128181 0 
2013 0 0.0153936 0.0844035 0.269273 0.301012 0.0319784 0.051269 0.0165676 0.0135905 0.029151 0.0498045 0.0221789 0.0132664 0.0212719 0.0067976 0.00496459 0.0207576 0.0134067 0.00697596 0.0133061 0.0146312 
end_table
table error_values
1990 0 0 0 0 0 0 0 0 0 0 0 0 0 0 0 0 0 0 0 0 0 
1991 0 0 0 0 0 0 0 0 0 0 0 0 0 0 0 0 0 0 0 0 0 
1992 0 0 0 0 0 0 0 0 0 0 0 0 0 0 0 0 0 0 0 0 0 
1993 0 0 0 0 0 0 0 0 0 0 0 0 0 0 0 0 0 0 0 0 0 
1994 0 0 0 0 0 0 0 0 0 0 0 0 0 0 0 0 0 0 0 0 0 
1995 0 0 0 0 0 0 0 0 0 0 0 0 0 0 0 0 0 0 0 0 0 
1996 0 0 0 0 0 0 0 0 0 0 0 0 0 0 0 0 0 0 0 0 0 
1997 0 0 0 0 0 0 0 0 0 0 0 0 0 0 0 0 0 0 0 0 0 
1998 0 0 0 0 0 0 0 0 0 0 0 0 0 0 0 0 0 0 0 0 0 
1999 0 0 0 0 0 0 0 0 0 0 0 0 0 0 0 0 0 0 0 0 0 
2000 0 0 0 0 0 0 0 0 0 0 0 0 0 0 0 0 0 0 0 0 0 
2001 0 0 0 0 0 0 0 0 0 0 0 0 0 0 0 0 0 0 0 0 0 
2002 0 0 0 0 0 0 0 0 0 0 0 0 0 0 0 0 0 0 0 0 0 
2003 0 0 0 0 0 0 0 0 0 0 0 0 0 0 0 0 0 0 0 0 0 
2004 0 0 0 0 0 0 0 0 0 0 0 0 0 0 0 0 0 0 0 0 0 
2005 0 0 0 0 0 0 0 0 0 0 0 0 0 0 0 0 0 0 0 0 0 
2006 0 0 0 0 0 0 0 0 0 0 0 0 0 0 0 0 0 0 0 0 0 
2007 0 0 0 0 0 0 0 0 0 0 0 0 0 0 0 0 0 0 0 0 0 
2008 0 0 0 0 0 0 0 0 0 0 0 0 0 0 0 0 0 0 0 0 0 
2009 0 0 0 0 0 0 0 0 0 0 0 0 0 0 0 0 0 0 0 0 0 
2010 0 0 0 0 0 0 0 0 0 0 0 0 0 0 0 0 0 0 0 0 0 
2011 0 0 0 0 0 0 0 0 0 0 0 0 0 0 0 0 0 0 0 0 0 
2012 0 0 0 0 0 0 0 0 0 0 0 0 0 0 0 0 0 0 0 0 0 
2013 0 0 0 0 0 0 0 0 0 0 0 0 0 0 0 0 0 0 0 0 0 
end_table

