@observation BP_age_sample_sim
age_samples_per_cluster 10 
ageing_error age_error 
average_cluster_weight 6 
cluster_cv 0.6 
cluster_sigma 1.1 
fishery_label Fishing_LL 
layer_of_stratum_definitions area_definition 
max_age 20 
min_age 0 
process_label fishing 
strata_to_include BP 
type mortality_event_biomass_age_clusters 
years 1990 1991 1992 1993 1994 1995 1996 1997 1998 1999 2000 2001 2002 2003 2004 2005 2006 2007 2008 2009 2010 2011 2012 2013 
table obs
1990 0 0 0.0145091 0.0335049 0.0980236 0.100172 0.0819408 0.0744789 0.0572893 0.0671428 0.0415294 0.0306654 0.020665 0.0216346 0.0288654 0.0416365 0.020781 0.0165856 0.0459653 0.040169 0.164442 
1991 0 0.00824109 0.0839951 0.0922138 0.106543 0.0997228 0.0811223 0.0579219 0.0646236 0.0618642 0.0429828 0.0256271 0.0239328 0.0384596 0.0204554 0.0130837 0.00792191 0.0295984 0.0278052 0.00758588 0.106299 
1992 0 0.00996001 0.0225572 0.062499 0.0588362 0.064321 0.0788131 0.0870046 0.0664258 0.0657295 0.0506031 0.0385581 0.0419702 0.0498805 0.0438516 0.0188197 0.0291187 0.0285435 0.0126571 0.0103948 0.159456 
1993 0 0.00672056 0.0619467 0.121643 0.107058 0.102336 0.0634115 0.0579411 0.0621639 0.0343114 0.0457455 0.0447844 0.0416308 0.0270212 0.0201656 0.0108311 0.00492126 0.0140617 0.0177733 0.0289585 0.126574 
1994 0 0.0475537 0.0396887 0.0598007 0.0715451 0.0618211 0.0612296 0.0950421 0.0706868 0.0542826 0.067021 0.0300463 0.0297362 0.038236 0.0443383 0.035775 0.0279508 0.0183152 0.0127413 0.00999343 0.124196 
1995 0 0.016042 0.0658584 0.0339313 0.0505033 0.12 0.0568665 0.0699469 0.0884377 0.0650379 0.0458393 0.0255707 0.0290218 0.0476992 0.0495538 0.0547401 0.0483939 0.0203822 0.00673502 0.00290498 0.102535 
1996 0 0.0079334 0.0432197 0.159607 0.0313731 0.0521241 0.0725971 0.0699578 0.074223 0.0499785 0.0558002 0.0517764 0.0586993 0.0508764 0.0440674 0.0318117 0.0210686 0.0190014 0.00389266 0.00857047 0.0934216 
1997 0 0.0108608 0.0453971 0.0867365 0.217128 0.0302287 0.0598365 0.0626911 0.0436819 0.0186772 0.0358195 0.019378 0.018536 0.0642354 0.0739174 0.0687914 0.0285315 0.0244721 0.0280467 0.0216787 0.041356 
1998 0 0.00496603 0.00429289 0.0195753 0.0228982 0.0183973 0.00121035 0.00623763 0.00504809 0.0133662 0.00465197 0.00337754 0.00152319 0.00137622 0.00108866 0.00222455 0.000822476 0.00256211 0.00120741 0.00591105 0.879263 
1999 0 0.00425223 0.112085 0.0890275 0.130823 0.176521 0.205952 0.0140578 0.0630844 0.0257425 0.0276121 0.0150289 0.0126286 0.0208633 0.012182 0.00696652 0.00377993 0.0058355 0.0190365 0.00287032 0.0516513 
2000 0 0.00320113 0.0110771 0.174764 0.119025 0.152777 0.190451 0.202416 0.00521794 0.0159011 0.0071536 0.00865286 0.00658251 0.00948522 0.00331906 0.00357696 0.0160028 0.00702497 0 0.001803 0.0615689 
2001 0 0.0165321 0.0135851 0.0538926 0.257082 0.0960966 0.0845135 0.131431 0.158649 0.0128719 0.0158234 0.0162074 0.00809514 0.00565478 0.00326743 0 0 0 0.0141739 0 0.112125 
2002 0 0.031714 0.0635083 0.120323 0.133139 0.233298 0.0525069 0.058217 0.0619355 0.0640568 0.00919626 0.00964666 0.0513292 0.00503692 0 0.00291956 0.00606471 0.00471771 0.0168824 0.0216381 0.0538702 
2003 0 0.0173067 0.0260869 0.150626 0.190222 0.074081 0.260906 0.0415053 0.0238278 0.0543516 0.046808 0.000629289 0.00250856 0.0117629 0.0150383 0.0132084 0.0109843 0.010752 0.00615566 0.00636282 0.0368766 
2004 0 0.0242228 0.0830304 0.0479117 0.154068 0.131821 0.0498726 0.163034 0.0703774 0.0677111 0.0754672 0.080491 0.00108113 0.00407185 0.00241805 0.0150898 0.00670276 0.00403745 0.000758041 0 0.0178341 
2005 0 0.00242191 0.0139465 0.0231863 0.0313362 0.0330771 0.0357501 0.0197889 0.0240871 0.0100457 0.0147023 0.0144797 0.021819 0.00135635 0.00300509 0.734125 0.00398367 0.00246373 0.00275837 0.00250264 0.0051647 
2006 0 0.0102685 0.0270991 0.0975753 0.20054 0.16248 0.196321 0.085395 0.0314165 0.0624855 0.020635 0.0137214 0.0191856 0.0229945 0.00309898 0 0 0 0.00192944 0.00128629 0.0435681 
2007 0 0 0.014638 0.0589528 0.223028 0.11684 0.0939534 0.102817 0.110879 0.051097 0.07166 0.0129205 0.013502 0.0319668 0.075959 0.000553357 0.0136116 0 0.000908308 0.000908308 0.0058048 
2008 0 0 0.0133331 0.0398727 0.0458361 0.0716579 0.0495697 0.0332504 0.0266316 0.0174224 0.00564903 0.0137691 0.00880837 0.00288878 0.00716157 0.0222975 0.0046025 0.00128792 0.00259293 0.141256 0.492112 
2009 0 0.00216808 0.0434158 0.0662369 0.128113 0.14859 0.140409 0.122871 0.0785206 0.070939 0.035509 0.0148877 0.0571811 0.0130645 0.00968678 0.0312994 0.0272332 0.00416528 0 0 0.00570947 
2010 0 0.0324453 0.00593673 0.0714468 0.0689825 0.175873 0.120499 0.0876414 0.128534 0.0482324 0.0613493 0.0517863 0.017086 0.0326906 0.00211765 0.00334902 0.0228697 0.0175566 0.00487019 0.00488863 0.0418446 
2011 0 0.0173145 0.0543508 0.0377627 0.106695 0.0640893 0.115225 0.0828322 0.0710487 0.0785405 0.0438261 0.0779387 0.0778854 0.0126919 0.0663935 0.0306787 0.0219071 0.0232573 0.0121664 0.00257867 0.00281748 
2012 0 0.0104881 0.101978 0.203105 0.0597476 0.13725 0.030454 0.0786008 0.100344 0.0538759 0.0841929 0.0210929 0.0593138 0.00486739 0.0163338 0.0145071 0.00220938 0.00766498 0.00924046 0.00293049 0.001804 
2013 0 0.00473924 0.107219 0.179942 0.212882 0.0525697 0.064804 0.0190192 0.0256362 0.0331506 0.0881564 0.0467422 0.0610054 0.0416197 0.0179098 0.00505011 0.00483947 0.000794328 0.000794328 0.000866939 0.0322598 
end_table
table error_values
1990 0 0 0 0 0 0 0 0 0 0 0 0 0 0 0 0 0 0 0 0 0 
1991 0 0 0 0 0 0 0 0 0 0 0 0 0 0 0 0 0 0 0 0 0 
1992 0 0 0 0 0 0 0 0 0 0 0 0 0 0 0 0 0 0 0 0 0 
1993 0 0 0 0 0 0 0 0 0 0 0 0 0 0 0 0 0 0 0 0 0 
1994 0 0 0 0 0 0 0 0 0 0 0 0 0 0 0 0 0 0 0 0 0 
1995 0 0 0 0 0 0 0 0 0 0 0 0 0 0 0 0 0 0 0 0 0 
1996 0 0 0 0 0 0 0 0 0 0 0 0 0 0 0 0 0 0 0 0 0 
1997 0 0 0 0 0 0 0 0 0 0 0 0 0 0 0 0 0 0 0 0 0 
1998 0 0 0 0 0 0 0 0 0 0 0 0 0 0 0 0 0 0 0 0 0 
1999 0 0 0 0 0 0 0 0 0 0 0 0 0 0 0 0 0 0 0 0 0 
2000 0 0 0 0 0 0 0 0 0 0 0 0 0 0 0 0 0 0 0 0 0 
2001 0 0 0 0 0 0 0 0 0 0 0 0 0 0 0 0 0 0 0 0 0 
2002 0 0 0 0 0 0 0 0 0 0 0 0 0 0 0 0 0 0 0 0 0 
2003 0 0 0 0 0 0 0 0 0 0 0 0 0 0 0 0 0 0 0 0 0 
2004 0 0 0 0 0 0 0 0 0 0 0 0 0 0 0 0 0 0 0 0 0 
2005 0 0 0 0 0 0 0 0 0 0 0 0 0 0 0 0 0 0 0 0 0 
2006 0 0 0 0 0 0 0 0 0 0 0 0 0 0 0 0 0 0 0 0 0 
2007 0 0 0 0 0 0 0 0 0 0 0 0 0 0 0 0 0 0 0 0 0 
2008 0 0 0 0 0 0 0 0 0 0 0 0 0 0 0 0 0 0 0 0 0 
2009 0 0 0 0 0 0 0 0 0 0 0 0 0 0 0 0 0 0 0 0 0 
2010 0 0 0 0 0 0 0 0 0 0 0 0 0 0 0 0 0 0 0 0 0 
2011 0 0 0 0 0 0 0 0 0 0 0 0 0 0 0 0 0 0 0 0 0 
2012 0 0 0 0 0 0 0 0 0 0 0 0 0 0 0 0 0 0 0 0 0 
2013 0 0 0 0 0 0 0 0 0 0 0 0 0 0 0 0 0 0 0 0 0 
end_table

