@observation BP_age_sample_sim
age_samples_per_cluster 10 
ageing_error age_error 
average_cluster_weight 6 
cluster_cv 0.6 
cluster_sigma 1.1 
fishery_label Fishing_LL 
layer_of_stratum_definitions area_definition 
max_age 20 
min_age 0 
process_label fishing 
strata_to_include BP 
type mortality_event_biomass_age_clusters 
years 1990 1991 1992 1993 1994 1995 1996 1997 1998 1999 2000 2001 2002 2003 2004 2005 2006 2007 2008 2009 2010 2011 2012 2013 
table obs
1990 0 0.0345198 0.0637405 0.0866399 0.178138 0.127024 0.0513284 0.0472108 0.0373457 0.028291 0.0367576 0.0339597 0.0390998 0.0288673 0.040888 0.0126333 0.0282913 0.0277045 0.0113046 0.0190747 0.0671806 
1991 0 0.00297733 0.038026 0.0538257 0.094219 0.0691507 0.0610407 0.103134 0.0679551 0.0476484 0.0703859 0.0607394 0.0334292 0.0156167 0.0249478 0.0278863 0.0191133 0.0251279 0.0328873 0.018668 0.133222 
1992 0 0.00543195 0.0211629 0.0718215 0.119504 0.0853307 0.0600142 0.0901118 0.0965599 0.0620505 0.0323434 0.0383917 0.0452089 0.0365609 0.0203906 0.0178091 0.015901 0.0316157 0.0244627 0.00404423 0.121284 
1993 0 0 0.0163923 0.067216 0.0971806 0.0891701 0.0573376 0.0585412 0.077374 0.0672785 0.0504946 0.0326051 0.0319662 0.052181 0.0387831 0.0458625 0.0239788 0.0166891 0.0246686 0.0151919 0.137088 
1994 0 0.0175073 0.0224484 0.0771417 0.168489 0.118862 0.0635481 0.0799961 0.0634308 0.0336094 0.0372057 0.0207964 0.0425639 0.0282437 0.0293604 0.027226 0.0268 0.0150615 0.0356458 0.0133522 0.0787122 
1995 0 0.0176966 0.0653296 0.00965637 0.080604 0.114528 0.094396 0.0991354 0.0517003 0.0409299 0.0387249 0.0251634 0.0348152 0.04965 0.0521499 0.0291289 0.00980079 0.00967779 0.0247825 0.00908468 0.143045 
1996 0 0.0168958 0.0859672 0.16082 0.0491426 0.0700418 0.0791189 0.0435644 0.0651419 0.0638474 0.0441958 0.0387521 0.0325304 0.0144623 0.0177288 0.0130762 0.00333721 0.0212966 0.0201884 0.00992427 0.149968 
1997 0 0.0167321 0.0555386 0.151586 0.319937 0.00941554 0.018845 0.0772584 0.0545214 0.0707973 0.0343446 0.0429025 0.0152469 0.0134231 0.0197452 0.0192902 0.0143256 0.00495021 0.00252221 0 0.0586178 
1998 0 0.00961654 0.0172143 0.0524447 0.180273 0.302929 0.0211207 0.0303037 0.0426906 0.0592356 0.0351204 0.0545999 0.0224113 0.0151556 0.0196995 0.0332321 0.0270068 0.0183319 0.0168833 0.00976081 0.0319704 
1999 0 0.0061727 0.0979714 0.0825367 0.0872617 0.129536 0.220391 0.0281263 0.0602438 0.0243479 0.0447892 0.0346995 0.0311035 0.0205766 0.0289769 0.00801948 0.000837838 0.00913896 0.0044624 0.0100063 0.0708019 
2000 0 0.000948488 0.0682921 0.269122 0.121271 0.109212 0.0832372 0.1461 0.0207831 0.021521 0.0244799 0.0117128 0.00703063 0.00255112 0.008463 0.0101251 0.0102983 0.0197491 0.00502227 0.0105451 0.0495348 
2001 0 0.00956669 0.0379145 0.052033 0.371253 0.115926 0.0726463 0.0721164 0.104002 0.0110558 0.0108405 0.0165126 0.0107358 0.0553828 0.0312489 0.0191427 0.00153008 0.00229512 0.000765042 0.000559228 0.00447382 
2002 0 0.0125689 0.0194353 0.069408 0.121857 0.291724 0.0856316 0.0788259 0.0831622 0.0460868 0.015194 0.0137479 0.00924641 0.0142842 0.0155793 0.00514589 0.020048 0.0144376 0.0176354 0.0090987 0.0568827 
2003 0 0.00740776 0.0247242 0.110505 0.158 0.104441 0.197033 0.0977799 0.081021 0.0805717 0.0593922 0.00665363 0.0108092 0.00213565 0.00354694 0.00922952 0.00369666 0.0125013 0.0105528 0.00228537 0.0177142 
2004 0 0.0465969 0.0643863 0.0848619 0.205954 0.153975 0.0613817 0.170645 0.0371844 0.0388664 0.0504796 0.0310519 0.00617951 0 0.00280476 0.00360291 0.0120172 0.014822 0.00280476 0 0.0123855 
2005 0 0.00256101 0.042725 0.122331 0.118455 0.201328 0.0831313 0.036922 0.074042 0.0258265 0.0224955 0.0512689 0.0443883 0.0195378 0.0189977 0.0112546 0.00922199 0.00331545 0.000724353 0.0193167 0.0921564 
2006 0 0.0042074 0.0218872 0.125227 0.131289 0.102763 0.0958737 0.118317 0.0368815 0.168665 0.0185083 0.0460411 0.055708 0.0220766 0 0 0 0 0.00135719 0.00271437 0.0484828 
2007 0.0012965 0.0064825 0.00904866 0.0592732 0.20873 0.148841 0.0819895 0.0733661 0.0623264 0.0640906 0.222631 0.0159455 0.00782096 0.0080884 0.0300698 0 0 0 0 0 0 
2008 0 0 0.00278498 0.0133326 0.0420601 0.0307369 0.0511126 0.0142351 0.016202 0.0166787 0.00449931 0.013834 0.00809737 0.0035455 0.00335483 0.0102336 0.00100938 0.00321931 0.00216214 0.161889 0.601012 
2009 0 0.00733558 0.0355444 0.0363772 0.0793977 0.155072 0.108654 0.130393 0.0663718 0.0871311 0.0785021 0.0580268 0.0992754 0.0269749 0.00799896 0.0104535 0.0108068 0.000842403 0.000842403 0 0 
2010 0 0.0552791 0.032942 0.0797135 0.0511595 0.131821 0.136477 0.133362 0.0735363 0.0557423 0.0750635 0.0362532 0.00882393 0.0314848 0.00520978 0.0251247 0.0351854 0.0296639 0 0 0.0031579 
2011 0 0.0797269 0.0881167 0.0403103 0.119656 0.0463337 0.074343 0.0975916 0.11135 0.11696 0.0528692 0.041858 0.0326643 0.0114685 0.053272 0.0144988 0.00462048 0.00418971 0.00656535 0.000646779 0.00295928 
2012 0 0.0134691 0.123967 0.171763 0.060762 0.0725965 0.0217685 0.0621035 0.0931258 0.0931007 0.0630328 0.0207843 0.0471781 0.0212819 0.021086 0.031033 0.00859842 0.0432668 0.0164379 0.0064785 0.00816581 
2013 0 0.0298672 0.0572165 0.176657 0.212813 0.0721429 0.0972185 0.0179739 0.0362862 0.0447468 0.0490947 0.0243574 0.0234215 0.0216262 0.00523215 0.00578469 0.0516256 0.0179 0.00795458 0.0129305 0.0351507 
end_table
table error_values
1990 0 0 0 0 0 0 0 0 0 0 0 0 0 0 0 0 0 0 0 0 0 
1991 0 0 0 0 0 0 0 0 0 0 0 0 0 0 0 0 0 0 0 0 0 
1992 0 0 0 0 0 0 0 0 0 0 0 0 0 0 0 0 0 0 0 0 0 
1993 0 0 0 0 0 0 0 0 0 0 0 0 0 0 0 0 0 0 0 0 0 
1994 0 0 0 0 0 0 0 0 0 0 0 0 0 0 0 0 0 0 0 0 0 
1995 0 0 0 0 0 0 0 0 0 0 0 0 0 0 0 0 0 0 0 0 0 
1996 0 0 0 0 0 0 0 0 0 0 0 0 0 0 0 0 0 0 0 0 0 
1997 0 0 0 0 0 0 0 0 0 0 0 0 0 0 0 0 0 0 0 0 0 
1998 0 0 0 0 0 0 0 0 0 0 0 0 0 0 0 0 0 0 0 0 0 
1999 0 0 0 0 0 0 0 0 0 0 0 0 0 0 0 0 0 0 0 0 0 
2000 0 0 0 0 0 0 0 0 0 0 0 0 0 0 0 0 0 0 0 0 0 
2001 0 0 0 0 0 0 0 0 0 0 0 0 0 0 0 0 0 0 0 0 0 
2002 0 0 0 0 0 0 0 0 0 0 0 0 0 0 0 0 0 0 0 0 0 
2003 0 0 0 0 0 0 0 0 0 0 0 0 0 0 0 0 0 0 0 0 0 
2004 0 0 0 0 0 0 0 0 0 0 0 0 0 0 0 0 0 0 0 0 0 
2005 0 0 0 0 0 0 0 0 0 0 0 0 0 0 0 0 0 0 0 0 0 
2006 0 0 0 0 0 0 0 0 0 0 0 0 0 0 0 0 0 0 0 0 0 
2007 0 0 0 0 0 0 0 0 0 0 0 0 0 0 0 0 0 0 0 0 0 
2008 0 0 0 0 0 0 0 0 0 0 0 0 0 0 0 0 0 0 0 0 0 
2009 0 0 0 0 0 0 0 0 0 0 0 0 0 0 0 0 0 0 0 0 0 
2010 0 0 0 0 0 0 0 0 0 0 0 0 0 0 0 0 0 0 0 0 0 
2011 0 0 0 0 0 0 0 0 0 0 0 0 0 0 0 0 0 0 0 0 0 
2012 0 0 0 0 0 0 0 0 0 0 0 0 0 0 0 0 0 0 0 0 0 
2013 0 0 0 0 0 0 0 0 0 0 0 0 0 0 0 0 0 0 0 0 0 
end_table

