@observation BP_age_sample_sim
age_samples_per_cluster 10 
ageing_error age_error 
average_cluster_weight 6 
cluster_cv 0.6 
cluster_sigma 1.1 
fishery_label Fishing_LL 
layer_of_stratum_definitions area_definition 
max_age 20 
min_age 0 
process_label fishing 
strata_to_include BP 
type mortality_event_biomass_age_clusters 
years 1990 1991 1992 1993 1994 1995 1996 1997 1998 1999 2000 2001 2002 2003 2004 2005 2006 2007 2008 2009 2010 2011 2012 2013 
table obs
1990 0 0.0132154 0.0336121 0.0867375 0.102016 0.109411 0.05849 0.0298685 0.041418 0.0416754 0.0596352 0.104509 0.0509445 0.0222063 0.0342538 0.0404043 0.0402022 0.0242166 0.0128041 0.0111933 0.0831865 
1991 0 0.00467334 0.0440135 0.0959319 0.108303 0.0944314 0.0886277 0.0523526 0.064992 0.0563225 0.0393189 0.0425384 0.0305548 0.0388984 0.0364915 0.0113215 0.020463 0.00715267 0.00903409 0.0205538 0.134025 
1992 0 0 0.019614 0.0498051 0.117743 0.119104 0.0586156 0.0733404 0.0373888 0.0404719 0.0441531 0.0434293 0.0353367 0.0325191 0.0183173 0.00956738 0.0198211 0.0246157 0.0221515 0.0403124 0.193694 
1993 0 0.00804685 0.0231245 0.0788465 0.0908668 0.103601 0.0678092 0.103551 0.0923953 0.0643288 0.0433886 0.0364753 0.0340917 0.0157126 0.020124 0.0324737 0.0293558 0.0276368 0.0328778 0.0228968 0.0723968 
1994 0 0.0154722 0.0169019 0.0301586 0.0632082 0.088973 0.0864584 0.0883602 0.0561013 0.0429318 0.0670597 0.0656759 0.0496006 0.0509241 0.045469 0.0225339 0.0240123 0.0346183 0.0544052 0.0227963 0.074339 
1995 0 0.010179 0.108738 0.0314836 0.0483649 0.0633077 0.0717868 0.0529807 0.0232202 0.0528998 0.0363008 0.0623932 0.0348068 0.0419604 0.0293324 0.0182732 0.0292054 0.0331738 0.0307238 0.0435703 0.1773 
1996 0 0.00194731 0.0542739 0.210573 0.0329582 0.117515 0.157506 0.0566248 0.0563427 0.0430258 0.0229901 0.0426101 0.0260203 0.0283657 0.0585881 0.0138933 0.0136827 0.00643666 0.00195095 0.00785757 0.0468374 
1997 0 0.0404862 0.0669325 0.135722 0.265011 0.0222647 0.0476479 0.0505016 0.0324749 0.0293574 0.0279222 0.0142134 0.0322434 0.0436096 0.039859 0.0189398 0.0202341 0.00811554 0.0194079 0.0165773 0.0684789 
1998 0 0.00469472 0.0037175 0.00729399 0.0164217 0.0234426 0.00175896 0.00273312 0.00278237 0.00572286 0.00506294 0.000937989 0.000506148 0 0.000136662 0.00126945 0.00124364 0.00253749 0.00230658 0.00145085 0.91598 
1999 0 0.00415294 0.154339 0.0919575 0.127615 0.193044 0.123554 0.0307463 0.0549494 0.0457859 0.0123911 0.00703737 0.0115653 0.0156765 0.0248409 0.0215262 0.00454175 0.0078999 0.00771522 0.0138437 0.046818 
2000 0 0.00639901 0.0228822 0.228707 0.112765 0.113985 0.113501 0.130558 0.00982247 0.019835 0.0314193 0.0266979 0.0418226 0.0250365 0.0238451 0.0108663 0.0127758 0.0135782 0.0124291 0.00857028 0.0345049 
2001 0 0.0120919 0.027648 0.0347079 0.309535 0.123333 0.118542 0.114914 0.100463 0.0160988 0.0114697 0.00775993 0.0107692 0.0355981 0.0163412 0.00625884 0 0.0045451 0 0.00151503 0.0484095 
2002 0 0.00924303 0.0728391 0.107121 0.13691 0.328875 0.0658439 0.050078 0.0682943 0.0675033 0.00618573 0.013241 0.0201195 0.000971712 0.0034625 0.00173125 0 0.00173125 0 0 0.0458492 
2003 0 0.0121386 0.0410061 0.122248 0.141656 0.0605793 0.280017 0.0500244 0.0617096 0.0679451 0.0440554 0.0143361 0.00364277 0.0048196 0.00601495 0.0269498 0.00559207 0.0144578 0.00548146 0 0.0373263 
2004 0 0.0449776 0.0785506 0.0652688 0.16659 0.136085 0.0709185 0.225142 0.0396012 0.0308727 0.0555231 0.023597 0.00225262 0.00282234 0.00331299 0.00264121 0.00584646 0.00366263 0.00306424 0.00283715 0.0364334 
2005 0 0.00631965 0.0314875 0.0764424 0.107989 0.184679 0.104894 0.0429784 0.114828 0.062984 0.0423397 0.0724812 0.0243683 0.0086371 0.0175855 0.0227671 0.0155499 0.00721545 0 0 0.0564537 
2006 0 0.00263744 0.00774704 0.041672 0.420137 0.0503987 0.344058 0.0567895 0.0218588 0.0319862 0.00635359 0.00397457 0.00431258 0.00620187 0 0 0 0 0 0 0.0018726 
2007 0 0 0.0282017 0.0531968 0.110015 0.119725 0.0688417 0.0602303 0.118908 0.0570773 0.148823 0.0280034 0.0358628 0.0688991 0.0650251 0.010506 0.00300172 0.0126959 0.00846395 0.000280396 0.00224317 
2008 0 0 0.000852193 0.0297109 0.0582958 0.0619594 0.0849757 0.0316901 0.0328488 0.0356535 0.00848034 0.02511 0.00934233 0.0066767 0.0110257 0.0107043 0.00530086 0.00392938 0.000501674 0.0652173 0.517725 
2009 0 0.0197769 0.0148174 0.0468275 0.135718 0.162723 0.145843 0.0640734 0.0551758 0.0503566 0.0377884 0.015098 0.0857911 0.0296074 0.0081317 0.05947 0.0298917 0.000790316 0 0 0.0381205 
2010 0 0.0092949 0.0243415 0.0795058 0.0347385 0.164709 0.129676 0.160158 0.0666697 0.0344544 0.0444595 0.0299976 0.0596451 0.0812239 0.0165323 0.0321203 0.0125119 0.0068572 0 0 0.0131053 
2011 0 0.0285808 0.092759 0.0529576 0.119367 0.0740317 0.0630261 0.0747518 0.0634826 0.0550589 0.066462 0.0539658 0.049597 0.0390921 0.0672496 0.00954407 0.00832628 0.0134409 0.0249231 0.00147831 0.0419054 
2012 0 0.0568275 0.0905266 0.159664 0.036201 0.0862917 0.0228888 0.0817664 0.097836 0.0602219 0.0571158 0.0414741 0.0507031 0.0223747 0.0273969 0.0270376 0.00538447 0.00797381 0.0206195 0.00841001 0.0392864 
2013 0 0.00605457 0.073696 0.157983 0.332453 0.0416068 0.0964727 0.0375811 0.0531719 0.0408698 0.0251132 0.0317695 0.00973716 0.0168799 0.00343941 0.0121314 0.0196914 0.00851315 0 0.00364851 0.0291881 
end_table
table error_values
1990 0 0 0 0 0 0 0 0 0 0 0 0 0 0 0 0 0 0 0 0 0 
1991 0 0 0 0 0 0 0 0 0 0 0 0 0 0 0 0 0 0 0 0 0 
1992 0 0 0 0 0 0 0 0 0 0 0 0 0 0 0 0 0 0 0 0 0 
1993 0 0 0 0 0 0 0 0 0 0 0 0 0 0 0 0 0 0 0 0 0 
1994 0 0 0 0 0 0 0 0 0 0 0 0 0 0 0 0 0 0 0 0 0 
1995 0 0 0 0 0 0 0 0 0 0 0 0 0 0 0 0 0 0 0 0 0 
1996 0 0 0 0 0 0 0 0 0 0 0 0 0 0 0 0 0 0 0 0 0 
1997 0 0 0 0 0 0 0 0 0 0 0 0 0 0 0 0 0 0 0 0 0 
1998 0 0 0 0 0 0 0 0 0 0 0 0 0 0 0 0 0 0 0 0 0 
1999 0 0 0 0 0 0 0 0 0 0 0 0 0 0 0 0 0 0 0 0 0 
2000 0 0 0 0 0 0 0 0 0 0 0 0 0 0 0 0 0 0 0 0 0 
2001 0 0 0 0 0 0 0 0 0 0 0 0 0 0 0 0 0 0 0 0 0 
2002 0 0 0 0 0 0 0 0 0 0 0 0 0 0 0 0 0 0 0 0 0 
2003 0 0 0 0 0 0 0 0 0 0 0 0 0 0 0 0 0 0 0 0 0 
2004 0 0 0 0 0 0 0 0 0 0 0 0 0 0 0 0 0 0 0 0 0 
2005 0 0 0 0 0 0 0 0 0 0 0 0 0 0 0 0 0 0 0 0 0 
2006 0 0 0 0 0 0 0 0 0 0 0 0 0 0 0 0 0 0 0 0 0 
2007 0 0 0 0 0 0 0 0 0 0 0 0 0 0 0 0 0 0 0 0 0 
2008 0 0 0 0 0 0 0 0 0 0 0 0 0 0 0 0 0 0 0 0 0 
2009 0 0 0 0 0 0 0 0 0 0 0 0 0 0 0 0 0 0 0 0 0 
2010 0 0 0 0 0 0 0 0 0 0 0 0 0 0 0 0 0 0 0 0 0 
2011 0 0 0 0 0 0 0 0 0 0 0 0 0 0 0 0 0 0 0 0 0 
2012 0 0 0 0 0 0 0 0 0 0 0 0 0 0 0 0 0 0 0 0 0 
2013 0 0 0 0 0 0 0 0 0 0 0 0 0 0 0 0 0 0 0 0 0 
end_table

