@observation BP_age_sample_sim
age_samples_per_cluster 10 
ageing_error age_error 
average_cluster_weight 6 
cluster_cv 0.6 
cluster_sigma 1.1 
fishery_label Fishing_LL 
layer_of_stratum_definitions area_definition 
max_age 20 
min_age 0 
process_label fishing 
strata_to_include BP 
type mortality_event_biomass_age_clusters 
years 1990 1991 1992 1993 1994 1995 1996 1997 1998 1999 2000 2001 2002 2003 2004 2005 2006 2007 2008 2009 2010 2011 2012 2013 
table obs
1990 0 0.00440995 0.0181951 0.0329048 0.0565334 0.0505281 0.0483834 0.070135 0.0739763 0.045058 0.0737691 0.0509479 0.046477 0.0385436 0.0213349 0.02886 0.0286113 0.0560983 0.0202916 0.0165423 0.2184 
1991 0 0.00476324 0.0438226 0.0655636 0.0770229 0.0484036 0.0363633 0.0726884 0.0431365 0.0328082 0.0737459 0.0678858 0.0444763 0.0535345 0.0452574 0.0285849 0.0387275 0.0315421 0.00956209 0.0295636 0.152548 
1992 0 0.0107864 0.0372279 0.0801847 0.10925 0.0936908 0.053168 0.0918469 0.0622644 0.0499655 0.0309215 0.0371567 0.0429515 0.0338003 0.011383 0.0094572 0.00938288 0.0287999 0.0213591 0.0270173 0.159386 
1993 0 0 0.0026054 0.0417053 0.0996894 0.0732525 0.107334 0.0947931 0.0791605 0.0632625 0.0447695 0.0499249 0.0266606 0.0353967 0.0257419 0.0324765 0.0237074 0.0382026 0.0207688 0.023493 0.117056 
1994 0 0.0257761 0.0164751 0.0526558 0.146585 0.097654 0.0863578 0.0606205 0.0396655 0.0489723 0.039891 0.0513448 0.0397198 0.0559456 0.0416462 0.0443207 0.0448831 0.0337304 0.0126257 0.0144228 0.0467077 
1995 0 0.00427306 0.0751723 0.0217958 0.101822 0.141614 0.093291 0.0947288 0.0606607 0.0325779 0.0307544 0.0384503 0.0402671 0.0402269 0.0411245 0.0403207 0.0275035 0.0114366 0.0155416 0.00846399 0.0799749 
1996 0 0.015262 0.0307495 0.249059 0.0535123 0.117254 0.0997211 0.0398756 0.0339802 0.0342258 0.0213026 0.0133509 0.0438743 0.0410238 0.0199957 0.0166096 0.012289 0.00164967 0.00479544 0.00589293 0.145577 
1997 0 0.00584855 0.0471202 0.168851 0.252594 0.0389362 0.0469251 0.0542084 0.0400724 0.0301405 0.0178081 0.0272577 0.0244174 0.0257638 0.0105837 0.0118051 0.0271132 0.0280447 0.0260355 0.0197067 0.0967676 
1998 0 0.00547298 0.00666452 0.0201038 0.02963 0.0454073 0.00336189 0.00553448 0.00638141 0.0141264 0.00806091 0.00979545 0.00593634 0.0294869 0.000717129 0.00106146 0.00157264 0.00231478 0.0029765 0.00247473 0.79892 
1999 0 0 0.0937629 0.0918036 0.166675 0.182369 0.26689 0.0162174 0.00965411 0.0128051 0.00397401 0.00225993 0.00373635 0.00799693 0.0133306 0.0179316 0.00674405 0.0123007 0.0222046 0.0145254 0.054819 
2000 0 0.0125124 0.0397123 0.153946 0.1075 0.134966 0.142919 0.153938 0.0197751 0.0285579 0.02489 0.0162426 0.0232381 0.0153927 0.0169789 0.00851281 0.01218 0.0136877 0.0122464 0.0189523 0.0438515 
2001 0 0.0116697 0.0484948 0.0659356 0.261245 0.0925181 0.0926324 0.126778 0.134655 0.00625879 0.0357739 0.00638434 0.0178469 0.00206683 0.00459067 0.0046865 0.00760331 0.00339993 0.00169997 0.00797017 0.0677908 
2002 0 0.015893 0.0823967 0.0928793 0.12414 0.306266 0.0604789 0.0563345 0.0921628 0.0632555 0.0066233 0.00543116 0.0056852 0.00947533 0.00189507 0 0.00277322 0.00877119 0.00920246 0.0125638 0.0437725 
2003 0 0.0150599 0.0685046 0.160644 0.155083 0.107123 0.211766 0.0489084 0.0303731 0.0398666 0.0412408 0.0125808 0.022985 0.000883035 0.0177071 0.00730865 0.0079544 0.00326722 0.0169021 0.0022692 0.0295733 
2004 0 0.0145201 0.0929519 0.121805 0.168063 0.103537 0.0637593 0.15454 0.0345421 0.0379712 0.0478855 0.028154 0.00238614 0.00243605 0.0264923 0.017599 0.0179763 0.0212192 0.0123414 0.00257573 0.029245 
2005 0 0.0447079 0.0687656 0.111048 0.10287 0.147833 0.100121 0.0275207 0.108765 0.0336443 0.0162029 0.023576 0.0406593 0.012719 0.00716702 0.0737136 0.0108305 0.0176675 0.00305408 0.00724766 0.0418872 
2006 0 0.0212463 0.0330073 0.132883 0.155205 0.123873 0.225555 0.105134 0.0445031 0.0422245 0.0128315 0.0174466 0.0126134 0.00641751 0 0 0.00245821 0.00737464 0.00990778 0.0174368 0.0298823 
2007 0 0.00284213 0.05029 0.0797095 0.200594 0.188691 0.0855368 0.0824098 0.0507758 0.049638 0.0775129 0.0249045 0.0185581 0.0236898 0.0160523 0.000899966 0 0 0 0.00114315 0.0467522 
2008 0 0 0.000605437 0.0065231 0.0161969 0.0174253 0.0281599 0.00631326 0.00640962 0.00648842 0.00191084 0.00785619 0.00049018 0.000758832 0.00368853 0.00653007 0.00096481 0.000524264 0 0.207011 0.682143 
2009 0 0.00269404 0.015581 0.0360167 0.165537 0.207959 0.120356 0.119038 0.0368564 0.0495828 0.0397034 0.0121828 0.0763215 0.0153483 0.00198006 0.0324583 0.0219006 0.00540762 0.00270381 0 0.0383725 
2010 0 0.0252858 0.012439 0.0673283 0.0311001 0.10797 0.148592 0.183172 0.100462 0.043204 0.0501928 0.0470494 0.0376677 0.0611775 0.00829583 0.0107851 0.00301429 0.021324 0.00199465 0.000997324 0.0379492 
2011 0 0.0674482 0.158921 0.0600546 0.102903 0.0711764 0.0801738 0.121963 0.109966 0.0705076 0.0230852 0.0437452 0.0192247 0.00737406 0.00562716 0.0126832 0.0106632 0.0179866 0.0139514 0.00105072 0.00149475 
2012 0 0.00866494 0.0862595 0.144419 0.050209 0.0783887 0.0106751 0.0879348 0.0867976 0.0803919 0.0636198 0.0667461 0.112633 0.0381528 0.0184641 0.0113834 0.00117941 0.0053209 0.00117941 0.0108025 0.0367785 
2013 0 0.00172184 0.104161 0.2412 0.24481 0.0396952 0.0424034 0.0251 0.0418621 0.0277375 0.0808239 0.0301286 0.0303619 0.0333311 0.00678394 0.00382946 0.0103447 0.00877125 0.00683274 0.00161999 0.0184807 
end_table
table error_values
1990 0 0 0 0 0 0 0 0 0 0 0 0 0 0 0 0 0 0 0 0 0 
1991 0 0 0 0 0 0 0 0 0 0 0 0 0 0 0 0 0 0 0 0 0 
1992 0 0 0 0 0 0 0 0 0 0 0 0 0 0 0 0 0 0 0 0 0 
1993 0 0 0 0 0 0 0 0 0 0 0 0 0 0 0 0 0 0 0 0 0 
1994 0 0 0 0 0 0 0 0 0 0 0 0 0 0 0 0 0 0 0 0 0 
1995 0 0 0 0 0 0 0 0 0 0 0 0 0 0 0 0 0 0 0 0 0 
1996 0 0 0 0 0 0 0 0 0 0 0 0 0 0 0 0 0 0 0 0 0 
1997 0 0 0 0 0 0 0 0 0 0 0 0 0 0 0 0 0 0 0 0 0 
1998 0 0 0 0 0 0 0 0 0 0 0 0 0 0 0 0 0 0 0 0 0 
1999 0 0 0 0 0 0 0 0 0 0 0 0 0 0 0 0 0 0 0 0 0 
2000 0 0 0 0 0 0 0 0 0 0 0 0 0 0 0 0 0 0 0 0 0 
2001 0 0 0 0 0 0 0 0 0 0 0 0 0 0 0 0 0 0 0 0 0 
2002 0 0 0 0 0 0 0 0 0 0 0 0 0 0 0 0 0 0 0 0 0 
2003 0 0 0 0 0 0 0 0 0 0 0 0 0 0 0 0 0 0 0 0 0 
2004 0 0 0 0 0 0 0 0 0 0 0 0 0 0 0 0 0 0 0 0 0 
2005 0 0 0 0 0 0 0 0 0 0 0 0 0 0 0 0 0 0 0 0 0 
2006 0 0 0 0 0 0 0 0 0 0 0 0 0 0 0 0 0 0 0 0 0 
2007 0 0 0 0 0 0 0 0 0 0 0 0 0 0 0 0 0 0 0 0 0 
2008 0 0 0 0 0 0 0 0 0 0 0 0 0 0 0 0 0 0 0 0 0 
2009 0 0 0 0 0 0 0 0 0 0 0 0 0 0 0 0 0 0 0 0 0 
2010 0 0 0 0 0 0 0 0 0 0 0 0 0 0 0 0 0 0 0 0 0 
2011 0 0 0 0 0 0 0 0 0 0 0 0 0 0 0 0 0 0 0 0 0 
2012 0 0 0 0 0 0 0 0 0 0 0 0 0 0 0 0 0 0 0 0 0 
2013 0 0 0 0 0 0 0 0 0 0 0 0 0 0 0 0 0 0 0 0 0 
end_table

