@observation BP_age_sample_sim
age_samples_per_cluster 10 
ageing_error age_error 
average_cluster_weight 6 
cluster_cv 0.6 
cluster_sigma 1.1 
fishery_label Fishing_LL 
layer_of_stratum_definitions area_definition 
max_age 20 
min_age 0 
process_label fishing 
strata_to_include BP 
type mortality_event_biomass_age_clusters 
years 1990 1991 1992 1993 1994 1995 1996 1997 1998 1999 2000 2001 2002 2003 2004 2005 2006 2007 2008 2009 2010 2011 2012 2013 
table obs
1990 0 0.00178726 0.0314466 0.0600544 0.0731502 0.0432118 0.0536271 0.0345414 0.0695171 0.0674007 0.0718455 0.0508252 0.0582444 0.0520153 0.034424 0.0237471 0.0131685 0.0240909 0.0360711 0.0373619 0.16347 
1991 0 0.013416 0.0235938 0.0949393 0.126449 0.0641057 0.0889539 0.0524599 0.0406348 0.05273 0.0494361 0.0390178 0.0304708 0.0391344 0.0160689 0.0290949 0.0258858 0.0343262 0.0177367 0.0113503 0.150196 
1992 0 0 0.0224444 0.0573983 0.121242 0.0768648 0.0689621 0.0934119 0.0528382 0.0767416 0.0838662 0.0707732 0.0411465 0.0255349 0.0195671 0.0159527 0.0169231 0.00729375 0.016401 0.00756301 0.125075 
1993 0 0.00478498 0.0220667 0.0591861 0.110483 0.103802 0.0895722 0.0558386 0.0687559 0.0493029 0.0441656 0.0518159 0.0228394 0.0252395 0.0266787 0.0317498 0.0384573 0.024272 0.0170254 0.0299213 0.124043 
1994 0 0 0.00190307 0.0306507 0.1034 0.0933704 0.0637992 0.0922623 0.055552 0.0598786 0.0378915 0.0327654 0.0134184 0.0502048 0.0628021 0.0207074 0.0402089 0.0281245 0.0147205 0.0102063 0.188133 
1995 0 0.0304797 0.121583 0.0405868 0.0536554 0.0613756 0.0815244 0.0740491 0.0724771 0.0923712 0.0607813 0.0449305 0.038264 0.0201241 0.0170095 0.0281492 0.0154443 0.0127238 0.012104 0.0139188 0.108448 
1996 0 0.0393481 0.0572372 0.209446 0.0628872 0.0587742 0.0634985 0.0876836 0.0410905 0.0600435 0.0217957 0.0167482 0.0535009 0.0302054 0.0352475 0.0402634 0.0126134 0.0220854 0.00893727 0.010955 0.0676388 
1997 0 0.0139685 0.0289157 0.12221 0.222033 0.0433432 0.0584482 0.0800417 0.0671036 0.0353021 0.0457464 0.028547 0.0295339 0.0272051 0.0292245 0.0251742 0.00948195 0.00676045 0.00995854 0.0101885 0.106813 
1998 0 0.00356396 0.00207619 0.0147509 0.0419266 0.0742595 0.00483245 0.00599094 0.0155323 0.0250268 0.0131986 0.0073579 0.0198613 0.0287602 0.0127727 0.00469903 0.00228546 0.0013891 0.00127108 0.00100474 0.71944 
1999 0 0.0119573 0.0941045 0.0962651 0.141458 0.151417 0.139656 0.00614861 0.0197379 0.0301558 0.0323972 0.0196001 0.0403751 0.0280592 0.0181714 0.0277731 0.0315783 0.0206102 0.0111672 0.00484957 0.0745194 
2000 0 0.00735197 0.0591169 0.253241 0.0945553 0.121735 0.139546 0.185071 0.00527101 0.0253128 0.0454344 0.00717647 0.00111185 0.00256704 0.0102681 0.00770111 0.00455903 0.00139178 0.00278357 0.00517135 0.0206347 
2001 0 0.00143715 0.0679262 0.0890742 0.305349 0.0724991 0.0948408 0.104762 0.0697723 0.0186276 0.0408631 0.0515248 0.0360966 0.0105516 0.00139241 0 0 0.00184466 0 0.00368932 0.0297492 
2002 0 0.00967187 0.0582844 0.0641467 0.11924 0.2809 0.0816353 0.0549167 0.111164 0.108749 0.00683483 0.0192991 0.0227381 0.0265089 0.00547419 0.00225426 0.00418359 0.00313769 0 0 0.0208608 
2003 0 0.0263236 0.0174977 0.100365 0.119735 0.0812245 0.270112 0.0737886 0.0343136 0.052517 0.0754217 0.0105289 0.0183374 0.0397737 0.0371804 0.0149743 0.0101389 0.00926074 0.0017016 0 0.00680558 
2004 0 0.0174979 0.0221515 0.0793311 0.147192 0.131095 0.0702593 0.178369 0.0437291 0.0396294 0.0844231 0.0739439 0.00685095 0.00397707 0.0233279 0.0234062 0.0160089 0.00903606 0.00303406 0 0.0267373 
2005 0 0.00799824 0.0383199 0.126908 0.153282 0.154998 0.153886 0.0654154 0.160112 0.0259017 0.0149157 0.0179852 0.0228956 0.00563742 0 0 0.00206794 0.00620383 0.00103397 0.0012649 0.0411741 
2006 0 0.00201915 0.00299404 0.026254 0.781848 0.0265323 0.0281464 0.0176423 0.0124945 0.0397268 0.0113437 0.0109141 0.0106338 0.0206203 0.00389133 0.000548818 0.00109764 0.000548818 0.00164645 0.00109764 0 
2007 0 0 0.00525635 0.0721497 0.121969 0.116517 0.0655813 0.041743 0.0495421 0.043861 0.253477 0.0740546 0.0365636 0.0500125 0.0418827 0 0 0 0 0 0.0273903 
2008 0 0 0.000758034 0.00484223 0.0126662 0.0193038 0.0258676 0.00888214 0.0124628 0.00758235 0.00118754 0.00515404 0.00114779 0.000945439 0.0016303 0.00620683 0.0010122 9.1521e-005 0.000600903 0.0200547 0.869604 
2009 0 0.0106704 0.0272919 0.0315468 0.101616 0.155685 0.151884 0.169531 0.109541 0.0676473 0.0235663 0.0129455 0.049315 0.0122495 0 0.00660803 0.0275054 0.00343818 0 0 0.0389578 
2010 0 0.0566681 0.0291164 0.116098 0.0399017 0.130792 0.0995744 0.093116 0.0770944 0.0264612 0.0682152 0.0435244 0.0387065 0.0622835 0.0175065 0.0106769 0.0383154 0.0434105 0.00264968 0 0.00588909 
2011 0 0.0317673 0.185365 0.0494602 0.0657358 0.0660848 0.112344 0.153099 0.121679 0.0529235 0.0153097 0.0219779 0.0397142 0.011819 0.0194432 0.0168961 0.0105599 0.00220741 0.0174336 0.00287643 0.00330334 
2012 0 0.0289564 0.097875 0.138495 0.0579241 0.10728 0.0261514 0.0818089 0.121096 0.14715 0.0708568 0.0264792 0.0245081 0.0117398 0.0103284 0.0234953 0.00223175 0.0190791 0.00454487 0 0 
2013 0 0 0.103693 0.19875 0.220803 0.0249419 0.0358514 0.0256687 0.0554532 0.0923546 0.0766974 0.0545377 0.0269969 0.00630074 0.00941658 0.00553223 0.013293 0.0235093 0.00281664 0.00334075 0.0200434 
end_table
table error_values
1990 0 0 0 0 0 0 0 0 0 0 0 0 0 0 0 0 0 0 0 0 0 
1991 0 0 0 0 0 0 0 0 0 0 0 0 0 0 0 0 0 0 0 0 0 
1992 0 0 0 0 0 0 0 0 0 0 0 0 0 0 0 0 0 0 0 0 0 
1993 0 0 0 0 0 0 0 0 0 0 0 0 0 0 0 0 0 0 0 0 0 
1994 0 0 0 0 0 0 0 0 0 0 0 0 0 0 0 0 0 0 0 0 0 
1995 0 0 0 0 0 0 0 0 0 0 0 0 0 0 0 0 0 0 0 0 0 
1996 0 0 0 0 0 0 0 0 0 0 0 0 0 0 0 0 0 0 0 0 0 
1997 0 0 0 0 0 0 0 0 0 0 0 0 0 0 0 0 0 0 0 0 0 
1998 0 0 0 0 0 0 0 0 0 0 0 0 0 0 0 0 0 0 0 0 0 
1999 0 0 0 0 0 0 0 0 0 0 0 0 0 0 0 0 0 0 0 0 0 
2000 0 0 0 0 0 0 0 0 0 0 0 0 0 0 0 0 0 0 0 0 0 
2001 0 0 0 0 0 0 0 0 0 0 0 0 0 0 0 0 0 0 0 0 0 
2002 0 0 0 0 0 0 0 0 0 0 0 0 0 0 0 0 0 0 0 0 0 
2003 0 0 0 0 0 0 0 0 0 0 0 0 0 0 0 0 0 0 0 0 0 
2004 0 0 0 0 0 0 0 0 0 0 0 0 0 0 0 0 0 0 0 0 0 
2005 0 0 0 0 0 0 0 0 0 0 0 0 0 0 0 0 0 0 0 0 0 
2006 0 0 0 0 0 0 0 0 0 0 0 0 0 0 0 0 0 0 0 0 0 
2007 0 0 0 0 0 0 0 0 0 0 0 0 0 0 0 0 0 0 0 0 0 
2008 0 0 0 0 0 0 0 0 0 0 0 0 0 0 0 0 0 0 0 0 0 
2009 0 0 0 0 0 0 0 0 0 0 0 0 0 0 0 0 0 0 0 0 0 
2010 0 0 0 0 0 0 0 0 0 0 0 0 0 0 0 0 0 0 0 0 0 
2011 0 0 0 0 0 0 0 0 0 0 0 0 0 0 0 0 0 0 0 0 0 
2012 0 0 0 0 0 0 0 0 0 0 0 0 0 0 0 0 0 0 0 0 0 
2013 0 0 0 0 0 0 0 0 0 0 0 0 0 0 0 0 0 0 0 0 0 
end_table

