@observation BP_age_sample_sim
age_samples_per_cluster 10 
ageing_error age_error 
average_cluster_weight 6 
cluster_cv 0.6 
cluster_sigma 1.1 
fishery_label Fishing_LL 
layer_of_stratum_definitions area_definition 
max_age 20 
min_age 0 
process_label fishing 
strata_to_include BP 
type mortality_event_biomass_age_clusters 
years 1990 1991 1992 1993 1994 1995 1996 1997 1998 1999 2000 2001 2002 2003 2004 2005 2006 2007 2008 2009 2010 2011 2012 2013 
table obs
1990 0 0.0199082 0.0103523 0.0195129 0.0668056 0.0960296 0.112629 0.120396 0.0577037 0.086217 0.0535634 0.0621327 0.0367349 0.0316671 0.0399592 0.0355498 0.0382036 0.00769239 0.00598034 0.00880265 0.0901597 
1991 0 0.00204164 0.0129621 0.0519907 0.1197 0.167786 0.0996202 0.120703 0.0655659 0.0747059 0.0294857 0.0255607 0.0164552 0.0241836 0.0171202 0.0030451 0.00592843 0.00995489 0.00801397 0.00172799 0.143449 
1992 0 0.00716777 0.0251438 0.10851 0.125806 0.0741611 0.0962671 0.107326 0.0531273 0.0328899 0.0256405 0.0372873 0.0379643 0.03221 0.0236449 0.0185905 0.0195144 0.00806254 0.00371142 0.0141147 0.14886 
1993 0 0.014918 0.0168334 0.102606 0.0884123 0.0996053 0.0828207 0.0814064 0.106527 0.0698741 0.0561288 0.0423251 0.0317225 0.036772 0.0251423 0.00833224 0.0149397 0.016339 0.0341251 0.0152358 0.0559337 
1994 0 0.0868108 0.0268286 0.0481641 0.112363 0.118018 0.0650729 0.0601437 0.0579393 0.0490986 0.0307815 0.0371482 0.0303561 0.0196291 0.026107 0.0182741 0.0124282 0.0142289 0.0221813 0.0347408 0.129686 
1995 0 0.0276906 0.100328 0.025297 0.0626893 0.102989 0.103687 0.0860999 0.0645995 0.0436637 0.0599959 0.0413524 0.0324184 0.0113536 0.0220068 0.0212989 0.0101378 0.00955645 0.00178728 0.0027052 0.170343 
1996 0 0.0153691 0.0900609 0.179099 0.0260885 0.0769021 0.0376344 0.0340282 0.0685204 0.0776364 0.0763617 0.0234496 0.0200861 0.0231915 0.0413515 0.0136255 0.00205387 0.00822096 0.00877442 0.0149495 0.162596 
1997 0 0.0105121 0.0551618 0.0906822 0.240328 0.0755986 0.0448153 0.0557041 0.053631 0.0566898 0.0566339 0.0522981 0.025445 0.0221822 0.00902596 0.00622188 0.00647525 0.0141864 0.0278791 0.0259716 0.0705575 
1998 0 0.00235765 0.00311005 0.0161267 0.0470744 0.0729768 0.0065875 0.00896765 0.0117549 0.00513149 0.0122189 0.00989457 0.00647912 0.00253041 0.00145486 0.00454472 0.00113978 0.00246202 0.00417567 0.00343457 0.777578 
1999 0 0.0126747 0.0847434 0.0585854 0.15533 0.187412 0.236371 0.0139433 0.0138515 0.0162008 0.0364823 0.0247297 0.0190069 0.0242943 0.0148038 0.0234464 0.00667553 0.00390801 0.0024927 0.00292596 0.0621229 
2000 0 0.0294232 0.0134512 0.258113 0.0916151 0.0906747 0.112453 0.155914 0.0143972 0.0276131 0.0492663 0.0324284 0.0266613 0.0320828 0.00825442 0.0125543 0.00495263 0.00249548 0.00934252 0.00404739 0.0242602 
2001 0 0.0309131 0.0589879 0.0973633 0.343806 0.0815035 0.0762823 0.111505 0.127428 0.00477299 0.00552326 0.00400519 0.0126507 0.00253014 0 0 0 0.00244799 0.00367199 0.00150633 0.0351022 
2002 0 0.0130814 0.0559006 0.106313 0.131937 0.225206 0.0816671 0.0769686 0.0770169 0.109787 0.0110078 0.00672293 0.02654 0.0122472 0.0264637 0.00293523 0.00946903 0 0.0114677 0.00785291 0.0074167 
2003 0 0.0214245 0.0607903 0.18191 0.159047 0.0536363 0.159156 0.0750465 0.033602 0.0533215 0.0978062 0.00185165 0.00601308 0.0134771 0.0143443 0.00859871 0.000898037 0.00500615 0.00139794 0.00905906 0.0436138 
2004 0 0.00739758 0.046438 0.0890914 0.141478 0.118789 0.0658464 0.188694 0.0561402 0.04826 0.050714 0.0458236 0.0112368 0.0131549 0.00734343 0.00816939 0.00812891 0.0147121 0.00930091 0.00555518 0.0637259 
2005 0 0.00288051 0.0211902 0.0783437 0.115563 0.142778 0.0965705 0.0411652 0.202494 0.0376006 0.0334117 0.0680211 0.105024 0 0.00176337 0 0.0025685 0.00898975 0 0 0.041636 
2006 0 0.00163376 0.00462928 0.0223888 0.720227 0.0455448 0.107448 0.0238709 0.016061 0.0324281 0.00493205 0.00454417 0.00325734 0.000672056 0.00191837 0.00191837 0.00446521 0.00143053 0.000157114 0.000157114 0.00231653 
2007 0 0.000918096 0.0324421 0.0393004 0.106371 0.0892096 0.0708237 0.0845909 0.0790854 0.0637383 0.147175 0.0169401 0.0263943 0.0501402 0.14185 0.00890968 0.0014201 0.00748958 0.0103465 0.0142844 0.00857062 
2008 0 0.00193473 0.00116084 0.00678731 0.0219972 0.0221335 0.0341329 0.0146139 0.0180333 0.0147576 0.00487701 0.0147515 0.00290119 0.00371061 0.00261185 0 0 0.000282904 0.000424356 0.182447 0.652442 
2009 0 0.0241436 0.0555252 0.0880899 0.142696 0.14338 0.13756 0.101215 0.0487456 0.0540815 0.0367053 0.0196026 0.0643584 0.0393123 0.0113819 0.0186496 0.0145531 0 0 0 0 
2010 0 0.0216034 0.0132574 0.0774463 0.0729668 0.129631 0.149605 0.0580583 0.104766 0.0751782 0.0838323 0.0573217 0.0350081 0.0793162 0.00744208 0.0179215 0.00231548 0.000747593 0.00224278 0 0.0113409 
2011 0 0.00739222 0.0603537 0.0416792 0.0832785 0.105158 0.086646 0.120563 0.0727869 0.121799 0.0477441 0.046727 0.0698056 0.00162804 0.0233659 0.0108301 0.0058058 0.0408162 0.0446532 0.00345748 0.00551015 
2012 0 0.0238603 0.137173 0.122814 0.0527174 0.0581542 0.0186097 0.0361655 0.0565334 0.0569636 0.12036 0.0321878 0.12455 0.0302868 0.0326176 0.0431606 0.00254414 0.000836787 0.00226806 0.000836787 0.0473601 
2013 0 0 0.0657463 0.181087 0.289471 0.0810521 0.119053 0.0269742 0.016966 0.0348246 0.0721069 0.00886121 0.00552135 0.00643778 0.0158715 0.00872133 0.0233073 0.0132248 0 0 0.0307726 
end_table
table error_values
1990 0 0 0 0 0 0 0 0 0 0 0 0 0 0 0 0 0 0 0 0 0 
1991 0 0 0 0 0 0 0 0 0 0 0 0 0 0 0 0 0 0 0 0 0 
1992 0 0 0 0 0 0 0 0 0 0 0 0 0 0 0 0 0 0 0 0 0 
1993 0 0 0 0 0 0 0 0 0 0 0 0 0 0 0 0 0 0 0 0 0 
1994 0 0 0 0 0 0 0 0 0 0 0 0 0 0 0 0 0 0 0 0 0 
1995 0 0 0 0 0 0 0 0 0 0 0 0 0 0 0 0 0 0 0 0 0 
1996 0 0 0 0 0 0 0 0 0 0 0 0 0 0 0 0 0 0 0 0 0 
1997 0 0 0 0 0 0 0 0 0 0 0 0 0 0 0 0 0 0 0 0 0 
1998 0 0 0 0 0 0 0 0 0 0 0 0 0 0 0 0 0 0 0 0 0 
1999 0 0 0 0 0 0 0 0 0 0 0 0 0 0 0 0 0 0 0 0 0 
2000 0 0 0 0 0 0 0 0 0 0 0 0 0 0 0 0 0 0 0 0 0 
2001 0 0 0 0 0 0 0 0 0 0 0 0 0 0 0 0 0 0 0 0 0 
2002 0 0 0 0 0 0 0 0 0 0 0 0 0 0 0 0 0 0 0 0 0 
2003 0 0 0 0 0 0 0 0 0 0 0 0 0 0 0 0 0 0 0 0 0 
2004 0 0 0 0 0 0 0 0 0 0 0 0 0 0 0 0 0 0 0 0 0 
2005 0 0 0 0 0 0 0 0 0 0 0 0 0 0 0 0 0 0 0 0 0 
2006 0 0 0 0 0 0 0 0 0 0 0 0 0 0 0 0 0 0 0 0 0 
2007 0 0 0 0 0 0 0 0 0 0 0 0 0 0 0 0 0 0 0 0 0 
2008 0 0 0 0 0 0 0 0 0 0 0 0 0 0 0 0 0 0 0 0 0 
2009 0 0 0 0 0 0 0 0 0 0 0 0 0 0 0 0 0 0 0 0 0 
2010 0 0 0 0 0 0 0 0 0 0 0 0 0 0 0 0 0 0 0 0 0 
2011 0 0 0 0 0 0 0 0 0 0 0 0 0 0 0 0 0 0 0 0 0 
2012 0 0 0 0 0 0 0 0 0 0 0 0 0 0 0 0 0 0 0 0 0 
2013 0 0 0 0 0 0 0 0 0 0 0 0 0 0 0 0 0 0 0 0 0 
end_table

