@observation BP_age_sample_sim
age_samples_per_cluster 10 
ageing_error age_error 
average_cluster_weight 6 
cluster_cv 0.6 
cluster_sigma 1.1 
fishery_label Fishing_LL 
layer_of_stratum_definitions area_definition 
max_age 20 
min_age 0 
process_label fishing 
strata_to_include BP 
type mortality_event_biomass_age_clusters 
years 1990 1991 1992 1993 1994 1995 1996 1997 1998 1999 2000 2001 2002 2003 2004 2005 2006 2007 2008 2009 2010 2011 2012 2013 
table obs
1990 0 0.0105592 0.0442145 0.0570443 0.113743 0.0837039 0.0841791 0.096437 0.0604084 0.0669617 0.0647695 0.0533893 0.0235 0.0250572 0.032228 0.0178012 0.0180878 0.00880431 0.00541151 0.0021293 0.131571 
1991 0 0.00628221 0.0230253 0.0407086 0.154977 0.153102 0.137629 0.0482057 0.050187 0.051278 0.0362788 0.0270543 0.0107372 0.0133311 0.00976368 0.00735047 0.0181996 0.00917216 0.0265402 0.0177812 0.158396 
1992 0 0.0312013 0.00886968 0.044382 0.143591 0.10208 0.0951655 0.0842826 0.0648376 0.0231288 0.0292619 0.0302397 0.0147329 0.0263174 0.0296985 0.0249168 0.0396783 0.0357877 0.0014272 0.0298471 0.140555 
1993 0 0.0280367 0.0685751 0.0905901 0.0958082 0.0954216 0.0525543 0.0289343 0.0255961 0.0241442 0.023087 0.0369183 0.0371456 0.0253284 0.0285227 0.0326554 0.0351782 0.0269753 0.0269209 0.0128034 0.204804 
1994 0 0.131709 0.0171301 0.0704078 0.117579 0.0899056 0.0631827 0.0468025 0.0426487 0.0238768 0.0332712 0.0569273 0.0387421 0.0353231 0.0270035 0.0187423 0.00616377 0.00308188 0.0202359 0.018735 0.138531 
1995 0 0.0322027 0.0965754 0.017529 0.101355 0.11235 0.119813 0.0637088 0.0403889 0.0292813 0.0465527 0.054622 0.0353465 0.0457453 0.0220446 0.0205558 0.0217011 0.0134154 0.00788294 0.015256 0.103674 
1996 0 0.0288632 0.0703202 0.166566 0.0420568 0.117364 0.0817213 0.0816792 0.0656311 0.0318773 0.0202346 0.0429467 0.0307638 0.0241494 0.0173914 0.0130473 0.0188081 0.00623607 0.0203124 0.0120402 0.107991 
1997 0 0.00175144 0.031023 0.141356 0.296095 0.0379109 0.0490945 0.0360841 0.0531199 0.0501794 0.0183248 0.0146086 0.0133407 0.00119186 0.0363163 0.0316883 0.0332133 0.0226557 0.0239814 0.018721 0.0893438 
1998 0 0.00312631 0.0060845 0.0144901 0.0259939 0.0309562 0.00278537 0.00419342 0.00505615 0.0115073 0.00966948 0.00292848 0.00211702 0.00121438 0.002064 0.00266098 0.0034501 0.00267311 0.00259856 0.000934998 0.865496 
1999 0 0.0293545 0.15706 0.112599 0.139065 0.204619 0.15719 0.00452529 0.00121875 0.0128648 0.00864601 0.014229 0.0337257 0.0183783 0.0192073 0.0175909 0.0206468 0.00716085 0.00358043 0.00354259 0.0347956 
2000 0 0.0223808 0.0288681 0.229064 0.103969 0.0976791 0.142744 0.174418 0.00628335 0.0223434 0.0413126 0.011803 0.0270211 0.0108367 0.0168375 0.00901353 0.00862842 0.0105916 0.00907223 0.00875817 0.0183748 
2001 0 0.0208184 0.0565521 0.0589861 0.36554 0.109822 0.0928112 0.101516 0.0969291 0.000795318 0.00330055 0.00868915 0.0168838 0.00616601 0.00998759 0.00905764 0.00665839 0 0 0 0.035487 
2002 0 0.0109686 0.0736557 0.0862174 0.0792901 0.381117 0.0668131 0.0415552 0.0389523 0.0702354 0.0121096 0.0181526 0.0439206 0.0328308 0.0143807 0.00100841 0.00100841 0 0.00100841 0.00353 0.0232459 
2003 0 0.0109239 0.030402 0.0864351 0.121625 0.0932774 0.322656 0.0755992 0.0311773 0.0494857 0.0673983 0 0.0214844 0.00318076 0.00572931 0.012723 0.00636151 0.00153768 0.000930341 0.00339836 0.0556748 
2004 0 0.0209734 0.0532944 0.0421628 0.232529 0.203195 0.0676481 0.121013 0.0368452 0.0346036 0.0480664 0.0575577 0.0133017 0.00595818 0.00161241 0.00390224 0.00361867 0.0102889 0.00305152 0 0.0403782 
2005 0 0.00889952 0.0395005 0.0969901 0.106274 0.156151 0.116329 0.0696764 0.160708 0.0316582 0.0365074 0.0466318 0.0247589 0.0153135 0.0170661 0.0235188 0.00474474 0.0104751 0.00418733 0.0232275 0.0073822 
2006 0 0.00487022 0.0280825 0.126421 0.21645 0.120744 0.183797 0.0817237 0.0334085 0.0917039 0.0181994 0.00828489 0.0218086 0.0201365 0.00453736 0.0226868 0.0115418 0.00560354 0 0 0 
2007 0 0.000515503 0.015749 0.0306103 0.0811319 0.0435723 0.0272052 0.0633619 0.036722 0.0277743 0.0638863 0.00907168 0.00471351 0.0177698 0.558787 0 0.00236537 0.00591344 0 0.00425084 0.00659914 
2008 0 0.000720925 0.00030996 0.00673267 0.0144503 0.0185312 0.0181807 0.00991867 0.0143863 0.0154848 0.0028225 0.0159124 0.00258479 0.00191733 0.00204526 0.00288368 0.000724986 0.000719305 0.000947769 0.0248781 0.845848 
2009 0 0.00314747 0.0287978 0.0346305 0.093111 0.138839 0.1307 0.147558 0.082013 0.0849865 0.0474049 0.00288926 0.0509355 0.0151347 0.00355513 0.0543234 0.00355564 0.00177782 0 0 0.0766401 
2010 0 0.0458794 0.012934 0.0848648 0.0558596 0.115306 0.126785 0.141769 0.121216 0.0454522 0.0385905 0.0169565 0.0163815 0.0520168 0.00679102 0.0188586 0.0246523 0.0619988 0.00314386 0 0.0105436 
2011 0 0.0232147 0.0996437 0.0326082 0.0768397 0.0624761 0.0932026 0.119197 0.108724 0.0942366 0.0336938 0.061865 0.0479356 0.0132519 0.0592979 0.0246849 0.0190262 0.00448928 0.0176383 0 0.00797408 
2012 0 0.0225489 0.105628 0.164054 0.082303 0.0794638 0.0499148 0.107956 0.0722212 0.0930728 0.0706701 0.0183725 0.030423 0.00624696 0.00433079 0.00823587 0.00205897 0.0137369 0.0155921 0.0256899 0.027481 
2013 0 0 0.0776387 0.17739 0.217588 0.0887272 0.0768372 0.0335888 0.0214782 0.0343267 0.0553379 0.0306382 0.0178058 0.0172554 0.00801603 0.00621673 0.0718702 0.0267468 0.00170479 0.00629131 0.0305428 
end_table
table error_values
1990 0 0 0 0 0 0 0 0 0 0 0 0 0 0 0 0 0 0 0 0 0 
1991 0 0 0 0 0 0 0 0 0 0 0 0 0 0 0 0 0 0 0 0 0 
1992 0 0 0 0 0 0 0 0 0 0 0 0 0 0 0 0 0 0 0 0 0 
1993 0 0 0 0 0 0 0 0 0 0 0 0 0 0 0 0 0 0 0 0 0 
1994 0 0 0 0 0 0 0 0 0 0 0 0 0 0 0 0 0 0 0 0 0 
1995 0 0 0 0 0 0 0 0 0 0 0 0 0 0 0 0 0 0 0 0 0 
1996 0 0 0 0 0 0 0 0 0 0 0 0 0 0 0 0 0 0 0 0 0 
1997 0 0 0 0 0 0 0 0 0 0 0 0 0 0 0 0 0 0 0 0 0 
1998 0 0 0 0 0 0 0 0 0 0 0 0 0 0 0 0 0 0 0 0 0 
1999 0 0 0 0 0 0 0 0 0 0 0 0 0 0 0 0 0 0 0 0 0 
2000 0 0 0 0 0 0 0 0 0 0 0 0 0 0 0 0 0 0 0 0 0 
2001 0 0 0 0 0 0 0 0 0 0 0 0 0 0 0 0 0 0 0 0 0 
2002 0 0 0 0 0 0 0 0 0 0 0 0 0 0 0 0 0 0 0 0 0 
2003 0 0 0 0 0 0 0 0 0 0 0 0 0 0 0 0 0 0 0 0 0 
2004 0 0 0 0 0 0 0 0 0 0 0 0 0 0 0 0 0 0 0 0 0 
2005 0 0 0 0 0 0 0 0 0 0 0 0 0 0 0 0 0 0 0 0 0 
2006 0 0 0 0 0 0 0 0 0 0 0 0 0 0 0 0 0 0 0 0 0 
2007 0 0 0 0 0 0 0 0 0 0 0 0 0 0 0 0 0 0 0 0 0 
2008 0 0 0 0 0 0 0 0 0 0 0 0 0 0 0 0 0 0 0 0 0 
2009 0 0 0 0 0 0 0 0 0 0 0 0 0 0 0 0 0 0 0 0 0 
2010 0 0 0 0 0 0 0 0 0 0 0 0 0 0 0 0 0 0 0 0 0 
2011 0 0 0 0 0 0 0 0 0 0 0 0 0 0 0 0 0 0 0 0 0 
2012 0 0 0 0 0 0 0 0 0 0 0 0 0 0 0 0 0 0 0 0 0 
2013 0 0 0 0 0 0 0 0 0 0 0 0 0 0 0 0 0 0 0 0 0 
end_table

