@observation BP_age_sample_sim
age_samples_per_cluster 10 
ageing_error age_error 
average_cluster_weight 6 
cluster_cv 0.6 
cluster_sigma 1.1 
fishery_label Fishing_LL 
layer_of_stratum_definitions area_definition 
max_age 20 
min_age 0 
process_label fishing 
strata_to_include BP 
type mortality_event_biomass_age_clusters 
years 1990 1991 1992 1993 1994 1995 1996 1997 1998 1999 2000 2001 2002 2003 2004 2005 2006 2007 2008 2009 2010 2011 2012 2013 
table obs
1990 0 0 0.0401557 0.0597608 0.0676734 0.071975 0.0538457 0.0428736 0.0818718 0.058435 0.0656623 0.0622808 0.0644137 0.0286419 0.0175065 0.0193937 0.0193635 0.00982616 0.0123535 0.0104632 0.213504 
1991 0 0.00706652 0.0401293 0.0582254 0.0990238 0.113246 0.143694 0.116841 0.0647452 0.0495482 0.0504934 0.0278115 0.0250574 0.0153377 0.0226104 0.0299004 0.0217718 0.0197754 0.00473203 0.0191548 0.0708363 
1992 0 0 0.0289574 0.0833405 0.0889507 0.0828853 0.0684735 0.0651202 0.0619948 0.0644923 0.0617904 0.0508566 0.0445419 0.0730941 0.0489025 0.0158353 0.0411159 0.0153159 0.0185265 0.01449 0.0713162 
1993 0 0.00461783 0.0388793 0.0851035 0.120642 0.0981293 0.0855252 0.0651605 0.0798359 0.0572312 0.055232 0.0318912 0.0195571 0.0216451 0.0249966 0.0260771 0.0208665 0.0133868 0.00684931 0.0141201 0.130254 
1994 0 0.0200116 0.0179663 0.0570499 0.151572 0.142923 0.106644 0.0513112 0.0652021 0.0589182 0.0495075 0.0317711 0.026282 0.0259714 0.0198142 0.0240918 0.0206049 0.0118465 0.0129849 0.0024646 0.103062 
1995 0 0.0150427 0.0911459 0.017161 0.0476323 0.122931 0.0855276 0.0549912 0.0530056 0.0786892 0.0568523 0.0743385 0.0526166 0.0282191 0.0293355 0.0338151 0.00979169 0.00429059 0.0082408 0.0234637 0.11291 
1996 0 0.0126411 0.0715875 0.196724 0.0545917 0.114381 0.088134 0.0668389 0.0511315 0.0448289 0.0261708 0.0329645 0.0616886 0.0505631 0.0173758 0.0119321 0.00918543 0.00794041 0.00316655 0.00677469 0.0713803 
1997 0 0.00675226 0.0308001 0.163753 0.316336 0.0414249 0.0600495 0.0518696 0.0346428 0.0213923 0.0136963 0.0180316 0.0227955 0.0287014 0.0279616 0.0264371 0.0401819 0.00992329 0.00790231 0.00679836 0.0705505 
1998 0 0.00587505 0.00486946 0.0180951 0.0348402 0.0635182 0.00895103 0.0116516 0.0145453 0.0200115 0.0126578 0.00621983 0.0056745 0.00166771 0.00127124 0.000315924 0.00146396 0.00239553 0.00240464 0.00131275 0.782259 
1999 0 0.0148435 0.0967473 0.0667488 0.0958499 0.209596 0.20914 0.0336024 0.0392649 0.0401114 0.0285434 0.0185221 0.0151248 0.0213186 0.0125034 0.0148341 0.00981828 0.00714158 0.00853236 0.00701204 0.0507446 
2000 0 0 0.0138754 0.198776 0.0727231 0.0830683 0.0916069 0.227623 0.0192852 0.0435879 0.0377038 0.0212424 0.0183688 0.0218811 0.0349797 0.0305624 0.0151001 0.0114906 0.00181586 0.0084691 0.0478402 
2001 0 0.0041736 0.0363023 0.0557454 0.352672 0.115483 0.0952953 0.103951 0.0799337 0.0160498 0.0060541 0.00370646 0.0339823 0.0314674 0.0152901 0.00274849 0.00137424 0 0.00271905 0.00407858 0.0389724 
2002 0 0.000811104 0.0658836 0.142429 0.129792 0.287997 0.0975585 0.0619229 0.0691296 0.047978 0.00421975 0.013928 0.0240509 0.00885117 0.00873713 0.00230744 0.00576859 0.00279109 0.00279109 0 0.0230521 
2003 0 0.0081689 0.0201759 0.0750533 0.140149 0.095769 0.246893 0.0897687 0.062902 0.0681389 0.097026 0.00910865 0.00950335 0.0133363 0.0105167 0.00457087 0.00683778 0 0 0 0.0420824 
2004 0 0.0193649 0.108272 0.0750106 0.169924 0.0952538 0.0840668 0.105062 0.058678 0.0628253 0.0708493 0.0458921 0.0182777 0.0199122 0.0127746 0.0115995 0.0154619 0.0098835 0.00113425 0 0.0157581 
2005 0 0.00412506 0.0592597 0.132928 0.16778 0.168875 0.0937187 0.0466315 0.102445 0.0454067 0.0454422 0.0459867 0.0565861 0.00223324 0.00223324 0.00661005 0.00274672 0.00111662 0.00230732 0.00950492 0.00406333 
2006 0 0.00307949 0.0253364 0.102428 0.220058 0.171508 0.243729 0.0534945 0.0200595 0.0465919 0.0162985 0.0208868 0.0254418 0.0234944 0 0 0.00538605 0.000499642 0.00483614 0.00538605 0.0114854 
2007 0 0.00334912 0.0382718 0.0934548 0.262575 0.170573 0.0675718 0.0563315 0.0566756 0.0145813 0.0697819 0.010439 0.0026118 0.0310462 0.0624382 0.00109917 0.00219833 0.00109917 0.015642 0.0117315 0.0285292 
2008 0 0.00112995 0.000782555 0.0214573 0.0254312 0.0341456 0.0327263 0.0161411 0.0296862 0.0174378 0.0064531 0.0325718 0.00917035 0.00408577 0.00491295 0.00882318 0.00366664 0.000659743 0.00212603 0.00212603 0.746467 
2009 0 0.00545131 0.0386855 0.0598945 0.113217 0.131802 0.132302 0.149744 0.0618349 0.0429346 0.0382369 0.0229586 0.083809 0.0448604 0.0139367 0.0258066 0.00990853 0.00093193 0 0 0.0236862 
2010 0 0.00972352 0.0181365 0.110654 0.0552093 0.143513 0.124514 0.133392 0.110128 0.0426046 0.0396848 0.0457648 0.0324729 0.0655906 0.0133137 0.00533988 0.0225602 0.00873241 0 0 0.0186665 
2011 0 0.0536053 0.100843 0.060668 0.10237 0.0353996 0.0765118 0.094352 0.103694 0.106848 0.0509114 0.0529281 0.0417636 0.0317486 0.0469463 0.0169203 0.0140287 0.00370986 0.00675175 0 0 
2012 0 0.00694289 0.092569 0.170533 0.0664916 0.0542067 0.0300179 0.0397481 0.0773189 0.0870875 0.0982543 0.0702107 0.0784354 0.038504 0.0142557 0.0260864 0.00188216 0.0149609 0.0114605 0.00365816 0.0173763 
2013 0 0.0095433 0.0446449 0.16967 0.278845 0.0618319 0.0494367 0.0261708 0.0575859 0.074056 0.104844 0.0414535 0.0191654 0.0219292 0.0111048 0.00436538 0.0150278 0.00428804 0.00157682 0.00189723 0.00256331 
end_table
table error_values
1990 0 0 0 0 0 0 0 0 0 0 0 0 0 0 0 0 0 0 0 0 0 
1991 0 0 0 0 0 0 0 0 0 0 0 0 0 0 0 0 0 0 0 0 0 
1992 0 0 0 0 0 0 0 0 0 0 0 0 0 0 0 0 0 0 0 0 0 
1993 0 0 0 0 0 0 0 0 0 0 0 0 0 0 0 0 0 0 0 0 0 
1994 0 0 0 0 0 0 0 0 0 0 0 0 0 0 0 0 0 0 0 0 0 
1995 0 0 0 0 0 0 0 0 0 0 0 0 0 0 0 0 0 0 0 0 0 
1996 0 0 0 0 0 0 0 0 0 0 0 0 0 0 0 0 0 0 0 0 0 
1997 0 0 0 0 0 0 0 0 0 0 0 0 0 0 0 0 0 0 0 0 0 
1998 0 0 0 0 0 0 0 0 0 0 0 0 0 0 0 0 0 0 0 0 0 
1999 0 0 0 0 0 0 0 0 0 0 0 0 0 0 0 0 0 0 0 0 0 
2000 0 0 0 0 0 0 0 0 0 0 0 0 0 0 0 0 0 0 0 0 0 
2001 0 0 0 0 0 0 0 0 0 0 0 0 0 0 0 0 0 0 0 0 0 
2002 0 0 0 0 0 0 0 0 0 0 0 0 0 0 0 0 0 0 0 0 0 
2003 0 0 0 0 0 0 0 0 0 0 0 0 0 0 0 0 0 0 0 0 0 
2004 0 0 0 0 0 0 0 0 0 0 0 0 0 0 0 0 0 0 0 0 0 
2005 0 0 0 0 0 0 0 0 0 0 0 0 0 0 0 0 0 0 0 0 0 
2006 0 0 0 0 0 0 0 0 0 0 0 0 0 0 0 0 0 0 0 0 0 
2007 0 0 0 0 0 0 0 0 0 0 0 0 0 0 0 0 0 0 0 0 0 
2008 0 0 0 0 0 0 0 0 0 0 0 0 0 0 0 0 0 0 0 0 0 
2009 0 0 0 0 0 0 0 0 0 0 0 0 0 0 0 0 0 0 0 0 0 
2010 0 0 0 0 0 0 0 0 0 0 0 0 0 0 0 0 0 0 0 0 0 
2011 0 0 0 0 0 0 0 0 0 0 0 0 0 0 0 0 0 0 0 0 0 
2012 0 0 0 0 0 0 0 0 0 0 0 0 0 0 0 0 0 0 0 0 0 
2013 0 0 0 0 0 0 0 0 0 0 0 0 0 0 0 0 0 0 0 0 0 
end_table

