@observation BP_age_sample_sim
age_samples_per_cluster 10 
ageing_error age_error 
average_cluster_weight 6 
cluster_cv 0.6 
cluster_sigma 1.1 
fishery_label Fishing_LL 
layer_of_stratum_definitions area_definition 
max_age 20 
min_age 0 
process_label fishing 
strata_to_include BP 
type mortality_event_biomass_age_clusters 
years 1990 1991 1992 1993 1994 1995 1996 1997 1998 1999 2000 2001 2002 2003 2004 2005 2006 2007 2008 2009 2010 2011 2012 2013 
table obs
1990 0 0.01072 0.0663818 0.0943775 0.121016 0.0808363 0.0454379 0.0512018 0.0697647 0.0480799 0.0403548 0.0440518 0.0399773 0.0253159 0.0173997 0.0367249 0.0157938 0.0194694 0.0175178 0.0244522 0.131127 
1991 0 0.00383519 0.0344604 0.100693 0.11282 0.100012 0.068037 0.0771404 0.0333267 0.0405662 0.0323858 0.0388338 0.025096 0.0442478 0.0350163 0.0248852 0.0184752 0.0345099 0.0110745 0.0104383 0.154146 
1992 0 0.012394 0.0256151 0.0605576 0.0795245 0.0850258 0.0758626 0.0727787 0.0877728 0.070043 0.0702312 0.0625364 0.0478035 0.0357459 0.0379052 0.0181775 0.0251951 0.0355383 0.0144954 0.00802305 0.0747742 
1993 0 0 0.0264911 0.143539 0.14493 0.125234 0.0887049 0.0666487 0.0653419 0.0488864 0.03293 0.0327857 0.0297168 0.0267064 0.0228759 0.00896641 0.00575119 0.0204442 0.019152 0.00159387 0.0893019 
1994 0 0.0525197 0.0189998 0.105652 0.180736 0.155126 0.0727847 0.0337431 0.0475269 0.0483995 0.0313352 0.0448671 0.0390549 0.0144528 0.0158771 0.0246338 0.0258806 0.00821476 0.00518514 0 0.0750112 
1995 0 0.0101052 0.0933849 0.029636 0.0845321 0.0767948 0.0700247 0.0669881 0.0534553 0.0539702 0.0516296 0.035826 0.0440152 0.0313512 0.042823 0.0211307 0.00716497 0.016373 0.0118211 0.00773341 0.191241 
1996 0 0.0188396 0.0448151 0.108292 0.0308781 0.0597032 0.082584 0.0700628 0.0704933 0.0649586 0.0844793 0.0604719 0.0841573 0.0404303 0.0376018 0.0188267 0.0177624 0.00856728 0.0120945 0.0111574 0.0738242 
1997 0 0.00500319 0.0362064 0.115534 0.316917 0.0479656 0.0622193 0.0635209 0.0720454 0.0440975 0.0219669 0.0216377 0.0107294 0.0185878 0.0153952 0.0105548 0.0167671 0.0233436 0.0231537 0.0291399 0.0452149 
1998 0 0.00338953 0.00532819 0.0343193 0.0575257 0.0658194 0.0070716 0.00932311 0.0164792 0.0164776 0.00655121 0.00312734 0.00599375 0.0199125 0.00762334 0.00333094 0.0043671 0.00382557 0.0156482 0.00186544 0.712021 
1999 0 0.00324203 0.103653 0.041549 0.158941 0.163853 0.179521 0.00745844 0.0225418 0.0248411 0.0647015 0.0373498 0.0384247 0.0215278 0.0103536 0.0164975 0.0137027 0.00209486 0.00695171 0.00952173 0.0732726 
2000 0 0.0222576 0.0213749 0.21531 0.127506 0.114653 0.110113 0.177225 0.0152983 0.0191974 0.0209698 0.0252255 0.0197234 0.00954308 0.00902799 0.0213599 0.0157217 0.0155236 0.0105812 0.00787783 0.0215103 
2001 0 0.0393685 0.0578189 0.0501631 0.345315 0.0635484 0.0682326 0.0653072 0.111172 0.00990306 0.020983 0.0168867 0.033647 0.0258397 0.0237588 0.0256675 0.00606808 0.0013912 0.0164871 0.0013912 0.0170515 
2002 0 0.0160461 0.0677351 0.0902239 0.106694 0.3216 0.0759284 0.0580656 0.078445 0.0524268 0.0229691 0.00892747 0.00819695 0.00959939 0.0158318 0.00679029 0 0.01681 0.0218538 0.00924632 0.0126096 
2003 0 0.015198 0.0218731 0.0806511 0.134385 0.110539 0.309789 0.0637203 0.0504633 0.0548319 0.0524922 0.00290692 0.00647712 0.0120471 0.0132491 0.00681643 0.00306813 0.00862552 0.0091162 0.00787157 0.0358793 
2004 0 0.00368726 0.0502956 0.0683587 0.1713 0.151299 0.0482477 0.140228 0.0161438 0.0282867 0.0443179 0.043339 0.0417539 0.0194163 0.0198721 0.013207 0.0242457 0.0179334 0.00379586 0.00135615 0.0929167 
2005 0 0.0123308 0.0588223 0.106456 0.115004 0.164248 0.137888 0.0588289 0.14267 0.039002 0.0265336 0.0661895 0.0533856 0 0.000968178 0.000968178 0.00484089 0.00193636 0 0 0.00992702 
2006 0 0.0042439 0.0280208 0.11552 0.281752 0.138248 0.157779 0.0426854 0.0376118 0.0765042 0.0229555 0.00781091 0.0132487 0.0103031 0.00330704 0 0.00723731 0.00644474 0.0114737 0 0.0348543 
2007 0 0 0.0362917 0.094069 0.147669 0.143345 0.0661893 0.0843158 0.0791053 0.0517249 0.17206 0.0270932 0.0126691 0.0196451 0.0272843 0.00223225 0.00446449 0.00856406 0.00428203 0.00874652 0.0102489 
2008 0 0 0.00229399 0.0138438 0.0203656 0.0130574 0.572317 0.00865829 0.0142897 0.00554699 0.00180619 0.0029116 0.00151068 0.00111792 0.00148061 0.00226432 0.00059004 0.000688622 0.000344311 0.000688622 0.336224 
2009 0 0 0.00744833 0.0163478 0.168098 0.182022 0.162674 0.137823 0.0476806 0.0383975 0.057611 0.0126026 0.0732986 0.0388202 0 0.0365663 0.00163549 0.0021806 0 0 0.0167937 
2010 0 0.0346413 0.0184752 0.0500038 0.0422543 0.0741089 0.15629 0.142983 0.111666 0.0407256 0.0653176 0.0417365 0.0440201 0.0439835 0.0197216 0.0230726 0.0378228 0.0124481 0.00269401 0 0.0380352 
2011 0 0.0820344 0.114162 0.0562932 0.0978005 0.0371079 0.0907962 0.0949014 0.0504768 0.057505 0.0284916 0.0688018 0.0805734 0.0109762 0.0335943 0.0258068 0.00885873 0.0226889 0.0252678 0 0.0138626 
2012 0 0.0280284 0.102122 0.171941 0.0615603 0.124875 0.0175339 0.0637497 0.111025 0.109876 0.0464418 0.0323493 0.049283 0.0166485 0.0112578 0.0110933 0.00346239 0.0224052 0.00645898 0.00437125 0.00551678 
2013 0 0.0046938 0.0461221 0.1963 0.346946 0.0433277 0.0775125 0.0392516 0.0745694 0.0459138 0.0677742 0.00781967 0.00921539 0.00152934 0.00246076 0.000509778 0.0057134 0.00156462 0.00545733 0.00156462 0.021754 
end_table
table error_values
1990 0 0 0 0 0 0 0 0 0 0 0 0 0 0 0 0 0 0 0 0 0 
1991 0 0 0 0 0 0 0 0 0 0 0 0 0 0 0 0 0 0 0 0 0 
1992 0 0 0 0 0 0 0 0 0 0 0 0 0 0 0 0 0 0 0 0 0 
1993 0 0 0 0 0 0 0 0 0 0 0 0 0 0 0 0 0 0 0 0 0 
1994 0 0 0 0 0 0 0 0 0 0 0 0 0 0 0 0 0 0 0 0 0 
1995 0 0 0 0 0 0 0 0 0 0 0 0 0 0 0 0 0 0 0 0 0 
1996 0 0 0 0 0 0 0 0 0 0 0 0 0 0 0 0 0 0 0 0 0 
1997 0 0 0 0 0 0 0 0 0 0 0 0 0 0 0 0 0 0 0 0 0 
1998 0 0 0 0 0 0 0 0 0 0 0 0 0 0 0 0 0 0 0 0 0 
1999 0 0 0 0 0 0 0 0 0 0 0 0 0 0 0 0 0 0 0 0 0 
2000 0 0 0 0 0 0 0 0 0 0 0 0 0 0 0 0 0 0 0 0 0 
2001 0 0 0 0 0 0 0 0 0 0 0 0 0 0 0 0 0 0 0 0 0 
2002 0 0 0 0 0 0 0 0 0 0 0 0 0 0 0 0 0 0 0 0 0 
2003 0 0 0 0 0 0 0 0 0 0 0 0 0 0 0 0 0 0 0 0 0 
2004 0 0 0 0 0 0 0 0 0 0 0 0 0 0 0 0 0 0 0 0 0 
2005 0 0 0 0 0 0 0 0 0 0 0 0 0 0 0 0 0 0 0 0 0 
2006 0 0 0 0 0 0 0 0 0 0 0 0 0 0 0 0 0 0 0 0 0 
2007 0 0 0 0 0 0 0 0 0 0 0 0 0 0 0 0 0 0 0 0 0 
2008 0 0 0 0 0 0 0 0 0 0 0 0 0 0 0 0 0 0 0 0 0 
2009 0 0 0 0 0 0 0 0 0 0 0 0 0 0 0 0 0 0 0 0 0 
2010 0 0 0 0 0 0 0 0 0 0 0 0 0 0 0 0 0 0 0 0 0 
2011 0 0 0 0 0 0 0 0 0 0 0 0 0 0 0 0 0 0 0 0 0 
2012 0 0 0 0 0 0 0 0 0 0 0 0 0 0 0 0 0 0 0 0 0 
2013 0 0 0 0 0 0 0 0 0 0 0 0 0 0 0 0 0 0 0 0 0 
end_table

