@observation BP_age_sample_sim
age_samples_per_cluster 10 
ageing_error age_error 
average_cluster_weight 6 
cluster_cv 0.6 
cluster_sigma 1.1 
fishery_label Fishing_LL 
layer_of_stratum_definitions area_definition 
max_age 20 
min_age 0 
process_label fishing 
strata_to_include BP 
type mortality_event_biomass_age_clusters 
years 1990 1991 1992 1993 1994 1995 1996 1997 1998 1999 2000 2001 2002 2003 2004 2005 2006 2007 2008 2009 2010 2011 2012 2013 
table obs
1990 0 0.015108 0.0289822 0.0704719 0.0818138 0.0679691 0.0483797 0.0659552 0.0554773 0.0564122 0.0709227 0.0771791 0.0670018 0.0487279 0.0151044 0.00484572 0.0172244 0.0378943 0.02309 0.0162877 0.131153 
1991 0 0.0199202 0.0429957 0.101328 0.0879355 0.0711765 0.10984 0.0924523 0.0591856 0.0657441 0.0380202 0.0266628 0.0100417 0.0244083 0.0229316 0.0232312 0.0255857 0.0372436 0.0136765 0.0112609 0.11636 
1992 0 0.00502276 0.0208163 0.0471372 0.106566 0.111191 0.0884562 0.0791028 0.0537031 0.0499857 0.0562506 0.0648412 0.0396275 0.0474902 0.0149215 0.00908189 0.00564607 0.00873125 0.00649934 0.00866625 0.176264 
1993 0 0.00997116 0.0361864 0.10125 0.117638 0.133011 0.0630414 0.0553916 0.0474853 0.0418431 0.0624419 0.0525014 0.0369582 0.0326 0.0100093 0.0181012 0.022617 0.0311945 0.011948 0.0119019 0.103909 
1994 0 0.0234543 0.0303638 0.0759714 0.124156 0.0988797 0.0749692 0.0470701 0.0472899 0.0170791 0.0469464 0.0796291 0.0516832 0.049969 0.0202984 0.0101011 0.00922981 0.00627722 0.00627722 0.0109467 0.169408 
1995 0 0.0434579 0.0538698 0.0356883 0.0888655 0.14983 0.123912 0.105967 0.0843187 0.0436299 0.0564823 0.0266661 0.033963 0.0178391 0.00140042 0.00374356 0.00314844 0.000952093 0.00726565 0.0096973 0.109303 
1996 0 0.00817071 0.10193 0.239845 0.0486462 0.0517027 0.0799732 0.0531114 0.0539017 0.053499 0.0337002 0.0345277 0.0224482 0.0387628 0.0261653 0.0138449 0.0110503 0.00612773 0.0137231 0.00556619 0.103303 
1997 0 0.00266282 0.0266708 0.0845968 0.270034 0.0361888 0.0584683 0.050184 0.0494818 0.0402508 0.0190497 0.0446984 0.0378844 0.0512688 0.0904547 0.00693194 0.0181562 0.0201832 0.0128795 0.0174695 0.0624858 
1998 0 0.00433532 0.00241601 0.0054893 0.0205884 0.0264533 0.00300451 0.0092721 0.0100281 0.00917961 0.00501799 0.00189498 0.00270751 0.001783 0.00274701 0.00264377 0.00424798 0.00947345 0.00243545 0.00161938 0.874663 
1999 0 0.00185453 0.0793935 0.098928 0.170874 0.195868 0.177728 0.0216103 0.0461199 0.0360273 0.0317447 0.037932 0.0229079 0.0164181 0.0165282 0.0185411 0.0032508 0.0032508 0.00527491 0.00354232 0.0122053 
2000 0 0 0.0198941 0.304165 0.171861 0.102709 0.152937 0.137541 0.00953304 0.0229374 0.0147978 0.0026677 0 0 0 0 0.000990721 0.00198144 0.00271446 0.00840108 0.046869 
2001 0 0.0280193 0.0458921 0.0254394 0.420898 0.0794102 0.0904482 0.105557 0.0944983 0.000652452 0.0282058 0.0201221 0.00911582 0.0064495 0.00927326 0.0023809 0.00769541 0.00461724 0 0.00153908 0.0197861 
2002 0 0.0125703 0.0515413 0.0874572 0.160868 0.270013 0.0685917 0.11861 0.0710969 0.0512424 0.00794962 0.00521516 0.0198034 0.00296785 0.00313339 0.00783348 0.00947917 0.0120693 0.00211526 0.00537522 0.0320672 
2003 0 0.0237714 0.027869 0.0961196 0.12157 0.098191 0.254979 0.0209068 0.0357312 0.0547006 0.114009 0.010693 0.0282525 0.0201758 0.0220787 0.00690912 0.00497749 0 0.00316038 0 0.0559058 
2004 0 0.0299313 0.0664937 0.0711788 0.188936 0.121812 0.0602415 0.20834 0.0529521 0.0400467 0.0389853 0.0171738 0 0 0.00647996 0.00264508 0.0169773 0.0418428 0.0256596 0.00479578 0.00550829 
2005 0 0.0065734 0.0166193 0.106528 0.102596 0.140194 0.120514 0.0400711 0.114538 0.0574684 0.0589017 0.122271 0.079112 0.00225352 0.00322619 0.00419885 0.00808952 0.00850094 0.00573429 0.000870192 0.00174038 
2006 0 0.00944981 0.0107181 0.0516669 0.233501 0.137348 0.225231 0.101229 0.0457726 0.0596964 0.0231461 0.00777346 0.0127783 0.0115706 0.00787769 0.0122923 0.00447373 0.0138057 0.0177657 0.00716317 0.00674053 
2007 0 0 0.00777368 0.0473171 0.0986933 0.130899 0.0786518 0.0657762 0.0776867 0.0259297 0.117838 0.0417999 0.0222218 0.0458551 0.133337 0 0 0.0146918 0.0126145 0.00846003 0.0704547 
2008 0 0.00390609 0.00982109 0.0418158 0.0674631 0.0598549 0.080388 0.0268862 0.0174371 0.015817 0.0108337 0.0231116 0.0153623 0.00216135 0.00269058 0.00885066 0.000744163 0 0 0.13619 0.476666 
2009 0 0.00166898 0.0287449 0.019346 0.0860754 0.203097 0.146808 0.128522 0.0858098 0.0904765 0.0561001 0.0104678 0.0507795 0.00417287 0 0.0279794 0 0 0 0 0.059952 
2010 0 0.0257357 0.0318565 0.0492875 0.0346972 0.126682 0.135954 0.112164 0.0923078 0.0428314 0.0637992 0.0420593 0.0289183 0.13416 0.00935584 0.0358998 0.0108848 0.0188911 0.00225758 0.00225758 0 
2011 0 0.0478029 0.0712666 0.0472892 0.103499 0.0263409 0.0760169 0.189683 0.11055 0.0733669 0.0490339 0.0511781 0.0330804 0.0250594 0.0528788 0.0180974 0.0121435 0.00631443 0.00255937 0 0.00383906 
2012 0 0.0188847 0.0647307 0.189274 0.0583163 0.0955749 0.0351039 0.085749 0.110763 0.0906616 0.0508732 0.0355695 0.0443842 0.0135447 0.0107954 0.0256384 0.000704641 0.00322792 0.015975 0.0255274 0.0247017 
2013 0 0.0117112 0.0702514 0.136702 0.243512 0.0306643 0.054405 0.0274802 0.0577374 0.0576605 0.0688693 0.0308751 0.0517852 0.0351283 0.00264984 0.00583517 0.0313884 0.0346286 0.00850252 0.00789126 0.0323223 
end_table
table error_values
1990 0 0 0 0 0 0 0 0 0 0 0 0 0 0 0 0 0 0 0 0 0 
1991 0 0 0 0 0 0 0 0 0 0 0 0 0 0 0 0 0 0 0 0 0 
1992 0 0 0 0 0 0 0 0 0 0 0 0 0 0 0 0 0 0 0 0 0 
1993 0 0 0 0 0 0 0 0 0 0 0 0 0 0 0 0 0 0 0 0 0 
1994 0 0 0 0 0 0 0 0 0 0 0 0 0 0 0 0 0 0 0 0 0 
1995 0 0 0 0 0 0 0 0 0 0 0 0 0 0 0 0 0 0 0 0 0 
1996 0 0 0 0 0 0 0 0 0 0 0 0 0 0 0 0 0 0 0 0 0 
1997 0 0 0 0 0 0 0 0 0 0 0 0 0 0 0 0 0 0 0 0 0 
1998 0 0 0 0 0 0 0 0 0 0 0 0 0 0 0 0 0 0 0 0 0 
1999 0 0 0 0 0 0 0 0 0 0 0 0 0 0 0 0 0 0 0 0 0 
2000 0 0 0 0 0 0 0 0 0 0 0 0 0 0 0 0 0 0 0 0 0 
2001 0 0 0 0 0 0 0 0 0 0 0 0 0 0 0 0 0 0 0 0 0 
2002 0 0 0 0 0 0 0 0 0 0 0 0 0 0 0 0 0 0 0 0 0 
2003 0 0 0 0 0 0 0 0 0 0 0 0 0 0 0 0 0 0 0 0 0 
2004 0 0 0 0 0 0 0 0 0 0 0 0 0 0 0 0 0 0 0 0 0 
2005 0 0 0 0 0 0 0 0 0 0 0 0 0 0 0 0 0 0 0 0 0 
2006 0 0 0 0 0 0 0 0 0 0 0 0 0 0 0 0 0 0 0 0 0 
2007 0 0 0 0 0 0 0 0 0 0 0 0 0 0 0 0 0 0 0 0 0 
2008 0 0 0 0 0 0 0 0 0 0 0 0 0 0 0 0 0 0 0 0 0 
2009 0 0 0 0 0 0 0 0 0 0 0 0 0 0 0 0 0 0 0 0 0 
2010 0 0 0 0 0 0 0 0 0 0 0 0 0 0 0 0 0 0 0 0 0 
2011 0 0 0 0 0 0 0 0 0 0 0 0 0 0 0 0 0 0 0 0 0 
2012 0 0 0 0 0 0 0 0 0 0 0 0 0 0 0 0 0 0 0 0 0 
2013 0 0 0 0 0 0 0 0 0 0 0 0 0 0 0 0 0 0 0 0 0 
end_table

