@observation BP_age_sample_sim
age_samples_per_cluster 10 
ageing_error age_error 
average_cluster_weight 6 
cluster_cv 0.6 
cluster_sigma 1.1 
fishery_label Fishing_LL 
layer_of_stratum_definitions area_definition 
max_age 20 
min_age 0 
process_label fishing 
strata_to_include BP 
type mortality_event_biomass_age_clusters 
years 1990 1991 1992 1993 1994 1995 1996 1997 1998 1999 2000 2001 2002 2003 2004 2005 2006 2007 2008 2009 2010 2011 2012 2013 
table obs
1990 0 0.0426937 0.059827 0.0562135 0.0888328 0.0868041 0.116661 0.0937699 0.068206 0.0410327 0.0449631 0.043202 0.0228919 0.0114976 0.0177725 0.0240002 0.0395368 0.0226882 0.0234972 0.0255124 0.0703977 
1991 0 0.0151662 0.0244538 0.0829799 0.0962979 0.0952621 0.105164 0.0731026 0.0592348 0.0520164 0.0376255 0.0319812 0.0172482 0.0396359 0.0310183 0.0193411 0.0194781 0.0243156 0.0277387 0.0356761 0.112264 
1992 0 0.00770334 0.0380264 0.120889 0.106923 0.097278 0.0641172 0.069128 0.0514704 0.0972223 0.0257397 0.0239245 0.0293623 0.0253491 0.0404297 0.0442626 0.0268658 0.0316076 0.0215475 0.0113688 0.0667846 
1993 0 0.00336286 0.0308808 0.0730213 0.0891727 0.0836313 0.107484 0.0990219 0.0814629 0.0663621 0.0487192 0.0531537 0.0424455 0.0268643 0.045392 0.0318387 0.0139965 0.0208233 0.00143518 0.00200466 0.0789276 
1994 0 0.0169107 0.00713068 0.037117 0.167339 0.0714044 0.0569346 0.0453405 0.0478275 0.0543551 0.0662562 0.0387019 0.0517373 0.0661947 0.0596782 0.0310423 0.0414962 0.0101577 0.0144006 0.00725537 0.10872 
1995 0 0.0257087 0.0987271 0.0442694 0.0661095 0.111223 0.0993141 0.0765267 0.0656467 0.0660428 0.0205615 0.0267562 0.0211078 0.0196394 0.0330314 0.0237616 0.0329719 0.0313311 0.0177527 0.00212287 0.117396 
1996 0 0.00873459 0.0966998 0.295023 0.0576884 0.0696697 0.0894182 0.0380564 0.0520912 0.0290382 0.038035 0.0408114 0.0243343 0.00897319 0.00884825 0.0159065 0.00843226 0.0180429 0.0136188 0.00945484 0.0771224 
1997 0 0.00129032 0.0247887 0.113941 0.249423 0.041802 0.0531705 0.0312143 0.0528361 0.0335057 0.0451292 0.0456529 0.00870788 0.0250487 0.0442738 0.0384168 0.0347665 0.0328144 0.0151186 0.00490268 0.103198 
1998 0 0.00402823 0.00311795 0.0134486 0.0326587 0.0428423 0.00142227 0.00208214 0.00316009 0.00406094 0.00392288 0.00308831 0.0017839 0.00206018 0.000412036 0.00481909 0.003307 0.00817193 0.00276621 0.00392736 0.85892 
1999 0 0.00134128 0.0805423 0.087969 0.123013 0.17695 0.147491 0.027236 0.0358791 0.0196269 0.0337118 0.0327028 0.0343971 0.0446146 0.0408641 0.0323096 0.0162456 0.0135957 0.0053662 0 0.0461433 
2000 0 0.00713602 0.0336421 0.294346 0.0884658 0.115311 0.098883 0.0962764 0.0267524 0.0312284 0.0435277 0.0269602 0.0408834 0.00890991 0.0109951 0.00541614 0.00675188 0.00777198 0.00777198 0.00337594 0.0455942 
2001 0 0.00963992 0.0779969 0.0907544 0.382781 0.078904 0.0901635 0.104353 0.0918359 0.00230329 0.00958901 0.0136328 0.0111787 0.00275063 0.0103332 0.00669689 0 0 0 0 0.0170873 
2002 0 0.0145508 0.0496505 0.082963 0.0877928 0.378558 0.0627906 0.0651156 0.0690837 0.0945265 0.0115363 0.020573 0.0130724 0.0101009 0.00827617 0.00622564 0.0146217 0.00633897 0.00140785 0 0.00281571 
2003 0 0.00225329 0.021001 0.10951 0.158262 0.0545082 0.209014 0.0695245 0.0812722 0.0786787 0.0832097 0.0185801 0.0289924 0.0148708 0.0113289 0 0 0 0 0.0025413 0.0564526 
2004 0 0.0161727 0.0243591 0.0794768 0.124407 0.126006 0.0596154 0.198285 0.0477288 0.0666007 0.0591125 0.0758264 0.0157311 0.0286257 0.0367157 0.0211152 0.00402438 0.0058869 0.00206208 0 0.00824831 
2005 0 0.016351 0.0425814 0.077028 0.0732484 0.141999 0.0857932 0.0690049 0.142008 0.104082 0.0603187 0.0655475 0.0554523 0.00917602 0.00421693 0.0102244 0.00927618 0.0046847 0.00181523 0.00524417 0.0219489 
2006 0 0.0100957 0.0379951 0.198573 0.181562 0.0997843 0.12455 0.0782571 0.0172916 0.118758 0.0216658 0.0113516 0.0268702 0.0458961 0.00767242 0.00165295 0.00735963 0.00119575 0 0.00119575 0.00827153 
2007 0 0 0.0228531 0.171285 0.11543 0.124082 0.0625971 0.0679075 0.106664 0.0650669 0.101553 0.0136474 0.0154366 0.0408102 0.0668916 0.00674671 0.00337336 0.00695775 0 0.00347887 0.00521831 
2008 0 0.000472164 0.00489286 0.0145403 0.0270349 0.0380283 0.0801275 0.0172658 0.0171355 0.0162774 0.00128081 0.00682579 0.00316497 0.00196153 0.00279505 0.00565901 0.00186043 0 0 0.0960608 0.664617 
2009 0 0.00239385 0.0119947 0.0454815 0.0750937 0.175889 0.161642 0.128606 0.0451143 0.063472 0.0598836 0.0258185 0.086427 0.0250779 0.0169729 0.0192785 0.0331213 0.00310061 0.00534113 0 0.0152912 
2010 0 0.0219725 0.0226424 0.10718 0.0632293 0.0849887 0.135901 0.0953496 0.12013 0.0550312 0.0598978 0.0593745 0.0225843 0.0617631 0.0113554 0.0117982 0.0171698 0.0286157 0.0092068 0 0.0118099 
2011 0 0.0160678 0.0853641 0.0326691 0.0794027 0.034371 0.100176 0.1787 0.121967 0.117979 0.046739 0.0410304 0.0310271 0.0185509 0.0362198 0.00806921 0.00213376 0.00316186 0.0175724 0.0125386 0.0162597 
2012 0 0.0087449 0.115952 0.17292 0.0483151 0.113444 0.0331944 0.0821526 0.0764256 0.0781971 0.0540914 0.0316283 0.0526303 0.0175126 0.026237 0.0344407 0.00712171 0.017722 0.011631 0.00953631 0.00810332 
2013 0 0.0269735 0.132058 0.205134 0.221113 0.0308955 0.0530957 0.0147317 0.0445754 0.0718872 0.0344759 0.0217045 0.0373223 0.0469062 0.00321422 0.0063368 0.0117742 0.00693659 0.0115916 0.0074719 0.0118025 
end_table
table error_values
1990 0 0 0 0 0 0 0 0 0 0 0 0 0 0 0 0 0 0 0 0 0 
1991 0 0 0 0 0 0 0 0 0 0 0 0 0 0 0 0 0 0 0 0 0 
1992 0 0 0 0 0 0 0 0 0 0 0 0 0 0 0 0 0 0 0 0 0 
1993 0 0 0 0 0 0 0 0 0 0 0 0 0 0 0 0 0 0 0 0 0 
1994 0 0 0 0 0 0 0 0 0 0 0 0 0 0 0 0 0 0 0 0 0 
1995 0 0 0 0 0 0 0 0 0 0 0 0 0 0 0 0 0 0 0 0 0 
1996 0 0 0 0 0 0 0 0 0 0 0 0 0 0 0 0 0 0 0 0 0 
1997 0 0 0 0 0 0 0 0 0 0 0 0 0 0 0 0 0 0 0 0 0 
1998 0 0 0 0 0 0 0 0 0 0 0 0 0 0 0 0 0 0 0 0 0 
1999 0 0 0 0 0 0 0 0 0 0 0 0 0 0 0 0 0 0 0 0 0 
2000 0 0 0 0 0 0 0 0 0 0 0 0 0 0 0 0 0 0 0 0 0 
2001 0 0 0 0 0 0 0 0 0 0 0 0 0 0 0 0 0 0 0 0 0 
2002 0 0 0 0 0 0 0 0 0 0 0 0 0 0 0 0 0 0 0 0 0 
2003 0 0 0 0 0 0 0 0 0 0 0 0 0 0 0 0 0 0 0 0 0 
2004 0 0 0 0 0 0 0 0 0 0 0 0 0 0 0 0 0 0 0 0 0 
2005 0 0 0 0 0 0 0 0 0 0 0 0 0 0 0 0 0 0 0 0 0 
2006 0 0 0 0 0 0 0 0 0 0 0 0 0 0 0 0 0 0 0 0 0 
2007 0 0 0 0 0 0 0 0 0 0 0 0 0 0 0 0 0 0 0 0 0 
2008 0 0 0 0 0 0 0 0 0 0 0 0 0 0 0 0 0 0 0 0 0 
2009 0 0 0 0 0 0 0 0 0 0 0 0 0 0 0 0 0 0 0 0 0 
2010 0 0 0 0 0 0 0 0 0 0 0 0 0 0 0 0 0 0 0 0 0 
2011 0 0 0 0 0 0 0 0 0 0 0 0 0 0 0 0 0 0 0 0 0 
2012 0 0 0 0 0 0 0 0 0 0 0 0 0 0 0 0 0 0 0 0 0 
2013 0 0 0 0 0 0 0 0 0 0 0 0 0 0 0 0 0 0 0 0 0 
end_table

