@observation BP_age_sample_sim
age_samples_per_cluster 10 
ageing_error age_error 
average_cluster_weight 6 
cluster_cv 0.6 
cluster_sigma 1.1 
fishery_label Fishing_LL 
layer_of_stratum_definitions area_definition 
max_age 20 
min_age 0 
process_label fishing 
strata_to_include BP 
type mortality_event_biomass_age_clusters 
years 1990 1991 1992 1993 1994 1995 1996 1997 1998 1999 2000 2001 2002 2003 2004 2005 2006 2007 2008 2009 2010 2011 2012 2013 
table obs
1990 0 0.00618273 0.0423354 0.12438 0.145945 0.11081 0.0888079 0.0709155 0.0584158 0.0421512 0.0197991 0.0272002 0.0300222 0.0210256 0.0193797 0.0136672 0.0159695 0.0115793 0.0175467 0.0163433 0.117523 
1991 0 0.012579 0.0285597 0.0538059 0.11787 0.10943 0.0974173 0.0668316 0.0591415 0.0617659 0.0426259 0.0530203 0.0417343 0.0363506 0.044192 0.0230457 0.029404 0.043082 0.00902093 0.0151906 0.0549337 
1992 0 0.00182547 0.0180139 0.0422211 0.112975 0.0956197 0.125321 0.0892547 0.066935 0.0663717 0.0458515 0.0370279 0.0385968 0.0286016 0.0538927 0.0225727 0.0208251 0.0279143 0.00241105 0.0029849 0.100784 
1993 0 0.00224256 0.0176177 0.114902 0.109631 0.10348 0.083003 0.0424606 0.0324705 0.0405211 0.0357362 0.0490322 0.0481954 0.0259313 0.0294491 0.0345413 0.026286 0.0233464 0.0117315 0.0100395 0.159383 
1994 0 0.0301217 0.00889186 0.0718732 0.189138 0.125444 0.0984115 0.0740311 0.0549291 0.0604284 0.0432771 0.0124243 0.0144004 0.0143781 0.00730428 0.0161394 0.0136837 0.0119781 0.0177086 0.0350454 0.100392 
1995 0 0.0331494 0.106951 0.0139914 0.0280993 0.075419 0.0813805 0.101496 0.0754723 0.0368073 0.0434998 0.0167299 0.0213312 0.0465575 0.0508362 0.0416635 0.0356258 0.0432872 0.0376202 0.0171659 0.0929169 
1996 0 0.0123047 0.093827 0.28765 0.0337949 0.0593585 0.0693944 0.0448164 0.0454747 0.026646 0.0180879 0.0155971 0.021646 0.0351122 0.0340144 0.03559 0.0157652 0.0105362 0.00580732 0.0226819 0.111896 
1997 0 0 0.0206195 0.132494 0.191134 0.0422051 0.0926221 0.0826298 0.0747018 0.098942 0.0325781 0.0200746 0.00685744 0.0120524 0.0126284 0.0334099 0.0294958 0.0231654 0.0232241 0.0173893 0.0537762 
1998 0 0.0144657 0.0177449 0.0463581 0.081392 0.0863707 0.0125043 0.0323017 0.0313125 0.0427607 0.0267356 0.00609932 0.0101256 0.00765412 0.00324759 0.0111418 0.00128407 0.00212384 0.00115386 0.0204349 0.544789 
1999 0 0.00430151 0.0671769 0.117178 0.154109 0.172561 0.147987 0.0385763 0.0691378 0.0592218 0.0419474 0.0197772 0.0167756 0.00392186 0.00867477 0.00719186 0.0221053 0.00494401 0.00322798 0.00315114 0.0380328 
2000 0 0.00412481 0.0159758 0.185385 0.0710684 0.0781754 0.105629 0.180132 0.00365193 0.0193548 0.021138 0.0211916 0.0256009 0.0188512 0.0111679 0.0527521 0.0269973 0.0292625 0.0115742 0.00692554 0.111042 
2001 0 0.00155565 0.0525503 0.0580456 0.304497 0.0880268 0.0642159 0.0863339 0.0876807 0.00680428 0.0399738 0.0508507 0.0270547 0.0238056 0.0214517 0 0.0129583 0.00541702 0.0178068 0.0158221 0.0351496 
2002 0 0.00744474 0.0856666 0.160482 0.102302 0.38362 0.0543839 0.0425239 0.0362251 0.0555839 0 0 0.00167807 0.00503421 0.00839034 0 0 0.00377945 0.00566918 0.00670789 0.0405087 
2003 0 0.0474955 0.062582 0.173277 0.119204 0.0996852 0.231397 0.0802203 0.0381203 0.0541512 0.047914 0.00455111 0.00206577 0.0061973 0.00206577 0.00413153 0.00206577 0.00206577 0.000865131 0.00383218 0.0181131 
2004 0 0.0229214 0.0706113 0.129773 0.169639 0.106501 0.0635855 0.153969 0.0133131 0.0236226 0.033015 0.0826129 0.00788588 0.00774341 0.00453259 0.00113315 0.0205063 0.0216003 0.0107354 0.00243848 0.0538615 
2005 0 0.00784436 0.0531917 0.144774 0.141858 0.208026 0.10375 0.0398778 0.125634 0.0313925 0.0354138 0.0258797 0.0459018 0 0 0.0029933 0.0029933 0.0029933 0 0.00149665 0.0259799 
2006 0 0.00966144 0.031356 0.134598 0.257644 0.110499 0.175986 0.102176 0.0378076 0.0657023 0.0159045 0.0122742 0.0222264 0.0060876 0.00618574 0 0.0079278 0.0039639 0 0 0 
2007 0 0 0.0103656 0.0237101 0.039234 0.055247 0.0329087 0.0308504 0.0288501 0.0218137 0.0368847 0.0064091 0.00805421 0.0156413 0.686958 0 0 0 0 0 0.00307312 
2008 0 0.000166469 0.00146748 0.0129336 0.0155436 0.0191681 0.026294 0.0102827 0.0104901 0.0142875 0.00672283 0.0180808 0.00186554 0.000864143 0.00129876 0.00318353 0.000548641 0.000186438 0 0 0.856616 
2009 0 0.00237296 0.0208967 0.0629602 0.124339 0.0976431 0.141722 0.0998001 0.0588713 0.084119 0.078544 0.0354513 0.0837681 0.0433455 0.0164605 0.0146679 0.0252735 0.00126773 0 0 0.00849712 
2010 0 0.0477346 0.029521 0.0875384 0.0499624 0.122197 0.111079 0.112648 0.0987512 0.0507384 0.0439987 0.0401493 0.0244204 0.0655075 0.0145566 0.0201289 0.008132 0.00926772 0.0161844 0 0.0474838 
2011 0 0.0494136 0.0489688 0.043751 0.0932839 0.054415 0.102368 0.13045 0.0846231 0.107935 0.0474984 0.0481274 0.0562181 0.0189096 0.0582291 0.0125949 0.0113582 0.00683429 0.0026556 0.00276406 0.0196015 
2012 0 0.00430512 0.126557 0.220743 0.0700262 0.0559313 0.0135021 0.0558781 0.0573566 0.0738396 0.121385 0.0411104 0.0480809 0.0247441 0.010184 0.0301777 0.00769479 0.00952879 0.00214525 0.00235199 0.0244584 
2013 0 0.010553 0.0847655 0.245326 0.236178 0.0401642 0.0843072 0.0329272 0.0464221 0.0289337 0.0465967 0.0383892 0.0166065 0.0233651 0.0110442 0.0116293 0.0251413 0 0 0.00196113 0.0156891 
end_table
table error_values
1990 0 0 0 0 0 0 0 0 0 0 0 0 0 0 0 0 0 0 0 0 0 
1991 0 0 0 0 0 0 0 0 0 0 0 0 0 0 0 0 0 0 0 0 0 
1992 0 0 0 0 0 0 0 0 0 0 0 0 0 0 0 0 0 0 0 0 0 
1993 0 0 0 0 0 0 0 0 0 0 0 0 0 0 0 0 0 0 0 0 0 
1994 0 0 0 0 0 0 0 0 0 0 0 0 0 0 0 0 0 0 0 0 0 
1995 0 0 0 0 0 0 0 0 0 0 0 0 0 0 0 0 0 0 0 0 0 
1996 0 0 0 0 0 0 0 0 0 0 0 0 0 0 0 0 0 0 0 0 0 
1997 0 0 0 0 0 0 0 0 0 0 0 0 0 0 0 0 0 0 0 0 0 
1998 0 0 0 0 0 0 0 0 0 0 0 0 0 0 0 0 0 0 0 0 0 
1999 0 0 0 0 0 0 0 0 0 0 0 0 0 0 0 0 0 0 0 0 0 
2000 0 0 0 0 0 0 0 0 0 0 0 0 0 0 0 0 0 0 0 0 0 
2001 0 0 0 0 0 0 0 0 0 0 0 0 0 0 0 0 0 0 0 0 0 
2002 0 0 0 0 0 0 0 0 0 0 0 0 0 0 0 0 0 0 0 0 0 
2003 0 0 0 0 0 0 0 0 0 0 0 0 0 0 0 0 0 0 0 0 0 
2004 0 0 0 0 0 0 0 0 0 0 0 0 0 0 0 0 0 0 0 0 0 
2005 0 0 0 0 0 0 0 0 0 0 0 0 0 0 0 0 0 0 0 0 0 
2006 0 0 0 0 0 0 0 0 0 0 0 0 0 0 0 0 0 0 0 0 0 
2007 0 0 0 0 0 0 0 0 0 0 0 0 0 0 0 0 0 0 0 0 0 
2008 0 0 0 0 0 0 0 0 0 0 0 0 0 0 0 0 0 0 0 0 0 
2009 0 0 0 0 0 0 0 0 0 0 0 0 0 0 0 0 0 0 0 0 0 
2010 0 0 0 0 0 0 0 0 0 0 0 0 0 0 0 0 0 0 0 0 0 
2011 0 0 0 0 0 0 0 0 0 0 0 0 0 0 0 0 0 0 0 0 0 
2012 0 0 0 0 0 0 0 0 0 0 0 0 0 0 0 0 0 0 0 0 0 
2013 0 0 0 0 0 0 0 0 0 0 0 0 0 0 0 0 0 0 0 0 0 
end_table

