@observation BP_age_sample_sim
age_samples_per_cluster 10 
ageing_error age_error 
average_cluster_weight 6 
cluster_cv 0.6 
cluster_sigma 1.1 
fishery_label Fishing_LL 
layer_of_stratum_definitions area_definition 
max_age 20 
min_age 0 
process_label fishing 
strata_to_include BP 
type mortality_event_biomass_age_clusters 
years 1990 1991 1992 1993 1994 1995 1996 1997 1998 1999 2000 2001 2002 2003 2004 2005 2006 2007 2008 2009 2010 2011 2012 2013 
table obs
1990 0 0.00326314 0.0465251 0.0802026 0.100721 0.0953021 0.0899115 0.114739 0.0582446 0.0390263 0.0128981 0.0256267 0.0366771 0.0657433 0.0156737 0.0339512 0.0301241 0.0175795 0.0111503 0.00439587 0.118245 
1991 0 0.00777882 0.043005 0.0847311 0.11534 0.081065 0.0922841 0.104526 0.0529656 0.035933 0.0336776 0.0414747 0.0369821 0.0539433 0.0380763 0.00666498 0.0120374 0.00941074 0.00965326 0.0295456 0.110906 
1992 0 0.000405078 0.0213227 0.119075 0.121206 0.0586222 0.0488962 0.0571661 0.0316686 0.0729927 0.060612 0.0422038 0.0405694 0.0272108 0.0316381 0.0117352 0.0188996 0.0325418 0.0270273 0.0188929 0.157315 
1993 0 0 0.00523913 0.149176 0.148803 0.0904988 0.113829 0.0732684 0.0614616 0.0510533 0.0228638 0.03487 0.0190715 0.0214047 0.01356 0.020807 0.0122095 0.0113647 0.0102182 0.0148668 0.125434 
1994 0 0.0310813 0.0144163 0.0708245 0.114833 0.129058 0.0735128 0.0786994 0.0585671 0.0428098 0.0310418 0.0303666 0.0313879 0.0153231 0.0145294 0.0217956 0.0509267 0.0281242 0.0195452 0.0016875 0.141471 
1995 0 0.000956489 0.0376433 0.0350301 0.0716307 0.163243 0.0951787 0.0761709 0.0504199 0.0359083 0.032451 0.0609483 0.078019 0.0467683 0.0243695 0.028816 0.0315965 0.0372794 0.029791 0.0122982 0.051481 
1996 0 0.0386887 0.114085 0.207098 0.077104 0.0968795 0.061469 0.0605809 0.0586916 0.0380787 0.0255103 0.0151852 0.00812552 0.0107651 0.0143186 0.024404 0.0265029 0.0180821 0.0275091 0.0104854 0.0664373 
1997 0 0.0124798 0.0701699 0.214387 0.232691 0.0382985 0.0914641 0.0686225 0.0392468 0.0284214 0.0157267 0.0110498 0.00837465 0.0329434 0.0252176 0.0115072 0.0120747 0.00606992 0.011786 0.0101794 0.0592905 
1998 0 0.00679961 0.00468525 0.00968711 0.0370185 0.0310408 0.0025407 0.00476631 0.00605249 0.00463941 0.00561269 0.00395142 0.00557929 0.00329771 0.00218821 0.00595864 0.00349803 0.00229294 0.000455169 0.00133554 0.8586 
1999 0 0.0649335 0.122192 0.069742 0.125225 0.137116 0.240015 0.0274813 0.0234119 0.0108332 0.017818 0.00727448 0.00525123 0.00272295 0.00400358 0.00300268 0 0 0 0.00312606 0.135852 
2000 0 0.0383955 0.0667302 0.298513 0.0981661 0.100402 0.0867433 0.117147 0.0341492 0.0223309 0.0121983 0.0045187 0.00749325 0.00749235 0.0152259 0.0116988 0.00332315 0.00278537 0.00230072 0.00508608 0.0653002 
2001 0 0.0211363 0.0349175 0.0549782 0.459713 0.073669 0.064048 0.0750202 0.0960198 0.00936894 0 0.00400141 0.00484358 0.0159693 0.0115021 0.00206558 0.00792152 0.00396962 0.0066394 0.00318617 0.0510302 
2002 0 0 0.0833138 0.103935 0.0766422 0.249202 0.0747176 0.0765907 0.128886 0.0698777 0.0151574 0.0115541 0.0254866 0.0252023 0.00404647 0.00690236 0.00569046 0.0117914 0.00130206 0.0072459 0.0224564 
2003 0 0.0322167 0.0497809 0.121399 0.171116 0.0677687 0.152899 0.0770164 0.0547181 0.0802148 0.0645741 0.00985711 0.00369002 0.00563729 0.0118578 0.012302 0.0161387 0.0146267 0.01112 0.0105373 0.0325302 
2004 0 0.006633 0.0547618 0.0632574 0.158875 0.122779 0.0714699 0.260025 0.0440429 0.0551547 0.0479314 0.0404017 0.00325844 0 0.00462182 0.00937656 0.0044889 0.00312552 0 0 0.0497969 
2005 0 0.00255842 0.0251056 0.123301 0.0880599 0.1421 0.105628 0.0842915 0.200623 0.033087 0.0335837 0.0504544 0.0456867 0.00352193 0.00763937 0.00835129 0.00764969 0.00752296 0 0.00188074 0.0289541 
2006 0 0.0128946 0.0213955 0.100497 0.216111 0.129508 0.218362 0.0775361 0.0399579 0.0828907 0.023589 0.010188 0.0112577 0.00240452 0 0 0.0304786 0.0166288 0.00630064 0 0 
2007 0 0 0.00969353 0.0236841 0.0578878 0.0403642 0.025534 0.028434 0.0266257 0.0103553 0.0194115 0.00583833 0.00717363 0.00633395 0.722232 0.00096745 0.00169162 0.00182162 0.00247216 0.0029927 0.00648687 
2008 0 0 0.00400645 0.0126799 0.0145972 0.0234653 0.0223598 0.0126506 0.0126621 0.00797736 0.00336152 0.00749832 0.00231852 0.00126525 0.00493617 0.0058458 0.00119591 0.000348186 0.000131569 0.0958556 0.766845 
2009 0 0.0082723 0.0318853 0.0457288 0.11072 0.131436 0.146477 0.140996 0.0470398 0.0665626 0.0696646 0.0183107 0.0483015 0.0137157 0.00295777 0.0460153 0.0203132 0.0106831 0.0106813 0 0.0302392 
2010 0 0.012586 0.0205789 0.0326804 0.0463308 0.139954 0.134077 0.11599 0.0899562 0.0351047 0.0830219 0.0384388 0.0423095 0.153512 0.0164963 0.00909424 0 0 0 0.00663772 0.023232 
2011 0 0.023995 0.103678 0.0595951 0.0921439 0.0491 0.0851002 0.142621 0.0735129 0.0626354 0.0563722 0.0498031 0.0518536 0.027651 0.0868827 0.0144829 0.0142496 0.00400319 0.00156986 0.00074966 0 
2012 0 0.0169773 0.111757 0.206209 0.0564386 0.102049 0.0176098 0.0607262 0.0473855 0.0461585 0.0599674 0.0222366 0.0414357 0.0288194 0.0239995 0.0447006 0.00928816 0.0257673 0.0203793 0.0182877 0.039808 
2013 0 0.0311334 0.0923185 0.16762 0.247676 0.0326419 0.0296597 0.0161235 0.0802888 0.0904673 0.0254264 0.0193553 0.0182474 0.0135776 0.0166749 0.0301298 0.0244612 0.0186732 0.0126362 0.0058806 0.0270087 
end_table
table error_values
1990 0 0 0 0 0 0 0 0 0 0 0 0 0 0 0 0 0 0 0 0 0 
1991 0 0 0 0 0 0 0 0 0 0 0 0 0 0 0 0 0 0 0 0 0 
1992 0 0 0 0 0 0 0 0 0 0 0 0 0 0 0 0 0 0 0 0 0 
1993 0 0 0 0 0 0 0 0 0 0 0 0 0 0 0 0 0 0 0 0 0 
1994 0 0 0 0 0 0 0 0 0 0 0 0 0 0 0 0 0 0 0 0 0 
1995 0 0 0 0 0 0 0 0 0 0 0 0 0 0 0 0 0 0 0 0 0 
1996 0 0 0 0 0 0 0 0 0 0 0 0 0 0 0 0 0 0 0 0 0 
1997 0 0 0 0 0 0 0 0 0 0 0 0 0 0 0 0 0 0 0 0 0 
1998 0 0 0 0 0 0 0 0 0 0 0 0 0 0 0 0 0 0 0 0 0 
1999 0 0 0 0 0 0 0 0 0 0 0 0 0 0 0 0 0 0 0 0 0 
2000 0 0 0 0 0 0 0 0 0 0 0 0 0 0 0 0 0 0 0 0 0 
2001 0 0 0 0 0 0 0 0 0 0 0 0 0 0 0 0 0 0 0 0 0 
2002 0 0 0 0 0 0 0 0 0 0 0 0 0 0 0 0 0 0 0 0 0 
2003 0 0 0 0 0 0 0 0 0 0 0 0 0 0 0 0 0 0 0 0 0 
2004 0 0 0 0 0 0 0 0 0 0 0 0 0 0 0 0 0 0 0 0 0 
2005 0 0 0 0 0 0 0 0 0 0 0 0 0 0 0 0 0 0 0 0 0 
2006 0 0 0 0 0 0 0 0 0 0 0 0 0 0 0 0 0 0 0 0 0 
2007 0 0 0 0 0 0 0 0 0 0 0 0 0 0 0 0 0 0 0 0 0 
2008 0 0 0 0 0 0 0 0 0 0 0 0 0 0 0 0 0 0 0 0 0 
2009 0 0 0 0 0 0 0 0 0 0 0 0 0 0 0 0 0 0 0 0 0 
2010 0 0 0 0 0 0 0 0 0 0 0 0 0 0 0 0 0 0 0 0 0 
2011 0 0 0 0 0 0 0 0 0 0 0 0 0 0 0 0 0 0 0 0 0 
2012 0 0 0 0 0 0 0 0 0 0 0 0 0 0 0 0 0 0 0 0 0 
2013 0 0 0 0 0 0 0 0 0 0 0 0 0 0 0 0 0 0 0 0 0 
end_table

