@observation BP_age_sample_sim
age_samples_per_cluster 10 
ageing_error age_error 
average_cluster_weight 6 
cluster_cv 0.6 
cluster_sigma 1.1 
fishery_label Fishing_LL 
layer_of_stratum_definitions area_definition 
max_age 20 
min_age 0 
process_label fishing 
strata_to_include BP 
type mortality_event_biomass_age_clusters 
years 1990 1991 1992 1993 1994 1995 1996 1997 1998 1999 2000 2001 2002 2003 2004 2005 2006 2007 2008 2009 2010 2011 2012 2013 
table obs
1990 0 0.00362297 0.0378304 0.054607 0.132808 0.136302 0.108389 0.104044 0.0656331 0.0388152 0.0141465 0.0332387 0.0392142 0.0313059 0.0198176 0.00845438 0.0187293 0.0115758 0.0208788 0.0180189 0.102569 
1991 0 0.00242331 0.0385286 0.0546665 0.0603877 0.0745444 0.0712096 0.070425 0.0889498 0.0737913 0.0783398 0.0689536 0.0525311 0.0318589 0.0164407 0.0187188 0.0173719 0.0151719 0.00764019 0.0169808 0.141066 
1992 0 0.0107351 0.050084 0.064662 0.118881 0.133476 0.118973 0.0938364 0.0452325 0.0465671 0.0194485 0.0134753 0.0122882 0.0148714 0.0172549 0.0292809 0.0198043 0.0311827 0.0245214 0.0130554 0.12237 
1993 0 0.00413884 0.0204288 0.0893233 0.095203 0.0691409 0.0580548 0.0676188 0.0570396 0.0375935 0.0409907 0.0634811 0.0589736 0.0450512 0.0357375 0.0444576 0.0277966 0.0243346 0.0235235 0.00476159 0.13235 
1994 0 0.0607753 0.00578959 0.0313996 0.0705408 0.0593623 0.0649612 0.0913488 0.102762 0.0686197 0.0477525 0.0413135 0.0172259 0.0181842 0.0271391 0.0251543 0.015823 0.0174396 0.0148352 0.0233487 0.196225 
1995 0 0.0347326 0.112696 0.0242686 0.0701158 0.128347 0.104439 0.0598018 0.0472387 0.0265177 0.0231553 0.0569601 0.0545547 0.0135121 0.0226337 0.00895825 0.0117288 0.00935629 0.0153442 0.00890563 0.166734 
1996 0 0.0287499 0.0967397 0.225477 0.0264643 0.0587523 0.0593927 0.0550858 0.0520018 0.0505139 0.0525858 0.0506795 0.0375765 0.0606924 0.030567 0.0269215 0.0188351 0.0166053 0.00385105 0.00322544 0.0452834 
1997 0 0.00325321 0.0301503 0.180962 0.362129 0.0490031 0.0676247 0.0505423 0.0410566 0.0278901 0.0138695 0.0149819 0.00710531 0.0177817 0.0171773 0.0258491 0.00360734 0.00862133 0.00839726 0.0119258 0.0580719 
1998 0 0.00227523 0.000621219 0.00459913 0.00890295 0.0117653 0.000956331 0.00258444 0.0030921 0.00346926 0.00303756 0.00159826 0.00214631 0.0028982 0.000758439 0.000121128 0.000550609 0.00196281 0.000843752 0 0.947817 
1999 0 0.00130104 0.133601 0.117305 0.148523 0.106471 0.187233 0.0338765 0.0626979 0.0562911 0.0301119 0.0237619 0.0088926 0 0.00323738 0.00112532 0.00467733 0.00706113 0.00544515 0.00783374 0.0605552 
2000 0 0.0131555 0.0527801 0.190207 0.138716 0.167072 0.150142 0.132444 0.0197457 0.0112706 0.039463 0.0141477 0.0168354 0.00994725 0.0064774 0.00512389 0.0010734 0 0.00217359 0.0073727 0.0218519 
2001 0 0.00956123 0.0569054 0.0738517 0.266581 0.074565 0.0755164 0.096956 0.140487 0.0369387 0.0248951 0.00352295 0.0178365 0.00521758 0.00817159 0.00512088 0.00392286 0.0116357 0.00777926 0.0149483 0.0655865 
2002 0 0.0232506 0.0720527 0.0945063 0.136851 0.286508 0.064591 0.0629787 0.0759509 0.0866932 0.01553 0.0125507 0.0155676 0 0 0 0.00636716 0.00689939 0.00318358 0.0102571 0.0262618 
2003 0 0.00839896 0.0397751 0.0840796 0.124572 0.11151 0.220168 0.062858 0.0593609 0.088026 0.0959799 0.00590308 0.00606848 0.0104346 0.0104232 0.0107909 0.0070732 0.0098816 0.0177969 0.00785207 0.019047 
2004 0 0.0432913 0.0883568 0.0963788 0.185953 0.133393 0.0555782 0.146954 0.0679507 0.0281482 0.0341575 0.0616921 0.00314548 0.00524248 0.00104849 0 0.00104997 0 0.00104997 0.00388508 0.0427249 
2005 0 0.00709036 0.0488568 0.163749 0.111001 0.156066 0.104192 0.0345175 0.0865814 0.0464389 0.0356338 0.0520325 0.0486632 0.00868506 0.00441701 0.068684 0.0193768 0 0 0 0.00401531 
2006 0 0.00169073 0.0119187 0.0429641 0.798799 0.0266105 0.0286404 0.017642 0.0154498 0.0185929 0.00729886 0.00283823 0.00810262 0.00890712 0.000188379 0 0.00271718 0.00303634 0.00239803 0.0013363 0.000868488 
2007 0 0 0.00678447 0.118997 0.127005 0.111475 0.0642501 0.108378 0.118879 0.0332922 0.120636 0.0213167 0.024822 0.0635537 0.0739105 0.000744564 0.000744564 0.00148913 0.00148913 0.00223369 0 
2008 0 0 0.000783382 0.0111119 0.026978 0.0273511 0.0375637 0.0169236 0.0169018 0.018647 0.00454289 0.0282525 0.0070018 0.00137367 0.00111421 0.00146498 0.000209283 0 0 0 0.79978 
2009 0 0.00544731 0.0350552 0.0416282 0.145077 0.10782 0.0990773 0.150452 0.0669325 0.103383 0.0607681 0.0141464 0.0666063 0.0252437 0.00217026 0.0300724 0.010909 0.00340254 0.0141988 0 0.0176105 
2010 0 0.0365684 0.0211905 0.107175 0.0360649 0.114035 0.0990861 0.0772522 0.0881384 0.0168881 0.0426243 0.0629424 0.0691869 0.150225 0.00987696 0.0181107 0.015367 0.00625426 0.00618762 0.00540897 0.0174172 
2011 0 0.030174 0.0784863 0.0559856 0.0696673 0.0384895 0.141762 0.0940294 0.116697 0.0765302 0.0482639 0.0568846 0.0711761 0.00652437 0.0478474 0 0.00408422 0.0202297 0.0250613 0.00471588 0.0133912 
2012 0 0.0178421 0.110473 0.168509 0.07901 0.111321 0.0207669 0.0757796 0.0783833 0.0461577 0.0447957 0.0201393 0.0260806 0.014242 0.0081367 0.0549715 0.0110746 0.0151548 0.0301906 0.0161083 0.0508632 
2013 0 0.0227785 0.0987406 0.193382 0.227105 0.0464006 0.0608791 0.00825633 0.0289505 0.0294637 0.0563654 0.0341062 0.0278617 0.00728603 0.00333613 0.00698001 0.0328317 0.0548149 0.0268484 0.0137967 0.0198168 
end_table
table error_values
1990 0 0 0 0 0 0 0 0 0 0 0 0 0 0 0 0 0 0 0 0 0 
1991 0 0 0 0 0 0 0 0 0 0 0 0 0 0 0 0 0 0 0 0 0 
1992 0 0 0 0 0 0 0 0 0 0 0 0 0 0 0 0 0 0 0 0 0 
1993 0 0 0 0 0 0 0 0 0 0 0 0 0 0 0 0 0 0 0 0 0 
1994 0 0 0 0 0 0 0 0 0 0 0 0 0 0 0 0 0 0 0 0 0 
1995 0 0 0 0 0 0 0 0 0 0 0 0 0 0 0 0 0 0 0 0 0 
1996 0 0 0 0 0 0 0 0 0 0 0 0 0 0 0 0 0 0 0 0 0 
1997 0 0 0 0 0 0 0 0 0 0 0 0 0 0 0 0 0 0 0 0 0 
1998 0 0 0 0 0 0 0 0 0 0 0 0 0 0 0 0 0 0 0 0 0 
1999 0 0 0 0 0 0 0 0 0 0 0 0 0 0 0 0 0 0 0 0 0 
2000 0 0 0 0 0 0 0 0 0 0 0 0 0 0 0 0 0 0 0 0 0 
2001 0 0 0 0 0 0 0 0 0 0 0 0 0 0 0 0 0 0 0 0 0 
2002 0 0 0 0 0 0 0 0 0 0 0 0 0 0 0 0 0 0 0 0 0 
2003 0 0 0 0 0 0 0 0 0 0 0 0 0 0 0 0 0 0 0 0 0 
2004 0 0 0 0 0 0 0 0 0 0 0 0 0 0 0 0 0 0 0 0 0 
2005 0 0 0 0 0 0 0 0 0 0 0 0 0 0 0 0 0 0 0 0 0 
2006 0 0 0 0 0 0 0 0 0 0 0 0 0 0 0 0 0 0 0 0 0 
2007 0 0 0 0 0 0 0 0 0 0 0 0 0 0 0 0 0 0 0 0 0 
2008 0 0 0 0 0 0 0 0 0 0 0 0 0 0 0 0 0 0 0 0 0 
2009 0 0 0 0 0 0 0 0 0 0 0 0 0 0 0 0 0 0 0 0 0 
2010 0 0 0 0 0 0 0 0 0 0 0 0 0 0 0 0 0 0 0 0 0 
2011 0 0 0 0 0 0 0 0 0 0 0 0 0 0 0 0 0 0 0 0 0 
2012 0 0 0 0 0 0 0 0 0 0 0 0 0 0 0 0 0 0 0 0 0 
2013 0 0 0 0 0 0 0 0 0 0 0 0 0 0 0 0 0 0 0 0 0 
end_table

