@observation BP_age_sample_sim
age_samples_per_cluster 10 
ageing_error age_error 
average_cluster_weight 6 
cluster_cv 0.6 
cluster_sigma 1.1 
fishery_label Fishing_LL 
layer_of_stratum_definitions area_definition 
max_age 20 
min_age 0 
process_label fishing 
strata_to_include BP 
type mortality_event_biomass_age_clusters 
years 1990 1991 1992 1993 1994 1995 1996 1997 1998 1999 2000 2001 2002 2003 2004 2005 2006 2007 2008 2009 2010 2011 2012 2013 
table obs
1990 0 0.00394946 0.0221429 0.0437853 0.078821 0.116515 0.115439 0.10131 0.0706852 0.0245305 0.0283278 0.044878 0.0373866 0.043742 0.0365222 0.0311294 0.0354904 0.0175906 0.0132656 0.0147709 0.119718 
1991 0 0.00263618 0.0191102 0.0572432 0.116452 0.0998057 0.101075 0.0855339 0.096009 0.0799724 0.050085 0.0337669 0.01789 0.0127621 0.0340606 0.0196666 0.0222225 0.0204832 0.0288014 0.0277455 0.0746776 
1992 0 0.0243044 0.0514406 0.0525145 0.164551 0.0983581 0.0746861 0.0884679 0.0476826 0.0536452 0.0526746 0.0246261 0.0264719 0.016984 0.0198088 0.0192006 0.0334375 0.0295481 0.0259986 0.0159816 0.0796176 
1993 0 0 0.00770043 0.0774777 0.109343 0.0449221 0.0356722 0.0265256 0.0709725 0.0795536 0.074091 0.0831825 0.0707688 0.0247638 0.0345757 0.0584385 0.0207751 0.0536092 0.0280248 0.00847831 0.091125 
1994 0 0.0128648 0.0051901 0.0391736 0.120338 0.0802398 0.0627374 0.0629888 0.0492125 0.0462955 0.0460367 0.0573041 0.0389476 0.0468759 0.040028 0.0351298 0.0485354 0.00112064 0.00819108 0.00867623 0.190114 
1995 0 0.0138107 0.0906286 0.048918 0.129717 0.130639 0.0779514 0.0823367 0.0546794 0.016632 0.0121132 0.033013 0.0162529 0.0149032 0.0155883 0.0167236 0.0176261 0.0161694 0.026586 0.0147651 0.170947 
1996 0 0.00793434 0.0908329 0.203927 0.0546181 0.10033 0.0683745 0.0838154 0.0907149 0.0375711 0.0496913 0.0272785 0.0373418 0.0214766 0.0260236 0.0203868 0.0217306 0.0165064 0.00369482 0.00340059 0.0343502 
1997 0 0.00469535 0.0693934 0.0977039 0.218168 0.0382399 0.0854481 0.0863877 0.0585578 0.033645 0.0395364 0.0412814 0.0255037 0.0451125 0.032337 0.00559101 0.0213215 0.0396033 0.0180903 0.0218605 0.0175234 
1998 0 0.00232992 0.00547866 0.0206785 0.0462521 0.0558276 0.00447332 0.00660124 0.00660985 0.00898876 0.0114048 0.00503157 0.00335858 0.0013783 0 0.000319315 0 0 0 0 0.821267 
1999 0 0.0101481 0.0924902 0.0596733 0.14033 0.19518 0.163424 0.0302467 0.0500574 0.037259 0.0343862 0.0169662 0.0292193 0.0090669 0.0327959 0.0207108 0.0124269 0.0183981 0.0141891 0.00708913 0.0259436 
2000 0 0.00781119 0.0133756 0.274437 0.120066 0.130898 0.11359 0.140676 0.0233139 0.020948 0.0222298 0.00757904 0.0189325 0.00774948 0.00756458 0.0080431 0.0192694 0.0132222 0 0 0.050294 
2001 0 0.0166145 0.0472771 0.0633383 0.267677 0.0872113 0.0900848 0.102707 0.149749 0.00379482 0.0129411 0.0155325 0.00888881 0.0010424 0.0144402 0.0205686 0.0104189 0.00592399 0.00227154 0.00589591 0.0736235 
2002 0 0.0151177 0.0525133 0.0877387 0.129676 0.33218 0.0911272 0.0751419 0.0599923 0.0528335 0.0113718 0.0132824 0.0114206 0.0149885 0.00545618 0.00313943 0.00523239 0.00104648 0 0 0.0377415 
2003 0 0.00401049 0.0404876 0.107324 0.106205 0.0926652 0.199259 0.0490889 0.055651 0.0968062 0.071707 0.00237813 0.00482757 0.0124624 0.017042 0.00627875 0.00655606 0.0113509 0.0214758 0.0265943 0.0678296 
2004 0 0.0227146 0.0453738 0.0794483 0.141691 0.124303 0.0588185 0.198491 0.0722632 0.075358 0.0948008 0.0553171 0.00791529 0.00276526 0.00191161 0 0 0 0 0 0.0188283 
2005 0 0.00529332 0.0646533 0.09735 0.109175 0.177181 0.0976415 0.0509171 0.173678 0.0586855 0.0451598 0.0408538 0.0317644 0.00153055 0 0.00765276 0.00884859 0.00851388 0.00638541 0 0.0147163 
2006 0 0.0209047 0.0423633 0.185518 0.246323 0.109578 0.10971 0.0591931 0.012494 0.0870295 0.0267894 0.0180511 0.0111165 0.0105787 0 0.00235822 0.0106401 0.00581136 0.0107717 0.00238783 0.028382 
2007 0 0.0128637 0.0219203 0.0565345 0.150937 0.11686 0.0773388 0.0718738 0.0592604 0.0680073 0.0792805 0.0213386 0.0315979 0.0739301 0.15379 0 0.000526029 0.00105206 0.000320982 0 0.00256786 
2008 0 0.00220236 0.00394227 0.017151 0.0271102 0.0422275 0.0372629 0.0209173 0.0308195 0.0330783 0.0173467 0.0457407 0.0125939 0.00446691 0.00148016 0.00350669 0.00156973 0.000784865 0 0.155066 0.542733 
2009 0 0.0311544 0.0151962 0.0419936 0.102021 0.104421 0.156809 0.18481 0.0872812 0.063881 0.0442507 0.0242546 0.019411 0.00705899 0.00584017 0.0465129 0.0214134 0.00914833 0.00245996 0 0.0320825 
2010 0 0.0322227 0.00837839 0.0604366 0.044473 0.142362 0.144307 0.0810523 0.0721695 0.0115849 0.016881 0.0408635 0.0586993 0.14263 0.0155866 0.0260329 0.0388993 0.0290628 0.00576323 0.0217142 0.00688156 
2011 0 0.0129193 0.0578965 0.0748651 0.155004 0.0432169 0.118956 0.111806 0.0998999 0.0818939 0.0437891 0.0484772 0.0483837 0.0115212 0.0203724 0.0112497 0.00169063 0.00876927 0.006254 0.0181006 0.0249351 
2012 0 0.0233244 0.0854282 0.244647 0.071178 0.0964832 0.0160778 0.0440297 0.0727223 0.0657907 0.0484575 0.0444161 0.111763 0.0277011 0.0152337 0.0327476 0 0 0 0 0 
2013 0 0.00966366 0.105392 0.237039 0.268824 0.0507936 0.0603455 0.0397676 0.032347 0.0305123 0.0421898 0.0143435 0.0448283 0.0247669 0.00767445 0.00976472 0.00139618 0 0.00850775 0.00121539 0.010628 
end_table
table error_values
1990 0 0 0 0 0 0 0 0 0 0 0 0 0 0 0 0 0 0 0 0 0 
1991 0 0 0 0 0 0 0 0 0 0 0 0 0 0 0 0 0 0 0 0 0 
1992 0 0 0 0 0 0 0 0 0 0 0 0 0 0 0 0 0 0 0 0 0 
1993 0 0 0 0 0 0 0 0 0 0 0 0 0 0 0 0 0 0 0 0 0 
1994 0 0 0 0 0 0 0 0 0 0 0 0 0 0 0 0 0 0 0 0 0 
1995 0 0 0 0 0 0 0 0 0 0 0 0 0 0 0 0 0 0 0 0 0 
1996 0 0 0 0 0 0 0 0 0 0 0 0 0 0 0 0 0 0 0 0 0 
1997 0 0 0 0 0 0 0 0 0 0 0 0 0 0 0 0 0 0 0 0 0 
1998 0 0 0 0 0 0 0 0 0 0 0 0 0 0 0 0 0 0 0 0 0 
1999 0 0 0 0 0 0 0 0 0 0 0 0 0 0 0 0 0 0 0 0 0 
2000 0 0 0 0 0 0 0 0 0 0 0 0 0 0 0 0 0 0 0 0 0 
2001 0 0 0 0 0 0 0 0 0 0 0 0 0 0 0 0 0 0 0 0 0 
2002 0 0 0 0 0 0 0 0 0 0 0 0 0 0 0 0 0 0 0 0 0 
2003 0 0 0 0 0 0 0 0 0 0 0 0 0 0 0 0 0 0 0 0 0 
2004 0 0 0 0 0 0 0 0 0 0 0 0 0 0 0 0 0 0 0 0 0 
2005 0 0 0 0 0 0 0 0 0 0 0 0 0 0 0 0 0 0 0 0 0 
2006 0 0 0 0 0 0 0 0 0 0 0 0 0 0 0 0 0 0 0 0 0 
2007 0 0 0 0 0 0 0 0 0 0 0 0 0 0 0 0 0 0 0 0 0 
2008 0 0 0 0 0 0 0 0 0 0 0 0 0 0 0 0 0 0 0 0 0 
2009 0 0 0 0 0 0 0 0 0 0 0 0 0 0 0 0 0 0 0 0 0 
2010 0 0 0 0 0 0 0 0 0 0 0 0 0 0 0 0 0 0 0 0 0 
2011 0 0 0 0 0 0 0 0 0 0 0 0 0 0 0 0 0 0 0 0 0 
2012 0 0 0 0 0 0 0 0 0 0 0 0 0 0 0 0 0 0 0 0 0 
2013 0 0 0 0 0 0 0 0 0 0 0 0 0 0 0 0 0 0 0 0 0 
end_table

