@observation BP_age_sample_sim
age_samples_per_cluster 10 
ageing_error age_error 
average_cluster_weight 6 
cluster_cv 0.6 
cluster_sigma 1.1 
fishery_label Fishing_LL 
layer_of_stratum_definitions area_definition 
max_age 20 
min_age 0 
process_label fishing 
strata_to_include BP 
type mortality_event_biomass_age_clusters 
years 1990 1991 1992 1993 1994 1995 1996 1997 1998 1999 2000 2001 2002 2003 2004 2005 2006 2007 2008 2009 2010 2011 2012 2013 
table obs
1990 0 0.00417104 0.0233188 0.0426983 0.0842892 0.07216 0.0724926 0.0634869 0.0284992 0.0427752 0.0498455 0.0607417 0.0220276 0.0264399 0.0378999 0.0621788 0.0767834 0.028515 0.0432248 0.0208485 0.137603 
1991 0 0.00874506 0.0390636 0.107258 0.138763 0.109692 0.100998 0.0938652 0.0607059 0.060016 0.028967 0.0290463 0.0314099 0.0424346 0.0250119 0.0163155 0.0211835 0.0123145 0.00977116 0.00169812 0.0627402 
1992 0 0.00262218 0.00592517 0.0515931 0.149308 0.133466 0.0764099 0.0909149 0.0449771 0.0377348 0.0350127 0.0352545 0.0299364 0.0263365 0.0235836 0.0376627 0.0512466 0.016681 0.0108254 0.0019194 0.13859 
1993 0 0.00259687 0.0305305 0.0563947 0.0868402 0.112582 0.116055 0.0617531 0.0531327 0.0428611 0.0454274 0.0362716 0.0213487 0.0249086 0.0339296 0.0307593 0.0284634 0.0223452 0.00936975 0.0043947 0.180036 
1994 0 0.0218095 0.00954385 0.0297368 0.115505 0.0828331 0.10425 0.0593102 0.0940055 0.0564309 0.0595996 0.053925 0.0660652 0.0155597 0.016559 0.0160192 0.00484253 0.00538283 0.00328162 0.00820518 0.177136 
1995 0 0.0261246 0.0721273 0.0420908 0.036613 0.0372558 0.0650282 0.0413572 0.0452375 0.0535222 0.0890451 0.060834 0.0412217 0.0474101 0.0326427 0.0302845 0.0357049 0.0334456 0.00937904 0.00695166 0.193724 
1996 0 0.0137161 0.0474348 0.169393 0.0247606 0.0557329 0.0950363 0.0521661 0.0421813 0.0464688 0.0471405 0.0564297 0.0108872 0.0343454 0.0204667 0.023499 0.0116412 0.0251788 0.0404922 0.03001 0.15302 
1997 0 0.00419029 0.0575031 0.116419 0.243154 0.0184425 0.0651678 0.0528955 0.0662386 0.0907164 0.055155 0.0204669 0.00634054 0.0335387 0.0243444 0.0115955 0.00883578 0.0193934 0.0209051 0.0105932 0.0741037 
1998 0 0.00921514 0.0148768 0.0394284 0.0551682 0.0554082 0.00303266 0.00330119 0.00627009 0.0107924 0.00593195 0.00467952 0.00326972 0.00368685 0.00402932 0.00175513 0.00145213 0.00544594 0.00942653 0.00254169 0.760288 
1999 0 0.00445983 0.129305 0.0614871 0.122321 0.189353 0.203322 0.0373712 0.0263395 0.0282419 0.0501254 0.0233631 0.00659755 0.0107126 0.00496556 0.0144396 0.00640219 0.0126089 0.0118025 0.0139011 0.0428802 
2000 0 0.0120211 0.0124785 0.262102 0.139658 0.112944 0.0978091 0.11675 0.0120542 0.00340223 0.017948 0.00912308 0.0224531 0.00957456 0.00578175 0.015454 0.0112878 0.00370927 0.00750983 0.0370481 0.0908909 
2001 0 0.0649165 0.0721904 0.0527158 0.317164 0.058308 0.0756529 0.0908384 0.135507 0.00596691 0.017791 0.0166308 0.0147514 0.0127892 0.00941429 0.00450631 0.00634986 0.00124373 0.00124373 0 0.0420198 
2002 0 0.0074082 0.0526598 0.118732 0.129832 0.282847 0.113669 0.064078 0.040356 0.0166946 0.00142034 0.0022107 0.0241131 0.00802406 0.00548979 0.0270346 0.0224176 0.00128952 0.00257903 0.00664133 0.0725036 
2003 0 0.0123823 0.051397 0.154358 0.155574 0.0505816 0.178483 0.0475451 0.0449521 0.0758869 0.106248 0.00874271 0.00415885 0.0213711 0.00972307 0.000919569 0.00450064 0.0112516 0.00450064 0 0.0574231 
2004 0 0.0168439 0.0578687 0.0611095 0.209773 0.141279 0.0817208 0.184792 0.0444829 0.0406231 0.0448692 0.0359613 0 0.00422529 0.00422529 0.0211264 0.00422529 0.00422529 0 0 0.0426491 
2005 0 0.00166245 0.0176386 0.0978585 0.120818 0.175927 0.091051 0.0226941 0.123603 0.0195051 0.0325675 0.0418051 0.0594949 0.0250647 0.00846254 0.022119 0.00254242 0.0252729 0.012379 0.00268139 0.096853 
2006 0 0.00456847 0.00766019 0.0611511 0.445009 0.0795049 0.252228 0.0390092 0.0145976 0.0257946 0.0218653 0.0147859 0.0167478 0.00923311 0 0 0 0.00028854 0.00057708 0 0.00697934 
2007 0 0 0.0269489 0.0741301 0.149074 0.145223 0.026129 0.0915472 0.0608374 0.0502396 0.10057 0.0275165 0.0529757 0.0809997 0.113809 0 0 0 0 0 0 
2008 0 0 0.00207805 0.0189347 0.0387624 0.0254955 0.036936 0.0284074 0.0199623 0.0177326 0.00594246 0.0142335 0.00152565 0.00674432 0.0105758 0.0127256 0.00175385 0.00109675 0.00301492 0.169499 0.58458 
2009 0 0.0106938 0.0638361 0.0659875 0.138635 0.14781 0.139708 0.113482 0.0461355 0.0573841 0.070872 0.0405146 0.0625349 0.00691672 0 0.00395743 0 0 0.0027739 0 0.0287586 
2010 0 0.0599354 0.0262094 0.105907 0.068291 0.112647 0.124348 0.171879 0.109632 0.0465865 0.060124 0.0382702 0.0185134 0.0237469 0.00332783 0.00166392 0.0140768 0.0148424 0 0 0 
2011 0 0.0278566 0.126563 0.0717397 0.0865812 0.071291 0.0899618 0.116158 0.0732905 0.0910454 0.0458654 0.0473666 0.043427 0.0153013 0.027151 0.0113569 0.0136171 0.0114536 0.0221446 0.00782919 0 
2012 0 0.0295541 0.106525 0.150174 0.0621615 0.118726 0.0396704 0.0538288 0.0672035 0.0566065 0.0553762 0.0189855 0.0942724 0.0313026 0.0140457 0.0324675 0.00620996 0.00917341 0.012246 0.00504777 0.0364235 
2013 0 0.00756987 0.0837202 0.131557 0.244954 0.0576727 0.0600107 0.0130471 0.0391004 0.031021 0.088928 0.0381837 0.0397551 0.0333329 0.0106548 0.0143744 0.072487 0.0212232 0 0.00206801 0.01034 
end_table
table error_values
1990 0 0 0 0 0 0 0 0 0 0 0 0 0 0 0 0 0 0 0 0 0 
1991 0 0 0 0 0 0 0 0 0 0 0 0 0 0 0 0 0 0 0 0 0 
1992 0 0 0 0 0 0 0 0 0 0 0 0 0 0 0 0 0 0 0 0 0 
1993 0 0 0 0 0 0 0 0 0 0 0 0 0 0 0 0 0 0 0 0 0 
1994 0 0 0 0 0 0 0 0 0 0 0 0 0 0 0 0 0 0 0 0 0 
1995 0 0 0 0 0 0 0 0 0 0 0 0 0 0 0 0 0 0 0 0 0 
1996 0 0 0 0 0 0 0 0 0 0 0 0 0 0 0 0 0 0 0 0 0 
1997 0 0 0 0 0 0 0 0 0 0 0 0 0 0 0 0 0 0 0 0 0 
1998 0 0 0 0 0 0 0 0 0 0 0 0 0 0 0 0 0 0 0 0 0 
1999 0 0 0 0 0 0 0 0 0 0 0 0 0 0 0 0 0 0 0 0 0 
2000 0 0 0 0 0 0 0 0 0 0 0 0 0 0 0 0 0 0 0 0 0 
2001 0 0 0 0 0 0 0 0 0 0 0 0 0 0 0 0 0 0 0 0 0 
2002 0 0 0 0 0 0 0 0 0 0 0 0 0 0 0 0 0 0 0 0 0 
2003 0 0 0 0 0 0 0 0 0 0 0 0 0 0 0 0 0 0 0 0 0 
2004 0 0 0 0 0 0 0 0 0 0 0 0 0 0 0 0 0 0 0 0 0 
2005 0 0 0 0 0 0 0 0 0 0 0 0 0 0 0 0 0 0 0 0 0 
2006 0 0 0 0 0 0 0 0 0 0 0 0 0 0 0 0 0 0 0 0 0 
2007 0 0 0 0 0 0 0 0 0 0 0 0 0 0 0 0 0 0 0 0 0 
2008 0 0 0 0 0 0 0 0 0 0 0 0 0 0 0 0 0 0 0 0 0 
2009 0 0 0 0 0 0 0 0 0 0 0 0 0 0 0 0 0 0 0 0 0 
2010 0 0 0 0 0 0 0 0 0 0 0 0 0 0 0 0 0 0 0 0 0 
2011 0 0 0 0 0 0 0 0 0 0 0 0 0 0 0 0 0 0 0 0 0 
2012 0 0 0 0 0 0 0 0 0 0 0 0 0 0 0 0 0 0 0 0 0 
2013 0 0 0 0 0 0 0 0 0 0 0 0 0 0 0 0 0 0 0 0 0 
end_table

