@observation BP_age_sample_sim
age_samples_per_cluster 10 
ageing_error age_error 
average_cluster_weight 6 
cluster_cv 0.6 
cluster_sigma 1.1 
fishery_label Fishing_LL 
layer_of_stratum_definitions area_definition 
max_age 20 
min_age 0 
process_label fishing 
strata_to_include BP 
type mortality_event_biomass_age_clusters 
years 1990 1991 1992 1993 1994 1995 1996 1997 1998 1999 2000 2001 2002 2003 2004 2005 2006 2007 2008 2009 2010 2011 2012 2013 
table obs
1990 0 0.00340606 0.0150386 0.0454397 0.0782542 0.11752 0.0967549 0.0924172 0.0460618 0.027193 0.0226118 0.0462317 0.0713258 0.0248733 0.0325569 0.0483718 0.039637 0.0194706 0.0233972 0.0282216 0.121218 
1991 0 0.00258984 0.0499537 0.119554 0.0686981 0.0867283 0.0821553 0.0745509 0.0627929 0.0556295 0.0152268 0.0191643 0.0130613 0.0176816 0.0271227 0.0277552 0.0283356 0.0124183 0.00494934 0.0120208 0.219611 
1992 0 0.000864232 0.0127663 0.101066 0.135772 0.120704 0.0761371 0.0990573 0.0606859 0.0398028 0.0479307 0.0405506 0.0428439 0.0326325 0.0378854 0.00772517 0.00690326 0.00539925 0.00759779 0.0191833 0.104493 
1993 0 0.0148792 0.0315779 0.0606001 0.129558 0.14989 0.0749968 0.039718 0.0428567 0.0511226 0.0573537 0.0443972 0.0343078 0.0307724 0.0106325 0.0220748 0.0211986 0.0218138 0.0187773 0.0117329 0.13174 
1994 0 0.0120888 0.0192488 0.0903048 0.153676 0.0863246 0.0683977 0.0764687 0.0869652 0.0491433 0.0414875 0.0270012 0.0387167 0.0302191 0.0395096 0.00949079 0.0261485 0.0295577 0.017683 0.0221449 0.0754234 
1995 0 0.0274865 0.103596 0.033536 0.0628341 0.0668457 0.0826617 0.0572896 0.0573267 0.0593646 0.0874554 0.0638415 0.0659537 0.0259361 0.0479821 0.030439 0.0181202 0 0.0078324 0.00337991 0.0981193 
1996 0 0.0456015 0.0914866 0.220446 0.0306463 0.0981944 0.0876876 0.0461488 0.0539567 0.0433331 0.0383793 0.01326 0.0127705 0.0238308 0.0231683 0.0400119 0.0205854 0.0140112 0.00454553 0.00706379 0.0848719 
1997 0 0.012624 0.0733387 0.143849 0.294555 0.00913608 0.0326234 0.050528 0.0234072 0.0294177 0.0328514 0.017466 0.0406928 0.0339164 0.0617829 0.022195 0.0152553 0.0121784 0 0.00216964 0.0920132 
1998 0 0.000969771 0.00147571 0.00705889 0.00982209 0.00957858 0.00110825 0.00266877 0.00256744 0.00274917 0.00164312 0.00104772 0.00092648 0.000767458 0.00108514 0.00102643 0.00103753 0.000516645 0.00111787 0.000853107 0.95198 
1999 0 0 0.109584 0.0929055 0.109645 0.159856 0.186704 0.012002 0.0263298 0.0639543 0.0260325 0.018969 0.0204219 0.0376019 0.0141139 0.0206582 0.0106773 0.00470006 0.00773709 0.00355935 0.0745475 
2000 0 0 0.0251288 0.276805 0.12818 0.109712 0.127863 0.107591 0.0201561 0.0275777 0.064696 0.0118965 0.012419 0.0126064 0.00304208 0.00176644 0.00353288 0.00706576 0.00176644 0 0.0581952 
2001 0 0.0182054 0.0482344 0.0654352 0.262197 0.0656844 0.0833158 0.122966 0.150811 0.022149 0.0407336 0.0201554 0.0300068 0.0199515 0.00921817 0.00085991 0.00171982 0 0 0 0.0383558 
2002 0 0.00800961 0.0877989 0.141045 0.123958 0.229169 0.0698815 0.0682489 0.0684038 0.0684919 0.0161997 0.0153805 0.00567009 0.0107734 0.00805407 0.000808094 0 0.00794781 0.00158956 0.00158956 0.0669797 
2003 0 0.036064 0.0329777 0.121277 0.153575 0.0908691 0.211591 0.0416346 0.0304963 0.0897519 0.0600618 0.0117519 0.0106251 0.00549934 0.0144348 0.0114037 0.0049993 0.00523266 0.000931317 0.00465658 0.0621671 
2004 0 0.0298306 0.0768422 0.0573681 0.203828 0.144396 0.0692632 0.223437 0.0343891 0.0437234 0.0321017 0.0232627 0.00438716 0.0110475 0.00918844 0.00731834 0.00731834 0 0.00313248 0.00212952 0.0170362 
2005 0 0.00341667 0.0783225 0.103074 0.157533 0.161468 0.0818732 0.0426728 0.129992 0.0392157 0.0338296 0.0478617 0.0320875 0.00216638 0.00899683 0.02368 0.0130134 0.00924458 0 0 0.0315527 
2006 0 0.00156475 0.00667284 0.108907 0.277205 0.114747 0.13804 0.0839865 0.02944 0.106673 0.0273853 0.0211145 0.0321248 0.0258352 0.00207877 0 0.00622575 0.0107905 0.00360469 0.00360469 0 
2007 0 0.00158853 0.0211151 0.0307369 0.055537 0.0639394 0.0376364 0.0641934 0.062888 0.0253771 0.0585832 0.0127911 0.0125001 0.00633676 0.546777 0 0 0 0 0 0 
2008 0 0 0 0.0325615 0.0458537 0.0462227 0.0599818 0.0257971 0.0332959 0.0280293 0.00768114 0.0259259 0.00836679 0.00392285 0.00438697 0.00772506 0 0 0 0 0.670249 
2009 0 0.00886885 0.023963 0.0357803 0.10043 0.177708 0.195791 0.166104 0.0641961 0.0447918 0.0243994 0.0214151 0.0747611 0.0132118 0 0.00943819 0.00999573 0.00438932 0.00475834 0 0.0199975 
2010 0 0.0248177 0.00769334 0.105805 0.0467521 0.145646 0.13275 0.113495 0.110549 0.0374926 0.0762861 0.0478915 0.0322039 0.0350397 0.00820688 0.0170679 0.0137262 0.0208427 0.00192423 0.00242333 0.0193867 
2011 0 0.0128168 0.0846565 0.0419288 0.10832 0.0822583 0.123456 0.0968791 0.105384 0.0772542 0.0353411 0.0487334 0.0798619 0.0277553 0.0444901 0.00389517 0.00135284 0.00676418 0.00405851 0 0.014793 
2012 0 0.00835751 0.0831701 0.18881 0.0617308 0.117739 0.0236036 0.0435948 0.0800668 0.0996683 0.0801467 0.0207967 0.0473245 0.015682 0.00786742 0.0288711 0.00965809 0.0336256 0.0159481 0.00629664 0.0270424 
2013 0 0.0102835 0.0694303 0.198843 0.186443 0.0627344 0.0614302 0.022599 0.0448248 0.0671719 0.0590969 0.0913965 0.0426105 0.0171407 0.0120523 0.00323728 0.00733022 0.0185583 0.00241586 0.00387447 0.0185275 
end_table
table error_values
1990 0 0 0 0 0 0 0 0 0 0 0 0 0 0 0 0 0 0 0 0 0 
1991 0 0 0 0 0 0 0 0 0 0 0 0 0 0 0 0 0 0 0 0 0 
1992 0 0 0 0 0 0 0 0 0 0 0 0 0 0 0 0 0 0 0 0 0 
1993 0 0 0 0 0 0 0 0 0 0 0 0 0 0 0 0 0 0 0 0 0 
1994 0 0 0 0 0 0 0 0 0 0 0 0 0 0 0 0 0 0 0 0 0 
1995 0 0 0 0 0 0 0 0 0 0 0 0 0 0 0 0 0 0 0 0 0 
1996 0 0 0 0 0 0 0 0 0 0 0 0 0 0 0 0 0 0 0 0 0 
1997 0 0 0 0 0 0 0 0 0 0 0 0 0 0 0 0 0 0 0 0 0 
1998 0 0 0 0 0 0 0 0 0 0 0 0 0 0 0 0 0 0 0 0 0 
1999 0 0 0 0 0 0 0 0 0 0 0 0 0 0 0 0 0 0 0 0 0 
2000 0 0 0 0 0 0 0 0 0 0 0 0 0 0 0 0 0 0 0 0 0 
2001 0 0 0 0 0 0 0 0 0 0 0 0 0 0 0 0 0 0 0 0 0 
2002 0 0 0 0 0 0 0 0 0 0 0 0 0 0 0 0 0 0 0 0 0 
2003 0 0 0 0 0 0 0 0 0 0 0 0 0 0 0 0 0 0 0 0 0 
2004 0 0 0 0 0 0 0 0 0 0 0 0 0 0 0 0 0 0 0 0 0 
2005 0 0 0 0 0 0 0 0 0 0 0 0 0 0 0 0 0 0 0 0 0 
2006 0 0 0 0 0 0 0 0 0 0 0 0 0 0 0 0 0 0 0 0 0 
2007 0 0 0 0 0 0 0 0 0 0 0 0 0 0 0 0 0 0 0 0 0 
2008 0 0 0 0 0 0 0 0 0 0 0 0 0 0 0 0 0 0 0 0 0 
2009 0 0 0 0 0 0 0 0 0 0 0 0 0 0 0 0 0 0 0 0 0 
2010 0 0 0 0 0 0 0 0 0 0 0 0 0 0 0 0 0 0 0 0 0 
2011 0 0 0 0 0 0 0 0 0 0 0 0 0 0 0 0 0 0 0 0 0 
2012 0 0 0 0 0 0 0 0 0 0 0 0 0 0 0 0 0 0 0 0 0 
2013 0 0 0 0 0 0 0 0 0 0 0 0 0 0 0 0 0 0 0 0 0 
end_table

