@observation BP_age_sample_sim
age_samples_per_cluster 10 
ageing_error age_error 
average_cluster_weight 6 
cluster_cv 0.6 
cluster_sigma 1.1 
fishery_label Fishing_LL 
layer_of_stratum_definitions area_definition 
max_age 20 
min_age 0 
process_label fishing 
strata_to_include BP 
type mortality_event_biomass_age_clusters 
years 1990 1991 1992 1993 1994 1995 1996 1997 1998 1999 2000 2001 2002 2003 2004 2005 2006 2007 2008 2009 2010 2011 2012 2013 
table obs
1990 0 0.00992323 0.0257623 0.0699421 0.137281 0.116036 0.0838609 0.0561996 0.0375795 0.0677406 0.0425972 0.03617 0.0303536 0.0140199 0.0268674 0.0355034 0.0399138 0.022938 0.0199297 0.0131076 0.114274 
1991 0 0 0.0162993 0.061481 0.0589151 0.0891824 0.0782076 0.0903246 0.077843 0.0648321 0.0339117 0.0224081 0.0248268 0.0350586 0.0324528 0.0839711 0.0260066 0.0149757 0.0301988 0.0130667 0.146038 
1992 0 0.00404558 0.0163502 0.0465754 0.0711016 0.0665522 0.0589527 0.0644269 0.0742103 0.0813337 0.0605066 0.0457013 0.0552866 0.0703792 0.0452593 0.0107345 0.0310922 0.0273373 0.0199352 0.0160908 0.134128 
1993 0 0.0010604 0.010084 0.0510264 0.0606603 0.0779697 0.102718 0.109828 0.107732 0.067738 0.0620771 0.0536964 0.0414537 0.034493 0.0228754 0.0431017 0.0118402 0.0134826 0.0132201 0.0114163 0.103527 
1994 0 0.0300084 0.0108333 0.0763365 0.162471 0.0951106 0.077424 0.0531538 0.0410277 0.0616283 0.0455072 0.0556284 0.0475281 0.0385846 0.035812 0.0251028 0.0355091 0.022546 0.0190152 0.0105324 0.0562404 
1995 0 0.00106847 0.162111 0.0246924 0.0805494 0.0736442 0.0407751 0.0412809 0.0279175 0.0485091 0.051916 0.0664779 0.0386601 0.0229059 0.0279962 0.0421821 0.0263103 0.0175276 0.00282905 0.00566696 0.19698 
1996 0 0.0296525 0.128265 0.166813 0.0360528 0.0435096 0.083832 0.0868974 0.0750345 0.0389635 0.040228 0.0295735 0.031192 0.0186891 0.02659 0.0163367 0.0160069 0.0193818 0.0150898 0.0143426 0.0835499 
1997 0 0.013945 0.0430701 0.14889 0.24897 0.0394477 0.0366521 0.0634214 0.0495442 0.0357248 0.0167704 0.0320254 0.0354392 0.064162 0.0544403 0.0130785 0.0085134 0.00611323 0.00455841 0.00742794 0.0778055 
1998 0 0.00481957 0.0033278 0.00584901 0.0208131 0.0196005 0.00304984 0.00595756 0.00715711 0.005572 0.00269141 0.00409062 0.00274118 0.00416361 0.00328104 0.00353375 0.00115234 0.000639418 0.000215185 0.000860742 0.900484 
1999 0 0.00334689 0.0879194 0.10174 0.166686 0.159343 0.205045 0.0329244 0.0100167 0.0166055 0.0181759 0.0137385 0.0148387 0.00874118 0.016808 0.0140103 0.0064421 0.0128842 0.0187641 0.00613253 0.0858365 
2000 0 0.00111338 0.0216086 0.294418 0.166369 0.161118 0.120207 0.11718 0.00422052 0.00256594 0.0225922 0.00838598 0.00574077 0.0100025 0.0120645 0.00595189 0.00531368 0.00302794 0.00302794 0.00204269 0.0330503 
2001 0 0.0253059 0.0241804 0.0431703 0.294979 0.107284 0.0740333 0.0855252 0.083936 0.00710721 0.0168491 0.0437162 0.0663198 0.0201098 0.0163125 0.00288623 0.0024792 0.00110283 0.00594753 0 0.0787551 
2002 0 0.0277562 0.0832612 0.0313809 0.100372 0.319412 0.0637428 0.0515108 0.100641 0.136311 0.00715806 0.00381077 0.0113405 0.00856533 0.00106874 0.00366899 0.00780074 0.00473773 0.00362838 0.00446093 0.029371 
2003 0 0.00405988 0.0294304 0.132734 0.193979 0.0577334 0.31969 0.0676453 0.0396401 0.0553591 0.0151003 0.00129655 0 0.00914785 0.0059978 0.01023 0.0065073 0.016857 0.0191568 0.0047892 0.0106452 
2004 0 0.00668552 0.0646875 0.101382 0.178872 0.146016 0.0787713 0.275553 0.0355474 0.0495029 0.0182529 0.0154822 0.00654113 0 0 0 0 0 0 0 0.0227058 
2005 0 0.00831988 0.0203422 0.0722053 0.0672634 0.133788 0.0811873 0.0534881 0.15632 0.0733648 0.0295717 0.0499171 0.0707465 0.0270414 0.00722084 0.0741279 0.00707544 0.0096821 0.000744795 0.000744795 0.0568489 
2006 0 0.00835797 0.025943 0.0874455 0.249171 0.118862 0.174447 0.0684843 0.0431786 0.106662 0.0194938 0.00862113 0.0180697 0.0264596 0.00893967 0.00624953 0.0037718 0.00212651 0.000628633 0.000712481 0.0223745 
2007 0 0 0.0347528 0.0598887 0.12899 0.138188 0.0825237 0.104248 0.0372894 0.0278189 0.0754703 0.0282982 0.0310251 0.0577262 0.161659 0 0 0 0.00356905 0.0178452 0.0107071 
2008 0 0.00398355 0.00715849 0.0503535 0.0910053 0.10825 0.1239 0.054544 0.0732267 0.0634206 0.0150866 0.0445713 0.00532059 0.00755077 0.0154535 0.0132058 0.0106402 0.00709345 0.033915 0.033915 0.237405 
2009 0 0.0164654 0.0556661 0.0455433 0.0983163 0.138376 0.113599 0.112478 0.0878753 0.107499 0.052474 0.0212146 0.0694169 0.030604 0.0042753 0.0104554 0.0116742 0.0141192 0.00994823 0 0 
2010 0 0.0511447 0.0265576 0.0848365 0.048536 0.139832 0.147342 0.132032 0.115107 0.0422522 0.0399815 0.0336765 0.0239219 0.0369208 0.0210607 0.0281205 0.00689576 0.00564763 0 0.00179273 0.0143418 
2011 0 0.0405481 0.147219 0.0869393 0.0748931 0.0327656 0.0699481 0.0997567 0.123143 0.119843 0.0418279 0.0411548 0.021483 0.01743 0.0426846 0.0193414 0 0 0.00618079 0 0.0148413 
2012 0 0.0408666 0.0714469 0.220456 0.0429009 0.0807482 0.0203405 0.0616484 0.0741122 0.100766 0.0575095 0.0374042 0.0587853 0.024235 0.0250298 0.0305672 0.00798461 0.0202475 0.0142675 0 0.0106842 
2013 0 0.00177346 0.0855229 0.184326 0.217734 0.0528161 0.0569321 0.0352513 0.0512613 0.0958528 0.0729684 0.0472079 0.0201858 0.0309876 0.00461534 0.0165633 0.0121221 0.00215934 0.000662703 0.00122859 0.00982871 
end_table
table error_values
1990 0 0 0 0 0 0 0 0 0 0 0 0 0 0 0 0 0 0 0 0 0 
1991 0 0 0 0 0 0 0 0 0 0 0 0 0 0 0 0 0 0 0 0 0 
1992 0 0 0 0 0 0 0 0 0 0 0 0 0 0 0 0 0 0 0 0 0 
1993 0 0 0 0 0 0 0 0 0 0 0 0 0 0 0 0 0 0 0 0 0 
1994 0 0 0 0 0 0 0 0 0 0 0 0 0 0 0 0 0 0 0 0 0 
1995 0 0 0 0 0 0 0 0 0 0 0 0 0 0 0 0 0 0 0 0 0 
1996 0 0 0 0 0 0 0 0 0 0 0 0 0 0 0 0 0 0 0 0 0 
1997 0 0 0 0 0 0 0 0 0 0 0 0 0 0 0 0 0 0 0 0 0 
1998 0 0 0 0 0 0 0 0 0 0 0 0 0 0 0 0 0 0 0 0 0 
1999 0 0 0 0 0 0 0 0 0 0 0 0 0 0 0 0 0 0 0 0 0 
2000 0 0 0 0 0 0 0 0 0 0 0 0 0 0 0 0 0 0 0 0 0 
2001 0 0 0 0 0 0 0 0 0 0 0 0 0 0 0 0 0 0 0 0 0 
2002 0 0 0 0 0 0 0 0 0 0 0 0 0 0 0 0 0 0 0 0 0 
2003 0 0 0 0 0 0 0 0 0 0 0 0 0 0 0 0 0 0 0 0 0 
2004 0 0 0 0 0 0 0 0 0 0 0 0 0 0 0 0 0 0 0 0 0 
2005 0 0 0 0 0 0 0 0 0 0 0 0 0 0 0 0 0 0 0 0 0 
2006 0 0 0 0 0 0 0 0 0 0 0 0 0 0 0 0 0 0 0 0 0 
2007 0 0 0 0 0 0 0 0 0 0 0 0 0 0 0 0 0 0 0 0 0 
2008 0 0 0 0 0 0 0 0 0 0 0 0 0 0 0 0 0 0 0 0 0 
2009 0 0 0 0 0 0 0 0 0 0 0 0 0 0 0 0 0 0 0 0 0 
2010 0 0 0 0 0 0 0 0 0 0 0 0 0 0 0 0 0 0 0 0 0 
2011 0 0 0 0 0 0 0 0 0 0 0 0 0 0 0 0 0 0 0 0 0 
2012 0 0 0 0 0 0 0 0 0 0 0 0 0 0 0 0 0 0 0 0 0 
2013 0 0 0 0 0 0 0 0 0 0 0 0 0 0 0 0 0 0 0 0 0 
end_table

