@observation BP_age_sample_sim
age_samples_per_cluster 10 
ageing_error age_error 
average_cluster_weight 6 
cluster_cv 0.6 
cluster_sigma 1.1 
fishery_label Fishing_LL 
layer_of_stratum_definitions area_definition 
max_age 20 
min_age 0 
process_label fishing 
strata_to_include BP 
type mortality_event_biomass_age_clusters 
years 1990 1991 1992 1993 1994 1995 1996 1997 1998 1999 2000 2001 2002 2003 2004 2005 2006 2007 2008 2009 2010 2011 2012 2013 
table obs
1990 0 0.0152237 0.0462168 0.082175 0.112723 0.127117 0.0623989 0.076339 0.0376046 0.0221761 0.0173222 0.0397227 0.0420467 0.0386189 0.014852 0.0198013 0.0332803 0.0103463 0.00943697 0.0216427 0.170956 
1991 0 0 0.0284913 0.0635333 0.0827449 0.095632 0.0500117 0.0814997 0.072709 0.0784479 0.0550302 0.0621199 0.0294792 0.03841 0.0182798 0.0349651 0.0105384 0.0207615 0.01145 0.0215775 0.144318 
1992 0 0.00336886 0.0370031 0.119982 0.178449 0.0666788 0.0853297 0.0826261 0.0535842 0.0781675 0.0255924 0.0245617 0.0204136 0.0132734 0.0129859 0.0140605 0.011912 0.0195318 0.0157534 0.00957567 0.127151 
1993 0 0 0.0240272 0.104952 0.156295 0.120699 0.065534 0.0594752 0.0407175 0.0372737 0.0413603 0.0275426 0.0203384 0.0134492 0.0126806 0.00435791 0.00759614 0.0136629 0.0241914 0.0330723 0.192774 
1994 0 0.0309784 0.00649298 0.0490371 0.103116 0.100248 0.075296 0.0782145 0.0723112 0.0633751 0.049413 0.0600082 0.0448937 0.0280991 0.0225566 0.0319156 0.0122304 0.021447 0.0259492 0.0239464 0.100471 
1995 0 0.0194643 0.0596495 0.0275172 0.076226 0.116941 0.0700934 0.0540602 0.0576988 0.0264547 0.0402437 0.0579747 0.0367213 0.0304889 0.0460761 0.0517094 0.0208897 0.0509115 0.0191889 0.0123745 0.125316 
1996 0 0 0.0941377 0.154858 0.057727 0.0582235 0.105914 0.0809496 0.0631576 0.0595537 0.0420049 0.0577233 0.0423589 0.021009 0.0194246 0.0083025 0.0117447 0.0070775 0.011468 0.00558138 0.0987846 
1997 0 0.0166416 0.0272319 0.132118 0.320417 0.0579871 0.0882308 0.100232 0.0497383 0.050819 0.0315831 0.0343648 0.0133187 0.00794801 0.00330847 0 0.000871916 0.000871916 0.00347043 0.000884713 0.0599621 
1998 0 0.0014351 0.00114191 0.0027078 0.0100421 0.0159714 0.00115359 0.00267643 0.00198276 0.00294055 0.00318142 0.00102068 0.00158693 0.00295542 0.00352028 0.00188005 0.00221238 0.00148458 0.00278184 0.00397213 0.935353 
1999 0 0.00138675 0.0956518 0.0750479 0.144902 0.189558 0.190931 0.0340025 0.0386768 0.0371315 0.0310944 0.00909929 0.0281133 0.0142797 0.0195956 0.0213252 0.00579809 0.0152954 0.00831768 0 0.0397933 
2000 0 0.0124081 0.0248439 0.25608 0.103292 0.112116 0.114451 0.115973 0.0131012 0.0208178 0.0178233 0.0311135 0.0280316 0.0268437 0.0161552 0.0101423 0.0194354 0.00406307 0.0187478 0.0119902 0.0425704 
2001 0 0.0326038 0.0506017 0.0665961 0.251525 0.103369 0.108498 0.167893 0.106771 0.00521995 0.0227525 0.00714748 0.00332846 0 0.00707144 0.0247501 0 0 0 0 0.0418724 
2002 0 0.00212029 0.0961055 0.0874542 0.0775382 0.355389 0.0510773 0.0323599 0.0418299 0.033774 0.0237733 0.0205902 0.0294495 0.0107 0.00805201 0.0205969 0.0260808 0.00952713 0 0.00353487 0.0700473 
2003 0 0.0247085 0.0532867 0.158631 0.16413 0.0745298 0.266163 0.0552804 0.0334703 0.0359794 0.0518444 0.00457742 0.00366375 0 0 0.00162859 0.00488577 0.0160617 0 0.00116396 0.0499947 
2004 0 0.0154735 0.109976 0.0814335 0.174532 0.110194 0.0322565 0.12736 0.0303131 0.0690569 0.0598316 0.0964098 0.00104053 0.0047626 0.00439367 0.0102248 0.00646384 0.0126209 0.000812597 0.00545729 0.0473864 
2005 0 0.00648848 0.0283106 0.116443 0.0835567 0.114909 0.116227 0.0531264 0.196499 0.0469716 0.040681 0.0707912 0.05986 0.00586415 0.02242 0.00355338 0.000721027 0.000721027 0 0 0.0328567 
2006 0 0.00895881 0.0221995 0.137835 0.157339 0.171424 0.187896 0.0708923 0.0274852 0.0797362 0.022483 0.0299979 0.0551782 0.0285747 0 0 0 0 0 0 0 
2007 0 0 0.0197553 0.0496238 0.132458 0.117658 0.0443361 0.0447396 0.071949 0.0759063 0.173165 0.0540235 0.035451 0.0477062 0.0973391 0 0 0 0 0.00272183 0.0331668 
2008 0 0 0.00140818 0.0160353 0.0414253 0.0427425 0.0885569 0.0325253 0.0294006 0.0267451 0.0133743 0.0351391 0.0148135 0.0072602 0.0112468 0.0132212 0 0.00244326 0.00488651 0.00244326 0.616333 
2009 0 0.00627114 0.026751 0.0521537 0.131421 0.144896 0.150507 0.0873482 0.0460553 0.0643628 0.0743112 0.0259101 0.0706249 0.0192513 0.00743144 0.00796076 0.0100156 0.00265034 0.0185524 0 0.0535265 
2010 0 0.0500276 0.0394783 0.148403 0.052219 0.145175 0.12103 0.102977 0.0645122 0.0447697 0.051596 0.0149464 0.0149252 0.0348128 0.00353511 0.0118815 0.0465739 0.0354783 0.00261948 0.000508799 0.0145314 
2011 0 0.044456 0.153319 0.0560452 0.0873071 0.0409111 0.0737063 0.121257 0.116081 0.0787249 0.0341252 0.0530071 0.0391715 0.0238743 0.0352309 0.00880484 0 0 0 0.0113262 0.0226523 
2012 0 0.0378865 0.127422 0.193448 0.048554 0.121008 0.0195499 0.0600076 0.0491721 0.0277316 0.0520168 0.0192432 0.0334087 0.00822463 0.0291555 0.0491129 0.0113325 0.0479802 0.0226603 0.00378637 0.038299 
2013 0 0.00809179 0.08672 0.28956 0.287198 0.0228475 0.0625274 0.0194864 0.0365994 0.0401563 0.0239151 0.0195249 0.0166282 0.0299614 0.00321724 0.00734352 0.0135903 0.00930327 0.00069196 0 0.022637 
end_table
table error_values
1990 0 0 0 0 0 0 0 0 0 0 0 0 0 0 0 0 0 0 0 0 0 
1991 0 0 0 0 0 0 0 0 0 0 0 0 0 0 0 0 0 0 0 0 0 
1992 0 0 0 0 0 0 0 0 0 0 0 0 0 0 0 0 0 0 0 0 0 
1993 0 0 0 0 0 0 0 0 0 0 0 0 0 0 0 0 0 0 0 0 0 
1994 0 0 0 0 0 0 0 0 0 0 0 0 0 0 0 0 0 0 0 0 0 
1995 0 0 0 0 0 0 0 0 0 0 0 0 0 0 0 0 0 0 0 0 0 
1996 0 0 0 0 0 0 0 0 0 0 0 0 0 0 0 0 0 0 0 0 0 
1997 0 0 0 0 0 0 0 0 0 0 0 0 0 0 0 0 0 0 0 0 0 
1998 0 0 0 0 0 0 0 0 0 0 0 0 0 0 0 0 0 0 0 0 0 
1999 0 0 0 0 0 0 0 0 0 0 0 0 0 0 0 0 0 0 0 0 0 
2000 0 0 0 0 0 0 0 0 0 0 0 0 0 0 0 0 0 0 0 0 0 
2001 0 0 0 0 0 0 0 0 0 0 0 0 0 0 0 0 0 0 0 0 0 
2002 0 0 0 0 0 0 0 0 0 0 0 0 0 0 0 0 0 0 0 0 0 
2003 0 0 0 0 0 0 0 0 0 0 0 0 0 0 0 0 0 0 0 0 0 
2004 0 0 0 0 0 0 0 0 0 0 0 0 0 0 0 0 0 0 0 0 0 
2005 0 0 0 0 0 0 0 0 0 0 0 0 0 0 0 0 0 0 0 0 0 
2006 0 0 0 0 0 0 0 0 0 0 0 0 0 0 0 0 0 0 0 0 0 
2007 0 0 0 0 0 0 0 0 0 0 0 0 0 0 0 0 0 0 0 0 0 
2008 0 0 0 0 0 0 0 0 0 0 0 0 0 0 0 0 0 0 0 0 0 
2009 0 0 0 0 0 0 0 0 0 0 0 0 0 0 0 0 0 0 0 0 0 
2010 0 0 0 0 0 0 0 0 0 0 0 0 0 0 0 0 0 0 0 0 0 
2011 0 0 0 0 0 0 0 0 0 0 0 0 0 0 0 0 0 0 0 0 0 
2012 0 0 0 0 0 0 0 0 0 0 0 0 0 0 0 0 0 0 0 0 0 
2013 0 0 0 0 0 0 0 0 0 0 0 0 0 0 0 0 0 0 0 0 0 
end_table

