@observation BP_age_sample_sim
age_samples_per_cluster 10 
ageing_error age_error 
average_cluster_weight 6 
cluster_cv 0.6 
cluster_sigma 1.1 
fishery_label Fishing_LL 
layer_of_stratum_definitions area_definition 
max_age 20 
min_age 0 
process_label fishing 
strata_to_include BP 
type mortality_event_biomass_age_clusters 
years 1990 1991 1992 1993 1994 1995 1996 1997 1998 1999 2000 2001 2002 2003 2004 2005 2006 2007 2008 2009 2010 2011 2012 2013 
table obs
1990 0 0.0060487 0.0320483 0.0593803 0.12711 0.111284 0.0643112 0.0762025 0.0849553 0.0670367 0.0489446 0.0574753 0.0361705 0.029807 0.0338478 0.0225413 0.0112212 0.0136857 0.000898122 0.0094571 0.107575 
1991 0 0.000677718 0.0266746 0.0891959 0.0803891 0.103269 0.0815197 0.0530099 0.0504552 0.0325103 0.0304744 0.0277426 0.0102598 0.033782 0.0158778 0.011811 0.0228717 0.0566799 0.0557994 0.0292546 0.187745 
1992 0 0.00322774 0.0203382 0.0513438 0.0928625 0.105872 0.113552 0.0911831 0.0522843 0.0624711 0.0223903 0.0362242 0.0365344 0.0282788 0.0427609 0.0351878 0.0323876 0.0306858 0.0153086 0.0114212 0.115685 
1993 0 0.00273918 0.0376864 0.048396 0.140809 0.101272 0.0621766 0.052506 0.0462388 0.0572848 0.0696311 0.0302019 0.0213907 0.0232998 0.0249067 0.0225505 0.0138728 0.0286272 0.0409714 0.0207442 0.154696 
1994 0 0.0187138 0.0145791 0.0516597 0.124046 0.0809784 0.0830358 0.064793 0.0582617 0.0329976 0.0253564 0.038272 0.041885 0.0503841 0.0422937 0.0288571 0.030695 0.0366904 0.00939202 0.0108581 0.156251 
1995 0 0.0667628 0.0978436 0.0253357 0.105003 0.132732 0.0763642 0.101726 0.0632878 0.0524391 0.0178398 0.0233182 0.0215212 0.0153734 0.0227749 0.0214819 0.0227779 0.0212999 0.0238937 0.0138865 0.0743381 
1996 0 0.0295338 0.0439318 0.13462 0.0215343 0.0583898 0.0870896 0.0456782 0.0532038 0.0530476 0.0734809 0.0645594 0.0438634 0.049103 0.0191965 0.0112921 0.0114112 0.00873545 0.011245 0.0222503 0.157834 
1997 0 0.00541512 0.0194011 0.11273 0.275221 0.0607697 0.0948165 0.0749602 0.0446356 0.0484525 0.0432352 0.0302966 0.0192586 0.0243998 0.0375589 0.0217339 0 0 0.00162144 0.0113417 0.0741519 
1998 0 0.00220265 0.00224486 0.0139333 0.0276131 0.0473446 0.0035785 0.00589663 0.00450707 0.00288255 0.00564862 0.0075232 0.00231704 0.00352711 0.00547398 0.00525741 0.00578301 0.00991987 0.000666628 0.000166657 0.843513 
1999 0 0.00115329 0.100247 0.0687456 0.134396 0.244745 0.131522 0.0318875 0.0332888 0.0553691 0.0171127 0.0181694 0.00558095 0.00417922 0.00407821 0.0185574 0.00629614 0.00857692 0.0163605 0.0120054 0.0877289 
2000 0 0.00366074 0.0350116 0.178045 0.11364 0.129578 0.180031 0.139138 0.0183529 0.0263706 0.0733619 0.0303702 0.023419 0.00417116 0.00872563 0.00768788 0.0069489 0.00423283 0.00328345 0.00374503 0.0102261 
2001 0 0.0280204 0.0770148 0.0731689 0.269077 0.0756241 0.0928234 0.119629 0.113963 0.00797364 0.0231005 0.0142791 0.0215324 0.0121014 0.00952275 0.00627673 0.0113449 0.00420298 0.0042986 0.00396604 0.0320807 
2002 0 0.0133185 0.0607863 0.11998 0.0918699 0.27436 0.064318 0.0559104 0.110288 0.076371 0.00476694 0.00686061 0.0409988 0.0154707 0.0153269 0.00557349 0.00526413 0.00242163 0.00998048 0.00128354 0.0248513 
2003 0 0.0220006 0.0316002 0.135223 0.199023 0.0599112 0.213761 0.0700172 0.0371457 0.0790471 0.0795316 0.00295297 0.00889064 0.0129355 0.00804304 0.0299972 0.00731891 0.0026009 0 0 0 
2004 0 0.0440606 0.0901595 0.0805876 0.146102 0.113975 0.0530939 0.192923 0.0473168 0.0462687 0.0446266 0.0417437 0.00451715 0.00361743 0.00530889 0.0119783 0.00695751 0.0077471 0 0.00101233 0.0580035 
2005 0 0.0222316 0.0263631 0.089842 0.103002 0.181718 0.0701 0.0532641 0.161845 0.0585013 0.0191171 0.0459012 0.0287562 0.0136713 0.0278124 0.020097 0.0138068 0.0227358 0.00461124 0.00373623 0.0328883 
2006 0 0.0023886 0.0195845 0.0900912 0.203733 0.127096 0.231074 0.0989797 0.0526069 0.0949878 0.0136154 0.00887149 0.0145777 0.00759759 0 0 0 0.00529378 0.0136356 0.00609616 0.00977025 
2007 0 0 0.0048776 0.0215696 0.0482139 0.03841 0.0235902 0.0292231 0.0276823 0.0206236 0.053603 0.0140884 0.0237305 0.00959959 0.672027 0 0.00110594 0.000987758 0 0.00418276 0.00648478 
2008 0 0 0.000444911 0.0175549 0.0183093 0.0212924 0.0366138 0.0112969 0.0109373 0.010437 0.00216088 0.00584328 0.00240739 0.00120458 0.00156158 0.00314789 0.00179057 0.00390297 0.00279702 0.0020833 0.846214 
2009 0 0.0168797 0.0813147 0.0442914 0.0989092 0.137905 0.117953 0.159174 0.0666049 0.0712003 0.0727603 0.0347735 0.0297051 0.01873 0.00849949 0.0223863 0.0169866 0.00192616 0 0 0 
2010 0 0.0383705 0.0256231 0.107154 0.0456835 0.112594 0.119603 0.125575 0.0778507 0.0616123 0.0612211 0.104161 0.0272368 0.0738261 0.00411266 0.00399 0.0101434 0.00124342 0 0 0 
2011 0 0.0303082 0.119914 0.090013 0.0956549 0.0579032 0.104073 0.148188 0.129711 0.0634831 0.0316821 0.0318813 0.00716517 0.00632513 0.0158953 0.0110375 0.00547067 0.0111368 0.0252483 0 0.0149105 
2012 0 0.00493551 0.076552 0.161101 0.0641573 0.11736 0.0225465 0.0433886 0.103122 0.126452 0.0740925 0.0262516 0.0373224 0.0234948 0.0212771 0.0474481 0.00922499 0.0178311 0.00733563 0.00408947 0.0120173 
2013 0 0.0148331 0.0746076 0.169655 0.246235 0.0412344 0.0427399 0.0148954 0.0424789 0.0725972 0.0786455 0.0325544 0.0151834 0.011667 0.0227084 0.0248002 0.0421288 0.0145808 0.00728976 0 0.0311654 
end_table
table error_values
1990 0 0 0 0 0 0 0 0 0 0 0 0 0 0 0 0 0 0 0 0 0 
1991 0 0 0 0 0 0 0 0 0 0 0 0 0 0 0 0 0 0 0 0 0 
1992 0 0 0 0 0 0 0 0 0 0 0 0 0 0 0 0 0 0 0 0 0 
1993 0 0 0 0 0 0 0 0 0 0 0 0 0 0 0 0 0 0 0 0 0 
1994 0 0 0 0 0 0 0 0 0 0 0 0 0 0 0 0 0 0 0 0 0 
1995 0 0 0 0 0 0 0 0 0 0 0 0 0 0 0 0 0 0 0 0 0 
1996 0 0 0 0 0 0 0 0 0 0 0 0 0 0 0 0 0 0 0 0 0 
1997 0 0 0 0 0 0 0 0 0 0 0 0 0 0 0 0 0 0 0 0 0 
1998 0 0 0 0 0 0 0 0 0 0 0 0 0 0 0 0 0 0 0 0 0 
1999 0 0 0 0 0 0 0 0 0 0 0 0 0 0 0 0 0 0 0 0 0 
2000 0 0 0 0 0 0 0 0 0 0 0 0 0 0 0 0 0 0 0 0 0 
2001 0 0 0 0 0 0 0 0 0 0 0 0 0 0 0 0 0 0 0 0 0 
2002 0 0 0 0 0 0 0 0 0 0 0 0 0 0 0 0 0 0 0 0 0 
2003 0 0 0 0 0 0 0 0 0 0 0 0 0 0 0 0 0 0 0 0 0 
2004 0 0 0 0 0 0 0 0 0 0 0 0 0 0 0 0 0 0 0 0 0 
2005 0 0 0 0 0 0 0 0 0 0 0 0 0 0 0 0 0 0 0 0 0 
2006 0 0 0 0 0 0 0 0 0 0 0 0 0 0 0 0 0 0 0 0 0 
2007 0 0 0 0 0 0 0 0 0 0 0 0 0 0 0 0 0 0 0 0 0 
2008 0 0 0 0 0 0 0 0 0 0 0 0 0 0 0 0 0 0 0 0 0 
2009 0 0 0 0 0 0 0 0 0 0 0 0 0 0 0 0 0 0 0 0 0 
2010 0 0 0 0 0 0 0 0 0 0 0 0 0 0 0 0 0 0 0 0 0 
2011 0 0 0 0 0 0 0 0 0 0 0 0 0 0 0 0 0 0 0 0 0 
2012 0 0 0 0 0 0 0 0 0 0 0 0 0 0 0 0 0 0 0 0 0 
2013 0 0 0 0 0 0 0 0 0 0 0 0 0 0 0 0 0 0 0 0 0 
end_table

