@observation BP_age_sample_sim
age_samples_per_cluster 10 
ageing_error age_error 
average_cluster_weight 6 
cluster_cv 0.6 
cluster_sigma 1.1 
fishery_label Fishing_LL 
layer_of_stratum_definitions area_definition 
max_age 20 
min_age 0 
process_label fishing 
strata_to_include BP 
type mortality_event_biomass_age_clusters 
years 1990 1991 1992 1993 1994 1995 1996 1997 1998 1999 2000 2001 2002 2003 2004 2005 2006 2007 2008 2009 2010 2011 2012 2013 
table obs
1990 0 0.0255706 0.0638999 0.0775676 0.0974771 0.110092 0.117887 0.0903947 0.060567 0.0463619 0.015957 0.0222325 0.0171264 0.0219856 0.0430645 0.0404193 0.0427902 0.00869588 0.0123701 0.00799145 0.0775491 
1991 0 0.00259073 0.0224584 0.0831233 0.100993 0.0853538 0.0855278 0.098541 0.0821828 0.0517132 0.0319149 0.0477903 0.0325654 0.0359495 0.0131136 0.0228153 0.0227406 0.0209727 0.00755892 0.0116692 0.140426 
1992 0 0 0.0197394 0.0608857 0.0637865 0.0989007 0.0963352 0.0701888 0.0688883 0.0350231 0.0501937 0.0260059 0.0244479 0.032868 0.0189905 0.0252471 0.00743572 0.0161488 0.0125716 0.0210615 0.251282 
1993 0 0 0.0244591 0.0889147 0.101804 0.11106 0.103248 0.0565483 0.0636481 0.0496717 0.0571933 0.0461839 0.016774 0.0157551 0.0145464 0.0310549 0.0249034 0.017343 0.0142736 0.0132785 0.14934 
1994 0 0.0362465 0.0171666 0.0583403 0.117856 0.0885641 0.0715193 0.0665827 0.0732781 0.0582868 0.0329159 0.0370411 0.0310874 0.0383433 0.0448557 0.0458954 0.034722 0.00855673 0.0236309 0.0246157 0.0904954 
1995 0 0.0367901 0.137379 0.0298783 0.074493 0.0811566 0.0694176 0.0491269 0.0463139 0.0591194 0.0844857 0.0401162 0.0253814 0.0503099 0.0379895 0.0424825 0.0345915 0.0231788 0.0143214 0.00857503 0.0548933 
1996 0 0 0.0655328 0.145188 0.0405827 0.0562794 0.0925784 0.0654582 0.064386 0.0584202 0.0473936 0.0628286 0.063817 0.0407228 0.0350881 0.0242544 0.0215969 0.0147994 0.00762066 0.00918454 0.0842682 
1997 0 0.0208885 0.0975686 0.170622 0.294534 0.0249992 0.0562577 0.0475687 0.0451689 0.0473405 0.0339443 0.00588823 0.00332971 0.00486709 0.00899892 0.0050128 0.00717041 0.0146816 0.00816968 0.00451389 0.0984756 
1998 0 0.00315181 0.00362988 0.0089848 0.0116865 0.0159056 0.00290384 0.00338031 0.00357586 0.00291202 0.0054509 0.00213432 0.00138132 0.00166571 0.000530161 0.00035689 0.000227346 0.00189595 0.00178227 0.000227346 0.928217 
1999 0 0.00967567 0.131995 0.0798426 0.119955 0.164257 0.230473 0.0271588 0.0194143 0.0399323 0.0192292 0.0199645 0.0249995 0.015708 0.00594991 0.0321541 0.0163971 0.0107578 0.00654833 0.00410547 0.0214816 
2000 0 0.000558535 0.00836128 0.295873 0.123095 0.14572 0.156392 0.117734 0.0230579 0.0275287 0.0128446 0.00514667 0.00365989 0.00911197 0.00287847 0.00143923 0 0 0 0 0.0665985 
2001 0 0.00210298 0.0127272 0.0719434 0.240089 0.0601279 0.0905186 0.134654 0.139174 0.0259396 0.024978 0.0360792 0.0377436 0.0328562 0.00683962 0.00762205 0.00910071 0.0100813 0.00607126 0.00287679 0.0484743 
2002 0 0.00514332 0.0463343 0.0789165 0.0715897 0.194981 0.0902287 0.0803369 0.154636 0.114544 0.0155867 0.0236727 0.0423458 0.0105442 0.0115278 0.00779711 0.0226262 0.0152608 0.00553214 0.00186574 0.00653008 
2003 0 0.001741 0.0378002 0.119806 0.129698 0.111045 0.221401 0.0674753 0.0575843 0.0823292 0.0811705 0.0012556 0.0127746 0.00746156 0.00958454 0.00270004 0.00328982 0.0245893 0.00398434 0 0.0243105 
2004 0 0.0154563 0.0426576 0.0604378 0.147241 0.150864 0.0596713 0.19941 0.0462295 0.0618703 0.0325117 0.0436353 0.0237491 0.0291516 0.0213175 0 0.0140167 0 0 0 0.05178 
2005 0 0.0082346 0.0517284 0.0974671 0.142393 0.166079 0.0731714 0.0498222 0.140518 0.0285539 0.0195328 0.0574402 0.0293622 0.00437373 0.00233181 0.0204876 0.0153209 0.0082371 0.00644037 0.0204587 0.0580482 
2006 0 0.000978188 0.0135522 0.120543 0.260061 0.15597 0.179226 0.0880213 0.027623 0.0949193 0.0104242 0.00564982 0.0148361 0.0115673 0 0 0.00369536 0.00554305 0.00554305 0.00184768 0 
2007 0 0.00525446 0.0282625 0.0951412 0.101082 0.169684 0.12485 0.0682369 0.0725618 0.0545815 0.0943064 0.0389588 0.0493734 0.0333551 0.0422528 0.00188906 0.00188906 0 0 0 0.0183207 
2008 0 0 0.019127 0.104749 0.139515 0.144665 0.185527 0.0470045 0.0303353 0.0346985 0.0231329 0.0834786 0.0460498 0.0292047 0.0170412 0.0463404 0.0290161 0.0104175 0.00969752 0 0 
2009 0 0.00578508 0.0115938 0.0450178 0.137758 0.15354 0.14743 0.157137 0.090032 0.0794602 0.0572421 0.0186452 0.0648844 0.012707 0 0.00826163 0.00275388 0.00137694 0 0 0.00637532 
2010 0 0.0371 0.018158 0.0907125 0.0496139 0.0941181 0.101823 0.119175 0.0633994 0.0548514 0.0444191 0.0557014 0.0658535 0.0952442 0.0285839 0.0243648 0.0246621 0.0179382 0.00641866 0 0.0078628 
2011 0 0.0228582 0.0776898 0.0344917 0.0751474 0.0584386 0.112419 0.143507 0.0837219 0.0991484 0.039111 0.0303353 0.052688 0.0233646 0.0426342 0.0109952 0.0166285 0.0235724 0.0453707 0 0.00787886 
2012 0 0.03091 0.104017 0.16355 0.0343724 0.0695193 0.0117627 0.0559135 0.089558 0.121111 0.0509698 0.0183276 0.0273567 0.033188 0.0208987 0.0650058 0.0183667 0.0364415 0.00565726 0.0108024 0.0322719 
2013 0 0 0.0870636 0.209554 0.283641 0.0626508 0.0721666 0.036467 0.043612 0.0293324 0.0251347 0.0202132 0.0262903 0.0335048 0.0114439 0.00650141 0.00650702 0.00813377 0 0 0.0377833 
end_table
table error_values
1990 0 0 0 0 0 0 0 0 0 0 0 0 0 0 0 0 0 0 0 0 0 
1991 0 0 0 0 0 0 0 0 0 0 0 0 0 0 0 0 0 0 0 0 0 
1992 0 0 0 0 0 0 0 0 0 0 0 0 0 0 0 0 0 0 0 0 0 
1993 0 0 0 0 0 0 0 0 0 0 0 0 0 0 0 0 0 0 0 0 0 
1994 0 0 0 0 0 0 0 0 0 0 0 0 0 0 0 0 0 0 0 0 0 
1995 0 0 0 0 0 0 0 0 0 0 0 0 0 0 0 0 0 0 0 0 0 
1996 0 0 0 0 0 0 0 0 0 0 0 0 0 0 0 0 0 0 0 0 0 
1997 0 0 0 0 0 0 0 0 0 0 0 0 0 0 0 0 0 0 0 0 0 
1998 0 0 0 0 0 0 0 0 0 0 0 0 0 0 0 0 0 0 0 0 0 
1999 0 0 0 0 0 0 0 0 0 0 0 0 0 0 0 0 0 0 0 0 0 
2000 0 0 0 0 0 0 0 0 0 0 0 0 0 0 0 0 0 0 0 0 0 
2001 0 0 0 0 0 0 0 0 0 0 0 0 0 0 0 0 0 0 0 0 0 
2002 0 0 0 0 0 0 0 0 0 0 0 0 0 0 0 0 0 0 0 0 0 
2003 0 0 0 0 0 0 0 0 0 0 0 0 0 0 0 0 0 0 0 0 0 
2004 0 0 0 0 0 0 0 0 0 0 0 0 0 0 0 0 0 0 0 0 0 
2005 0 0 0 0 0 0 0 0 0 0 0 0 0 0 0 0 0 0 0 0 0 
2006 0 0 0 0 0 0 0 0 0 0 0 0 0 0 0 0 0 0 0 0 0 
2007 0 0 0 0 0 0 0 0 0 0 0 0 0 0 0 0 0 0 0 0 0 
2008 0 0 0 0 0 0 0 0 0 0 0 0 0 0 0 0 0 0 0 0 0 
2009 0 0 0 0 0 0 0 0 0 0 0 0 0 0 0 0 0 0 0 0 0 
2010 0 0 0 0 0 0 0 0 0 0 0 0 0 0 0 0 0 0 0 0 0 
2011 0 0 0 0 0 0 0 0 0 0 0 0 0 0 0 0 0 0 0 0 0 
2012 0 0 0 0 0 0 0 0 0 0 0 0 0 0 0 0 0 0 0 0 0 
2013 0 0 0 0 0 0 0 0 0 0 0 0 0 0 0 0 0 0 0 0 0 
end_table

