@observation BP_age_sample_sim
age_samples_per_cluster 10 
ageing_error age_error 
average_cluster_weight 6 
cluster_cv 0.6 
cluster_sigma 1.1 
fishery_label Fishing_LL 
layer_of_stratum_definitions area_definition 
max_age 20 
min_age 0 
process_label fishing 
strata_to_include BP 
type mortality_event_biomass_age_clusters 
years 1990 1991 1992 1993 1994 1995 1996 1997 1998 1999 2000 2001 2002 2003 2004 2005 2006 2007 2008 2009 2010 2011 2012 2013 
table obs
1990 0 0.00542685 0.0828491 0.0738895 0.0761156 0.0664797 0.0821056 0.0698698 0.0907816 0.0360499 0.0299273 0.045633 0.0353368 0.0273994 0.0349532 0.0275298 0.029521 0.00353528 0.00884214 0.032077 0.141677 
1991 0 0 0.0303138 0.0818919 0.107766 0.0927537 0.079606 0.0958472 0.0780703 0.0485301 0.0290568 0.0229886 0.0169395 0.0184831 0.0166933 0.0238841 0.0281727 0.027122 0.0408257 0.0435849 0.11747 
1992 0 0.00859081 0.0227646 0.0937771 0.0828567 0.0654545 0.0757152 0.0751428 0.0608756 0.0613796 0.050828 0.043987 0.0845647 0.0628759 0.0302167 0.0181323 0.0187039 0.0111636 0.0108733 0.0205566 0.101541 
1993 0 0.00777692 0.0258685 0.0939016 0.13421 0.0969638 0.0976645 0.0745669 0.0845652 0.0452867 0.0468377 0.0187967 0.0131297 0.0111854 0.031459 0.0162301 0.0194337 0.00507464 0.0274056 0.0170054 0.132638 
1994 0 0.0110687 0.0162402 0.0678406 0.113147 0.0938044 0.104038 0.0701332 0.0657152 0.0332475 0.0232569 0.044257 0.0570544 0.0438616 0.0773023 0.0294652 0.021221 0.00953739 0.0159252 0.0114272 0.0914567 
1995 0 0.014629 0.11462 0.0290157 0.119722 0.189889 0.153494 0.0919134 0.0434605 0.036451 0.0516933 0.0157033 0.0219325 0.00914915 0.00940732 0.00514301 0.00377808 0.0163037 0.0118102 0.00814958 0.0537366 
1996 0 0.00278049 0.0687265 0.262959 0.0629675 0.134049 0.0828564 0.0674585 0.0663803 0.0644063 0.0344041 0.0390129 0.0152938 0.0153271 0.0105234 0.00398573 0 0.00198364 0.0166038 0.00929371 0.0409885 
1997 0 0.00617132 0.0505648 0.132049 0.270209 0.0171432 0.077182 0.0482709 0.0470843 0.0352436 0.0358756 0.0542221 0.035918 0.0163248 0.0339683 0.0103438 0.0373175 0.0168185 0.00547416 0.004826 0.064993 
1998 0 0.0017764 0.00339021 0.00857757 0.0207511 0.0361656 0.00293543 0.00285707 0.0046593 0.00917341 0.00322962 0.00135902 0.00192431 0.000591079 0.000495285 0.000556627 0.000430014 0.000278313 0.000151701 7.58504e-005 0.900622 
1999 0 0.00616786 0.12917 0.0593563 0.109524 0.184908 0.206603 0.0342292 0.0266181 0.0281596 0.0435084 0.0197515 0.0165328 0.00775494 0.0135262 0.0200898 0.00445454 0.00579268 0.00579268 0.00378973 0.0742691 
2000 0 0.022594 0.033495 0.2734 0.114522 0.126847 0.117501 0.179919 0.0217081 0.0325112 0.0188558 0.00546551 0.00665655 0.0126824 0.0063519 0.0112744 0.00280674 0.0074497 0.00148994 0.00446982 0 
2001 0 0.0225405 0.109771 0.0910014 0.270676 0.0796641 0.0761696 0.0795774 0.0771862 0.00997777 0.00354203 0.0211474 0.0144686 0.0327174 0.0198367 0.0274339 0.00534996 0.00869603 0.00371048 0.00100194 0.0455314 
2002 0 0.015128 0.059131 0.10001 0.115172 0.228916 0.0677428 0.0641687 0.112915 0.103083 0.0141554 0.016559 0.0280663 0.0191869 0.0114614 0.0181406 0.00804463 0.00468708 0 0 0.0134316 
2003 0 0.0152674 0.0280944 0.0791062 0.16281 0.0894516 0.336561 0.0556594 0.046398 0.0545723 0.0761378 0 0.00177661 0 0 0 0.00171381 0.00171381 0.00503575 0.0112759 0.0344264 
2004 0 0.0159953 0.025212 0.0632737 0.258052 0.182512 0.0661853 0.12256 0.0383226 0.0455723 0.0498551 0.0342446 0.0185129 0.015559 0.0187469 0.0168696 0.00474409 0 0.00104855 0.0020971 0.0206379 
2005 0 0.0162522 0.0584444 0.166464 0.11148 0.174656 0.105345 0.0414474 0.108556 0.0429967 0.0426162 0.0358943 0.0379606 0.00436584 0.00554173 0.0224844 0.0100382 0.00850358 0 0 0.00695332 
2006 0 0.00288512 0.0365625 0.145851 0.243583 0.12894 0.139007 0.0984807 0.0262537 0.102995 0.0213761 0.0207949 0.00852459 0.00415894 0 0 0 0.000435677 0.00261406 0.00251933 0.0150183 
2007 0 0.00690475 0.0301166 0.0859963 0.204918 0.143047 0.0795494 0.0805706 0.0704424 0.0399454 0.132373 0.0269052 0.0281867 0.0374448 0.0270128 0 0 0.00219546 0.00146364 0.000731818 0.00219546 
2008 0 0 0.00149278 0.00461837 0.0188934 0.0209637 0.0381701 0.0147766 0.0118975 0.00954367 0.00548224 0.0195131 0.0169988 0.0033163 0.000933154 0.00156086 0.00323146 0.00107715 0 0.00215431 0.825376 
2009 0 0.021348 0.0693566 0.0526787 0.0777593 0.145933 0.123073 0.168017 0.0907479 0.0679481 0.0300571 0.0079737 0.0486626 0.013772 0.00240395 0.0214384 0.00462266 0.00492711 0.00821186 0 0.041069 
2010 0 0.0527912 0.0356443 0.162034 0.0551052 0.136568 0.0935198 0.127755 0.0961539 0.0382366 0.0447179 0.0270851 0.0148412 0.0374453 0.00595658 0.0215684 0.030354 0.0160712 0.00276883 0.00138442 0 
2011 0 0.0214829 0.0995529 0.043286 0.100592 0.0658028 0.127335 0.137272 0.138916 0.0832993 0.0266606 0.0444713 0.0184123 0.0199024 0.0195285 0.00765013 0.00270833 0.013063 0.0291505 0 0.000913959 
2012 0 0.024424 0.14718 0.176879 0.0509517 0.0909169 0.0173137 0.0714579 0.105501 0.0639868 0.0607835 0.0163398 0.0377444 0.0208969 0.0126345 0.0199742 0.00861904 0.0215086 0.0230677 0.0137535 0.0160671 
2013 0 0.00238207 0.101497 0.192953 0.254502 0.0320826 0.0812846 0.0178558 0.0335646 0.0595801 0.0654503 0.0429406 0.052797 0.0182404 0.00217268 0.00133424 0.00667121 0.00389826 0.0175013 0.00177398 0.0115177 
end_table
table error_values
1990 0 0 0 0 0 0 0 0 0 0 0 0 0 0 0 0 0 0 0 0 0 
1991 0 0 0 0 0 0 0 0 0 0 0 0 0 0 0 0 0 0 0 0 0 
1992 0 0 0 0 0 0 0 0 0 0 0 0 0 0 0 0 0 0 0 0 0 
1993 0 0 0 0 0 0 0 0 0 0 0 0 0 0 0 0 0 0 0 0 0 
1994 0 0 0 0 0 0 0 0 0 0 0 0 0 0 0 0 0 0 0 0 0 
1995 0 0 0 0 0 0 0 0 0 0 0 0 0 0 0 0 0 0 0 0 0 
1996 0 0 0 0 0 0 0 0 0 0 0 0 0 0 0 0 0 0 0 0 0 
1997 0 0 0 0 0 0 0 0 0 0 0 0 0 0 0 0 0 0 0 0 0 
1998 0 0 0 0 0 0 0 0 0 0 0 0 0 0 0 0 0 0 0 0 0 
1999 0 0 0 0 0 0 0 0 0 0 0 0 0 0 0 0 0 0 0 0 0 
2000 0 0 0 0 0 0 0 0 0 0 0 0 0 0 0 0 0 0 0 0 0 
2001 0 0 0 0 0 0 0 0 0 0 0 0 0 0 0 0 0 0 0 0 0 
2002 0 0 0 0 0 0 0 0 0 0 0 0 0 0 0 0 0 0 0 0 0 
2003 0 0 0 0 0 0 0 0 0 0 0 0 0 0 0 0 0 0 0 0 0 
2004 0 0 0 0 0 0 0 0 0 0 0 0 0 0 0 0 0 0 0 0 0 
2005 0 0 0 0 0 0 0 0 0 0 0 0 0 0 0 0 0 0 0 0 0 
2006 0 0 0 0 0 0 0 0 0 0 0 0 0 0 0 0 0 0 0 0 0 
2007 0 0 0 0 0 0 0 0 0 0 0 0 0 0 0 0 0 0 0 0 0 
2008 0 0 0 0 0 0 0 0 0 0 0 0 0 0 0 0 0 0 0 0 0 
2009 0 0 0 0 0 0 0 0 0 0 0 0 0 0 0 0 0 0 0 0 0 
2010 0 0 0 0 0 0 0 0 0 0 0 0 0 0 0 0 0 0 0 0 0 
2011 0 0 0 0 0 0 0 0 0 0 0 0 0 0 0 0 0 0 0 0 0 
2012 0 0 0 0 0 0 0 0 0 0 0 0 0 0 0 0 0 0 0 0 0 
2013 0 0 0 0 0 0 0 0 0 0 0 0 0 0 0 0 0 0 0 0 0 
end_table

