@observation BP_age_sample_sim
age_samples_per_cluster 10 
ageing_error age_error 
average_cluster_weight 6 
cluster_cv 0.6 
cluster_sigma 1.1 
fishery_label Fishing_LL 
layer_of_stratum_definitions area_definition 
max_age 20 
min_age 0 
process_label fishing 
strata_to_include BP 
type mortality_event_biomass_age_clusters 
years 1990 1991 1992 1993 1994 1995 1996 1997 1998 1999 2000 2001 2002 2003 2004 2005 2006 2007 2008 2009 2010 2011 2012 2013 
table obs
1990 0 0.00367911 0.0376023 0.071255 0.105376 0.0916602 0.0693506 0.0709895 0.0348137 0.039265 0.0179896 0.0275657 0.0310057 0.0634798 0.0820086 0.0685578 0.0549934 0.00987377 0.0141575 0.0086505 0.0977266 
1991 0 0.00156289 0.0289428 0.0768167 0.0606274 0.0574345 0.0666528 0.0430585 0.0462647 0.0764109 0.0643859 0.0623311 0.04804 0.0801731 0.0650544 0.0435335 0.0487593 0.0189462 0.0177666 0.00615229 0.0870865 
1992 0 0.0125542 0.0429918 0.0671092 0.131112 0.0869164 0.0811672 0.0624135 0.0738553 0.0802141 0.0699231 0.0383936 0.0375896 0.0199885 0.0341975 0.0305736 0.0258132 0.00696871 0.0289771 0.00319049 0.0660511 
1993 0 0.000872677 0.0119959 0.0806412 0.138378 0.112277 0.0801218 0.0654691 0.0526514 0.0431263 0.0334083 0.0295502 0.0249206 0.0186069 0.0388351 0.0341028 0.0183236 0.0281831 0.0257002 0.0115133 0.151323 
1994 0 0.0202588 0.0072449 0.0389383 0.0882628 0.0521912 0.0548313 0.0580678 0.0845569 0.0678707 0.0803412 0.0694967 0.0711622 0.0606872 0.0465999 0.0184019 0.0179809 0.00770377 0.00718936 0.00588136 0.142333 
1995 0 0.0141959 0.0972027 0.0327266 0.0668011 0.077011 0.076525 0.0530348 0.0624872 0.0562733 0.0540949 0.0382462 0.0365747 0.0224868 0.0309925 0.0582595 0.0481426 0.0197693 0.0235798 0.0104617 0.121134 
1996 0 0.00644107 0.0646141 0.18781 0.0364294 0.0616241 0.0676788 0.047367 0.0472889 0.0513852 0.0380157 0.0588126 0.0336417 0.0488912 0.0628352 0.0150547 0.0484617 0.0174207 0.0103844 0.00730471 0.0885385 
1997 0 0.0316577 0.0440184 0.0961544 0.246442 0.0298883 0.0587423 0.0691807 0.0789786 0.0512497 0.059642 0.0432661 0.0191423 0.0189698 0.00850325 0.0121621 0.00734931 0.033762 0.0275859 0.0203806 0.0429243 
1998 0 0.00559943 0.00695199 0.0120262 0.0207245 0.0260603 0.00209892 0.00495351 0.00443477 0.0084344 0.00575692 0.002278 0.00168059 0.0022976 0.000603007 0.000301504 0.000258346 0.000525385 0.00197929 0.00157615 0.891459 
1999 0 0.00290498 0.129457 0.0867216 0.143137 0.210104 0.198542 0.0105256 0.0146729 0.0216824 0.0168965 0.0132399 0.0222554 0.00505733 0.0193916 0.024919 0.00824615 0.018004 0.00306356 0.00808846 0.0430901 
2000 0 0.00674734 0.0421016 0.287466 0.122453 0.133881 0.127786 0.163149 0.00294121 0.0131434 0.0224605 0.0152408 0.00706259 0.00610428 0.00191662 0.00180912 0 0.00148617 0.00169612 0.00265466 0.0398995 
2001 0 0.00785702 0.035177 0.0502617 0.280432 0.100527 0.0906022 0.124223 0.172679 0.00584739 0.0292837 0.0203869 0.021092 0.00245091 0 0.00455908 0.00271611 0.00455908 0.00407416 0.00368595 0.0395852 
2002 0 0.00980324 0.086602 0.0776112 0.111139 0.282481 0.0698325 0.0473833 0.0600562 0.0534992 0.00725344 0.00730734 0.0144289 0.00756127 0.0158311 0.01804 0.029356 0.0148647 0.00454296 0.00727753 0.0751296 
2003 0 0.0126089 0.031082 0.128485 0.231564 0.0715379 0.240352 0.0562262 0.0519972 0.0702476 0.0384838 0 0 0.00428241 0.0103359 0.00758474 0 0.0135896 0.00578417 0.00448388 0.0213539 
2004 0 0.00689152 0.0879963 0.0721652 0.160533 0.137446 0.0572007 0.229492 0.0427314 0.036506 0.0310418 0.0616103 0.00669837 0.0232633 0.011254 0.0079609 0.00943817 0.00703231 0.00172732 0 0.00901089 
2005 0 0 0.02145 0.0606527 0.120369 0.0951473 0.0971666 0.0526767 0.195709 0.0455019 0.0312397 0.0420155 0.0192273 0 0.0210212 0.124252 0.0157391 0.00563751 0.00436359 0.0049759 0.0428553 
2006 0 0.0201654 0.0286163 0.114466 0.185287 0.152179 0.168525 0.0747434 0.0382043 0.140393 0.0351443 0.0177645 0.00925901 0.00645405 0 0 0 0 0 0 0.00879849 
2007 0 0 0.00212512 0.0172517 0.0314604 0.0270368 0.0143132 0.01909 0.0120199 0.0103046 0.0396866 0.00672692 0.00807605 0.0110228 0.78209 0.000894107 0.00443728 0.00353947 0.00322845 0.00669638 0 
2008 0 0.00824141 0.00763338 0.0172209 0.0345024 0.0270781 0.0519849 0.0223966 0.0170668 0.00824155 0.00274037 0.0317686 0.00494379 0.00107878 0.00139409 0.00467272 0 0.000427174 0 0.16858 0.590029 
2009 0 0.0104625 0.0348706 0.0512939 0.10656 0.127788 0.179415 0.104644 0.049747 0.0583194 0.0506545 0.0176832 0.0547785 0.0619955 0.00750651 0.0536285 0.0266783 0.00397405 0 0 0 
2010 0 0.0280986 0.0103561 0.0618052 0.0393319 0.154052 0.140282 0.108022 0.098208 0.0622531 0.0950404 0.0470866 0.070673 0.0390165 0.00039463 0.00370486 0.00286443 0.0081101 0.00257182 0 0.0281282 
2011 0 0.0235568 0.0925219 0.0424238 0.103547 0.0371171 0.108657 0.135103 0.11566 0.0670571 0.0393643 0.0310139 0.0278273 0.0223318 0.0663366 0.0166894 0.00456842 0.00396517 0.0135354 0.00383341 0.0448901 
2012 0 0.0277236 0.090748 0.215671 0.0655025 0.0793949 0.0434833 0.070856 0.0790493 0.0641331 0.0491585 0.0146309 0.0882043 0.0165952 0.0188417 0.00737903 0 0.015508 0.0131719 0.0197373 0.0202115 
2013 0 0.0223523 0.109567 0.179948 0.307933 0.0302076 0.0518963 0.00923081 0.0469153 0.0579364 0.0272612 0.0192409 0.0270306 0.0269839 0.00286257 0.000382751 0.0368825 0.0174844 0 0 0.0258851 
end_table
table error_values
1990 0 0 0 0 0 0 0 0 0 0 0 0 0 0 0 0 0 0 0 0 0 
1991 0 0 0 0 0 0 0 0 0 0 0 0 0 0 0 0 0 0 0 0 0 
1992 0 0 0 0 0 0 0 0 0 0 0 0 0 0 0 0 0 0 0 0 0 
1993 0 0 0 0 0 0 0 0 0 0 0 0 0 0 0 0 0 0 0 0 0 
1994 0 0 0 0 0 0 0 0 0 0 0 0 0 0 0 0 0 0 0 0 0 
1995 0 0 0 0 0 0 0 0 0 0 0 0 0 0 0 0 0 0 0 0 0 
1996 0 0 0 0 0 0 0 0 0 0 0 0 0 0 0 0 0 0 0 0 0 
1997 0 0 0 0 0 0 0 0 0 0 0 0 0 0 0 0 0 0 0 0 0 
1998 0 0 0 0 0 0 0 0 0 0 0 0 0 0 0 0 0 0 0 0 0 
1999 0 0 0 0 0 0 0 0 0 0 0 0 0 0 0 0 0 0 0 0 0 
2000 0 0 0 0 0 0 0 0 0 0 0 0 0 0 0 0 0 0 0 0 0 
2001 0 0 0 0 0 0 0 0 0 0 0 0 0 0 0 0 0 0 0 0 0 
2002 0 0 0 0 0 0 0 0 0 0 0 0 0 0 0 0 0 0 0 0 0 
2003 0 0 0 0 0 0 0 0 0 0 0 0 0 0 0 0 0 0 0 0 0 
2004 0 0 0 0 0 0 0 0 0 0 0 0 0 0 0 0 0 0 0 0 0 
2005 0 0 0 0 0 0 0 0 0 0 0 0 0 0 0 0 0 0 0 0 0 
2006 0 0 0 0 0 0 0 0 0 0 0 0 0 0 0 0 0 0 0 0 0 
2007 0 0 0 0 0 0 0 0 0 0 0 0 0 0 0 0 0 0 0 0 0 
2008 0 0 0 0 0 0 0 0 0 0 0 0 0 0 0 0 0 0 0 0 0 
2009 0 0 0 0 0 0 0 0 0 0 0 0 0 0 0 0 0 0 0 0 0 
2010 0 0 0 0 0 0 0 0 0 0 0 0 0 0 0 0 0 0 0 0 0 
2011 0 0 0 0 0 0 0 0 0 0 0 0 0 0 0 0 0 0 0 0 0 
2012 0 0 0 0 0 0 0 0 0 0 0 0 0 0 0 0 0 0 0 0 0 
2013 0 0 0 0 0 0 0 0 0 0 0 0 0 0 0 0 0 0 0 0 0 
end_table

