@observation BP_age_sample_sim
age_samples_per_cluster 10 
ageing_error age_error 
average_cluster_weight 6 
cluster_cv 0.6 
cluster_sigma 1.1 
fishery_label Fishing_LL 
layer_of_stratum_definitions area_definition 
max_age 20 
min_age 0 
process_label fishing 
strata_to_include BP 
type mortality_event_biomass_age_clusters 
years 1990 1991 1992 1993 1994 1995 1996 1997 1998 1999 2000 2001 2002 2003 2004 2005 2006 2007 2008 2009 2010 2011 2012 2013 
table obs
1990 0 0.0118758 0.0361082 0.075101 0.105103 0.0826213 0.101197 0.0966831 0.0569561 0.0615101 0.0376148 0.0461612 0.0388354 0.0344727 0.0306818 0.0234458 0.017312 0.00860862 0.0143012 0.0227254 0.0986854 
1991 0 0.0146164 0.0327377 0.0377071 0.0533213 0.0670345 0.0710022 0.0580547 0.0494429 0.0541263 0.0524677 0.0636391 0.0451748 0.0334952 0.0392301 0.0229923 0.046802 0.0230737 0.0107838 0.0174335 0.206865 
1992 0 0.0147998 0.02651 0.0678326 0.126572 0.08635 0.0823956 0.0859902 0.0350507 0.0486379 0.0274949 0.0539405 0.027042 0.0359026 0.018458 0.0054525 0.00416609 0.0281167 0.0110831 0.0206163 0.193589 
1993 0 0 0.00273142 0.0886593 0.104765 0.132108 0.088577 0.100026 0.0466164 0.0385907 0.0429333 0.0498375 0.0194778 0.0220552 0.0186828 0.01092 0.0155892 0.0108446 0.00426957 0.0152585 0.188058 
1994 0 0.0384584 0.0129488 0.0712925 0.123474 0.0803109 0.0774872 0.0886696 0.0794325 0.0486194 0.0398069 0.0423961 0.0238114 0.0245862 0.0363577 0.034989 0.0272893 0.0251824 0.0464196 0.0173668 0.0611012 
1995 0 0.0395335 0.119847 0.0348216 0.0717256 0.095634 0.0818802 0.102775 0.0678464 0.0273838 0.0316874 0.0787679 0.0499111 0.0421249 0.0422054 0.00994217 0.0111615 0.0104545 0.00877896 0.00233092 0.0711887 
1996 0 0.0181968 0.0778633 0.218586 0.0410894 0.0659271 0.0748362 0.0458727 0.0770014 0.0644601 0.0317939 0.0380529 0.023441 0.0240801 0.021656 0.0150562 0.00745061 0.0143149 0.0165738 0.0176472 0.106101 
1997 0 0.0129579 0.087772 0.169591 0.318371 0.0578706 0.058796 0.0515608 0.0375424 0.0517756 0.0325753 0.00672404 0.0219853 0.015066 0.00992827 0.0163132 0.0132208 0 0.00265426 0.00707746 0.0282178 
1998 0 0.0157707 0.00919653 0.0258139 0.0587917 0.0686917 0.00749841 0.0151659 0.0223558 0.0175407 0.0161688 0.00234494 0.000543572 0 0.0027273 0.000521289 0.00145262 0.00082008 0.00342652 0.00305719 0.728112 
1999 0 0.0080081 0.157882 0.098928 0.124595 0.205305 0.186001 0.00638179 0.0100541 0.0187285 0.020806 0.00492931 0.0193769 0.0130582 0.00672883 0.00147863 0 0.00210553 0.0074928 0.00927035 0.0988696 
2000 0 0.0145031 0.021877 0.188875 0.0806807 0.169867 0.198516 0.167759 0.0116699 0.0202627 0.0294334 0.00485463 0.0118066 0.00694341 0.00426223 0.00352174 0.00486233 0.00218115 0 0 0.0581239 
2001 0 0.0040197 0.0439275 0.0485367 0.330897 0.0937082 0.0551142 0.0890106 0.172178 0.00846366 0.0143684 0.0135037 0.0042502 0.00466812 0.00393673 0.00112894 0.00225787 0.0210239 0.0220108 0.0123588 0.0546373 
2002 0 0.0140991 0.0430063 0.0815258 0.0777198 0.189878 0.102636 0.0725015 0.167171 0.107288 0.0148674 0.0253908 0.0173711 0.0206648 0.0298039 0.00339088 0.0168113 0.00589448 0.00173656 0 0.00824292 
2003 0 0.00981072 0.02216 0.0702473 0.0855934 0.0627374 0.277414 0.0771009 0.0700009 0.0628852 0.0739469 0.010161 0.0166861 0.0191475 0.0156048 0.0146077 0.0187866 0.014763 0.00798166 0 0.0703656 
2004 0 0.023293 0.0653568 0.0757942 0.165363 0.150938 0.0557275 0.191826 0.0558802 0.0577116 0.0578207 0.0601636 0.00312061 0.00666415 0.00787254 0.00696925 0.00151349 0.00151349 0 0.000973679 0.0114982 
2005 0 0 0.0492449 0.143455 0.133353 0.139013 0.0748975 0.0370917 0.170243 0.047019 0.0472802 0.0491443 0.0374791 0.00422058 0.0218432 0.0182855 0.0102668 0.00181131 0.00517148 0.00309773 0.00708247 
2006 0 0.000289647 0.00448009 0.0368604 0.639325 0.020798 0.201669 0.0185549 0.0188458 0.0226232 0.011358 0.00586085 0.00452573 0.00497426 0.00148098 0.000593168 0.00355901 0 0 0 0.00420148 
2007 0 0.0037324 0.00915956 0.014545 0.0302269 0.0191901 0.010875 0.0171382 0.0149622 0.0121397 0.019352 0.00165829 0.00396001 0.00591379 0.821506 0 0.000334193 0.000835483 0.00161886 0.000856447 0.0119956 
2008 0 0.000224885 0.00212759 0.0131927 0.0208588 0.03871 0.0492998 0.0164061 0.015439 0.00596461 0.00341355 0.0236141 0.0108677 0.00495124 0.00681763 0.00846769 0 0 0.00236087 0.070695 0.706589 
2009 0 0.00146797 0.0483933 0.0647117 0.162042 0.130911 0.142586 0.103987 0.0380942 0.0647815 0.0635313 0.0329529 0.0461577 0.0145973 0.00111385 0.00401216 0.00704556 0.0105683 0.0152472 0 0.0477997 
2010 0 0.0303693 0.0381834 0.0964663 0.0260728 0.110335 0.119061 0.0965498 0.114804 0.0407449 0.0633623 0.0404467 0.0354591 0.0467086 0.0379146 0.036923 0.0304377 0.0213517 0.0113742 0.000859072 0.00257721 
2011 0 0.0598339 0.130768 0.0736072 0.109978 0.0338959 0.0964477 0.10353 0.10789 0.0838217 0.0315217 0.030521 0.0306971 0.0129708 0.0217414 0.00766593 0.0107458 0.0069798 0.00488218 0.00116481 0.041337 
2012 0 0.00321659 0.04424 0.184328 0.0625345 0.124731 0.0364363 0.0932895 0.109536 0.096159 0.076978 0.0245682 0.05133 0.0263947 0.0162913 0.0253273 0.00322215 0.0115103 0.00419662 0 0.00570999 
2013 0 0 0.0784743 0.166456 0.241505 0.0534406 0.108385 0.0213027 0.0618011 0.0901211 0.0658666 0.0201272 0.0199942 0.0137789 0.00527961 0.00167163 0.0051458 0.00729507 0.00669807 0.0109002 0.0217566 
end_table
table error_values
1990 0 0 0 0 0 0 0 0 0 0 0 0 0 0 0 0 0 0 0 0 0 
1991 0 0 0 0 0 0 0 0 0 0 0 0 0 0 0 0 0 0 0 0 0 
1992 0 0 0 0 0 0 0 0 0 0 0 0 0 0 0 0 0 0 0 0 0 
1993 0 0 0 0 0 0 0 0 0 0 0 0 0 0 0 0 0 0 0 0 0 
1994 0 0 0 0 0 0 0 0 0 0 0 0 0 0 0 0 0 0 0 0 0 
1995 0 0 0 0 0 0 0 0 0 0 0 0 0 0 0 0 0 0 0 0 0 
1996 0 0 0 0 0 0 0 0 0 0 0 0 0 0 0 0 0 0 0 0 0 
1997 0 0 0 0 0 0 0 0 0 0 0 0 0 0 0 0 0 0 0 0 0 
1998 0 0 0 0 0 0 0 0 0 0 0 0 0 0 0 0 0 0 0 0 0 
1999 0 0 0 0 0 0 0 0 0 0 0 0 0 0 0 0 0 0 0 0 0 
2000 0 0 0 0 0 0 0 0 0 0 0 0 0 0 0 0 0 0 0 0 0 
2001 0 0 0 0 0 0 0 0 0 0 0 0 0 0 0 0 0 0 0 0 0 
2002 0 0 0 0 0 0 0 0 0 0 0 0 0 0 0 0 0 0 0 0 0 
2003 0 0 0 0 0 0 0 0 0 0 0 0 0 0 0 0 0 0 0 0 0 
2004 0 0 0 0 0 0 0 0 0 0 0 0 0 0 0 0 0 0 0 0 0 
2005 0 0 0 0 0 0 0 0 0 0 0 0 0 0 0 0 0 0 0 0 0 
2006 0 0 0 0 0 0 0 0 0 0 0 0 0 0 0 0 0 0 0 0 0 
2007 0 0 0 0 0 0 0 0 0 0 0 0 0 0 0 0 0 0 0 0 0 
2008 0 0 0 0 0 0 0 0 0 0 0 0 0 0 0 0 0 0 0 0 0 
2009 0 0 0 0 0 0 0 0 0 0 0 0 0 0 0 0 0 0 0 0 0 
2010 0 0 0 0 0 0 0 0 0 0 0 0 0 0 0 0 0 0 0 0 0 
2011 0 0 0 0 0 0 0 0 0 0 0 0 0 0 0 0 0 0 0 0 0 
2012 0 0 0 0 0 0 0 0 0 0 0 0 0 0 0 0 0 0 0 0 0 
2013 0 0 0 0 0 0 0 0 0 0 0 0 0 0 0 0 0 0 0 0 0 
end_table

