@observation BP_age_sample_sim
age_samples_per_cluster 10 
ageing_error age_error 
average_cluster_weight 6 
cluster_cv 0.6 
cluster_sigma 1.1 
fishery_label Fishing_LL 
layer_of_stratum_definitions area_definition 
max_age 20 
min_age 0 
process_label fishing 
strata_to_include BP 
type mortality_event_biomass_age_clusters 
years 1990 1991 1992 1993 1994 1995 1996 1997 1998 1999 2000 2001 2002 2003 2004 2005 2006 2007 2008 2009 2010 2011 2012 2013 
table obs
1990 0 0 0.0333006 0.0867662 0.160835 0.108116 0.0640046 0.0516453 0.0420458 0.0236343 0.0131437 0.0429315 0.0435485 0.0286131 0.0391169 0.0308385 0.0138353 0.0136094 0.0260645 0.028198 0.149753 
1991 0 0.00635274 0.0290531 0.070477 0.0881105 0.0964341 0.0617193 0.0743801 0.0689024 0.0794087 0.0787044 0.031265 0.04188 0.0384386 0.010255 0.0028023 0.00667214 0.00650754 0.011391 0.00479687 0.192449 
1992 0 0.0019581 0.0370677 0.109794 0.120275 0.0768892 0.0579072 0.0761965 0.0752363 0.0698389 0.0411468 0.0652831 0.0503747 0.0381859 0.0268411 0.00806926 0.0291138 0.0259936 0.0106059 0.0112975 0.0679258 
1993 0 0.00283908 0.0390549 0.0904057 0.100381 0.128438 0.0407025 0.0613816 0.0664753 0.0895485 0.0556209 0.0439977 0.0315875 0.0477995 0.0492516 0.0466668 0.0184122 0.00555064 0 0 0.0818861 
1994 0 0.0116011 0.00187146 0.0363492 0.136389 0.138695 0.0972002 0.0849622 0.0827495 0.0611871 0.0466181 0.0342971 0.0416929 0.0388683 0.038156 0.0260615 0.0329184 0.0236716 0.00957528 0.00946609 0.0476708 
1995 0 0.0588544 0.12168 0.0186974 0.101931 0.095703 0.0739568 0.0757045 0.0479547 0.0455213 0.0431584 0.067176 0.031569 0.0396462 0.0133068 0.0179656 0.0211781 0.00854664 0.0141475 0.0219659 0.0813362 
1996 0 0.00149606 0.107604 0.237329 0.0315612 0.0724752 0.125801 0.05202 0.042626 0.0488009 0.041391 0.0320807 0.0309314 0.0296243 0.0180317 0.0110127 0.00513225 0.00751286 0.0193808 0.019594 0.0655946 
1997 0 0.0290716 0.0697686 0.167462 0.190842 0.0500076 0.0334513 0.0583197 0.0373703 0.0227363 0.04385 0.0415316 0.0236153 0.0345892 0.0267539 0.0201703 0.0300277 0.00860279 0.01947 0.0144034 0.0779559 
1998 0 0.00287544 0.00259451 0.00616785 0.013972 0.020847 0.0012561 0.00119384 0.00296049 0.00137198 0.0021561 0.00198699 0.000700477 0.00103776 0.000551663 0.000700967 0.00209905 0.00188426 0.00238425 0.000929569 0.93233 
1999 0 0.0112752 0.10419 0.0767475 0.1058 0.203521 0.218158 0.0323937 0.0366445 0.0376571 0.0318486 0.0284537 0.0163813 0.027053 0.0082501 0.00805122 0.00533402 0.00670791 0.00215523 0 0.039377 
2000 0 0.0012234 0.0227649 0.215873 0.117761 0.116674 0.185885 0.175924 0.012049 0.0015294 0.0278403 0.0272885 0.0135004 0.00496492 0 0.001787 0.000893501 0.00044675 0 0.00044675 0.0731485 
2001 0 0.0269165 0.0423815 0.0570129 0.34581 0.0536292 0.0752971 0.0800601 0.101977 0.0160273 0.0160148 0.0199534 0.0260242 0.0215941 0.0195025 0.0160594 0.0132086 0.0167183 0.00735509 0.00324048 0.0412169 
2002 0 0.00763287 0.0894795 0.0721441 0.108973 0.295075 0.0921113 0.0645681 0.0514108 0.12252 0.0256468 0.0146215 0.0270394 0.00608564 0.00515603 0.0052388 0.009332 0.00296446 0 0 0 
2003 0 0.00112246 0.0334838 0.14818 0.150634 0.0719963 0.24955 0.0531347 0.0331321 0.0667577 0.0746283 0.00393893 0.0286307 0.00466992 0.00150659 0.027944 0.00301317 0.00255138 0.0135402 0.00269889 0.028887 
2004 0 0.0334292 0.0345636 0.0552429 0.126476 0.0836981 0.0488331 0.16974 0.067647 0.0306525 0.0693277 0.0791253 0.0242918 0.0179955 0.0481874 0.0268345 0.00580887 0.010452 0 0.00150952 0.066185 
2005 0 0.0235707 0.0431816 0.115814 0.103683 0.124917 0.146596 0.0851915 0.179091 0.0632165 0.0352052 0.0388883 0.0406455 0 0 0 0 0 0 0 0 
2006 0 0.014986 0.0243385 0.0909954 0.293081 0.12432 0.163071 0.0759417 0.0390958 0.076844 0.014264 0.0270305 0.00903505 0.0302847 0.00659936 0.00396132 0.00528176 0.000870555 0 0 0 
2007 0 0 0.0121013 0.0201093 0.0416781 0.0388119 0.0147628 0.0160983 0.0205606 0.00936493 0.0298408 0.013153 0.00738058 0.00658101 0.759365 0.00138689 0.000693445 0.000346722 0.000346722 0.00164863 0.00577019 
2008 0 0.00612742 0.0169055 0.0659102 0.154993 0.128259 0.253346 0.0910581 0.0933233 0.0482755 0.020359 0.0386335 0.0204946 0.00958269 0.0103329 0.0177438 0.0115344 0.00612273 0 0.00279952 0.00419928 
2009 0 0.00480865 0.0253424 0.0230647 0.0983767 0.167584 0.130252 0.0975769 0.0654593 0.071433 0.0673367 0.027825 0.0637636 0.0304916 0.00190454 0.0319537 0.0238557 0.0336975 0.0262254 0 0.00904776 
2010 0 0.0109995 0.0118618 0.0585099 0.0359362 0.208588 0.13284 0.110815 0.109984 0.0308693 0.0810307 0.0438591 0.0263595 0.0237757 0.00770564 0.0285061 0.0369254 0.0392879 0.00214509 0 0 
2011 0 0.0296255 0.0866105 0.066464 0.157689 0.0494382 0.0972559 0.0750574 0.0674512 0.0784907 0.0459716 0.0833997 0.0283367 0.0085862 0.0911414 0.00969891 0.0048178 0.00797702 0.00619265 0.00174927 0.00404607 
2012 0 0.0189965 0.15208 0.217696 0.0869562 0.122404 0.034608 0.077196 0.0780151 0.0952622 0.0499699 0.00686361 0.0192726 0.00552811 0.00552811 0.00715147 0 0.00779666 0.00477838 0.00384901 0.00604868 
2013 0 0.012201 0.0663032 0.244474 0.26358 0.0358807 0.0626212 0.0153631 0.0398374 0.0447329 0.0420005 0.032276 0.0254559 0.053866 0.0150258 0.00663757 0.0137489 0.0140746 0.00274977 0.00274977 0.00642142 
end_table
table error_values
1990 0 0 0 0 0 0 0 0 0 0 0 0 0 0 0 0 0 0 0 0 0 
1991 0 0 0 0 0 0 0 0 0 0 0 0 0 0 0 0 0 0 0 0 0 
1992 0 0 0 0 0 0 0 0 0 0 0 0 0 0 0 0 0 0 0 0 0 
1993 0 0 0 0 0 0 0 0 0 0 0 0 0 0 0 0 0 0 0 0 0 
1994 0 0 0 0 0 0 0 0 0 0 0 0 0 0 0 0 0 0 0 0 0 
1995 0 0 0 0 0 0 0 0 0 0 0 0 0 0 0 0 0 0 0 0 0 
1996 0 0 0 0 0 0 0 0 0 0 0 0 0 0 0 0 0 0 0 0 0 
1997 0 0 0 0 0 0 0 0 0 0 0 0 0 0 0 0 0 0 0 0 0 
1998 0 0 0 0 0 0 0 0 0 0 0 0 0 0 0 0 0 0 0 0 0 
1999 0 0 0 0 0 0 0 0 0 0 0 0 0 0 0 0 0 0 0 0 0 
2000 0 0 0 0 0 0 0 0 0 0 0 0 0 0 0 0 0 0 0 0 0 
2001 0 0 0 0 0 0 0 0 0 0 0 0 0 0 0 0 0 0 0 0 0 
2002 0 0 0 0 0 0 0 0 0 0 0 0 0 0 0 0 0 0 0 0 0 
2003 0 0 0 0 0 0 0 0 0 0 0 0 0 0 0 0 0 0 0 0 0 
2004 0 0 0 0 0 0 0 0 0 0 0 0 0 0 0 0 0 0 0 0 0 
2005 0 0 0 0 0 0 0 0 0 0 0 0 0 0 0 0 0 0 0 0 0 
2006 0 0 0 0 0 0 0 0 0 0 0 0 0 0 0 0 0 0 0 0 0 
2007 0 0 0 0 0 0 0 0 0 0 0 0 0 0 0 0 0 0 0 0 0 
2008 0 0 0 0 0 0 0 0 0 0 0 0 0 0 0 0 0 0 0 0 0 
2009 0 0 0 0 0 0 0 0 0 0 0 0 0 0 0 0 0 0 0 0 0 
2010 0 0 0 0 0 0 0 0 0 0 0 0 0 0 0 0 0 0 0 0 0 
2011 0 0 0 0 0 0 0 0 0 0 0 0 0 0 0 0 0 0 0 0 0 
2012 0 0 0 0 0 0 0 0 0 0 0 0 0 0 0 0 0 0 0 0 0 
2013 0 0 0 0 0 0 0 0 0 0 0 0 0 0 0 0 0 0 0 0 0 
end_table

