@observation BP_age_sample_sim
age_samples_per_cluster 10 
ageing_error age_error 
average_cluster_weight 6 
cluster_cv 0.6 
cluster_sigma 1.1 
fishery_label Fishing_LL 
layer_of_stratum_definitions area_definition 
max_age 20 
min_age 0 
process_label fishing 
strata_to_include BP 
type mortality_event_biomass_age_clusters 
years 1990 1991 1992 1993 1994 1995 1996 1997 1998 1999 2000 2001 2002 2003 2004 2005 2006 2007 2008 2009 2010 2011 2012 2013 
table obs
1990 0 0.0135934 0.0540914 0.0573363 0.101919 0.118903 0.094088 0.0912193 0.0618292 0.0392178 0.0607535 0.0273924 0.0334565 0.0250216 0.0190252 0.0181519 0.0227772 0.00911215 0.0110331 0.00950127 0.131578 
1991 0 0 0.0326025 0.0738591 0.0856849 0.0954695 0.0849974 0.0646624 0.0624479 0.074485 0.0794407 0.0567698 0.0413926 0.0380904 0.0177624 0.0118535 0.0183319 0.0172005 0.00834775 0.0116454 0.124957 
1992 0 0.00500725 0.0275128 0.139498 0.133402 0.0844006 0.0480985 0.0755008 0.0908367 0.0667639 0.0503626 0.0399465 0.0334611 0.0283058 0.0287317 0.0278535 0.030875 0.0267255 0.00345819 0.00316945 0.05609 
1993 0 0 0.0081696 0.0442869 0.131872 0.0931446 0.0658137 0.0618164 0.0691822 0.0636235 0.0398542 0.0463373 0.0398299 0.0300484 0.0281352 0.0199923 0.0160617 0.0133222 0.0225319 0.0193761 0.186602 
1994 0 0.0276126 0.00739219 0.081062 0.170242 0.139846 0.0989519 0.0418562 0.0477647 0.0249441 0.0412227 0.0370521 0.0283188 0.0199614 0.0156334 0.00508834 0.0115043 0.0220418 0.0254765 0.0272366 0.126793 
1995 0 0.0228036 0.0952807 0.0278151 0.068943 0.108354 0.0951197 0.0520817 0.0397727 0.0194615 0.0627262 0.0658105 0.0414003 0.0385646 0.0343218 0.0544536 0.0397891 0.0285129 0.0131467 0.00870017 0.0829424 
1996 0 0.00377281 0.0650407 0.14589 0.0257997 0.0799381 0.0852714 0.0697334 0.0527212 0.0340204 0.0468641 0.0309737 0.107552 0.0637853 0.0366379 0.015033 0.0179848 0.0227404 0.0270928 0.0094284 0.0597202 
1997 0 0.0121107 0.0355272 0.144736 0.239768 0.0371201 0.0636927 0.0977776 0.0552365 0.032845 0.0307497 0.0100998 0.0143776 0.0184158 0.0193923 0.0162863 0.00865921 0.015068 0.000543422 0.00196978 0.145625 
1998 0 0.0230492 0.0155912 0.0489248 0.087386 0.103225 0.00635737 0.00969423 0.0167761 0.0188517 0.0175938 0.00330111 0.00185462 0.00483614 0.00187984 0.00141976 0.00402774 0.0151324 0.00914583 0.0105595 0.600394 
1999 0 0.00584601 0.0672654 0.0895781 0.117346 0.200276 0.170916 0.0159467 0.0329072 0.0321212 0.0297628 0.0310061 0.021056 0.012536 0.00803958 0.0185143 0.0246814 0.0293003 0.0276917 0.00750315 0.0577064 
2000 0 0.0180046 0.0520026 0.326712 0.107827 0.0785988 0.0994955 0.139121 0.0305188 0.0280724 0.0251544 0.0170333 0.0179151 0.00908503 0.00652095 0.00165143 0 0 0 0.00192153 0.0403653 
2001 0 0.0382791 0.0902704 0.0986721 0.350462 0.0921932 0.0457784 0.0817921 0.0548134 0.0164521 0.012585 0.00724126 0.0137338 0.0102541 0.0287494 0.00837907 0.00375715 0.00132157 0.00387096 0.00733356 0.0340615 
2002 0 0.031177 0.079615 0.123153 0.108539 0.219831 0.0388857 0.0652937 0.118646 0.0751204 0.010902 0.0129907 0.00491628 0.00348727 0.00207958 0.00462727 0.00333037 0.00907282 0.00912514 0.0137559 0.0654507 
2003 0 0.0140863 0.035259 0.121089 0.130643 0.090474 0.207343 0.0510769 0.0410505 0.0742316 0.0650955 0.00279446 0.010203 0.0213274 0.0422015 0.00935503 0.0117996 0.00329869 0.00441071 0.00519433 0.0590666 
2004 0 0.0129629 0.0506239 0.045013 0.133962 0.148174 0.0757528 0.177068 0.0536391 0.0708225 0.0858392 0.0549223 0.00402475 0.00705087 0.037518 0.0190846 0 0.00646119 0.00646119 0 0.0106197 
2005 0 0.00266157 0.0300282 0.120285 0.113672 0.173617 0.0816312 0.0421444 0.14197 0.0511812 0.0362912 0.0564247 0.0331799 0.00938662 0.00274246 0.00569228 0.0108905 0.0173541 0.0122736 0.0184035 0.0401713 
2006 0 0.00803408 0.0411134 0.153516 0.292768 0.146041 0.12173 0.0621187 0.0182522 0.060858 0.0239819 0.0202071 0.0128671 0.0212489 0 0 0 0 0 0 0.0172628 
2007 0 0 0.0313682 0.0544958 0.114159 0.0880597 0.0547051 0.11877 0.0469432 0.0336778 0.082023 0.0241382 0.0419904 0.100472 0.154817 0.0340329 0.0062319 0.00605007 0.00605007 0.00201669 0 
2008 0 0 0.00686579 0.0721396 0.0955601 0.151135 0.196126 0.0697975 0.0996726 0.0628112 0.0176278 0.0820971 0.0230751 0.00839137 0.0172306 0.0267002 0.0042422 0.0145442 0.0181613 0.0338222 0 
2009 0 0 0.0667639 0.0343847 0.0975293 0.170243 0.137245 0.101873 0.0324227 0.0341985 0.0446355 0.0316151 0.105138 0.0341369 0.0128235 0.062977 0.0217652 0 0 0 0.0122486 
2010 0 0.0365616 0.0323546 0.075282 0.070692 0.119686 0.116582 0.140886 0.103088 0.030359 0.0560444 0.027316 0.0324164 0.0868003 0.00945073 0.0110291 0.0380266 0.00734867 0 0 0.00607694 
2011 0 0.0310561 0.0619837 0.0728043 0.13401 0.0575075 0.0853198 0.0898957 0.0789275 0.0710601 0.0578696 0.0542307 0.033175 0.0214256 0.0934034 0.01002 0.00497995 0.0109628 0.0242232 0.00230006 0.00484463 
2012 0 0.0193923 0.0997439 0.177543 0.0714969 0.140607 0.0210924 0.0568387 0.0850141 0.119094 0.075447 0.0258059 0.0202037 0.00593363 0.0128979 0.020978 0.00349971 0.00725115 0.00494048 0.00832945 0.0238913 
2013 0 0 0.0693212 0.202286 0.237591 0.0282231 0.0841082 0.0293975 0.0752003 0.0727869 0.0509917 0.0248615 0.0303891 0.026771 0.00284658 0.00299503 0.00507215 0.013758 0.00872481 0.00131525 0.0333598 
end_table
table error_values
1990 0 0 0 0 0 0 0 0 0 0 0 0 0 0 0 0 0 0 0 0 0 
1991 0 0 0 0 0 0 0 0 0 0 0 0 0 0 0 0 0 0 0 0 0 
1992 0 0 0 0 0 0 0 0 0 0 0 0 0 0 0 0 0 0 0 0 0 
1993 0 0 0 0 0 0 0 0 0 0 0 0 0 0 0 0 0 0 0 0 0 
1994 0 0 0 0 0 0 0 0 0 0 0 0 0 0 0 0 0 0 0 0 0 
1995 0 0 0 0 0 0 0 0 0 0 0 0 0 0 0 0 0 0 0 0 0 
1996 0 0 0 0 0 0 0 0 0 0 0 0 0 0 0 0 0 0 0 0 0 
1997 0 0 0 0 0 0 0 0 0 0 0 0 0 0 0 0 0 0 0 0 0 
1998 0 0 0 0 0 0 0 0 0 0 0 0 0 0 0 0 0 0 0 0 0 
1999 0 0 0 0 0 0 0 0 0 0 0 0 0 0 0 0 0 0 0 0 0 
2000 0 0 0 0 0 0 0 0 0 0 0 0 0 0 0 0 0 0 0 0 0 
2001 0 0 0 0 0 0 0 0 0 0 0 0 0 0 0 0 0 0 0 0 0 
2002 0 0 0 0 0 0 0 0 0 0 0 0 0 0 0 0 0 0 0 0 0 
2003 0 0 0 0 0 0 0 0 0 0 0 0 0 0 0 0 0 0 0 0 0 
2004 0 0 0 0 0 0 0 0 0 0 0 0 0 0 0 0 0 0 0 0 0 
2005 0 0 0 0 0 0 0 0 0 0 0 0 0 0 0 0 0 0 0 0 0 
2006 0 0 0 0 0 0 0 0 0 0 0 0 0 0 0 0 0 0 0 0 0 
2007 0 0 0 0 0 0 0 0 0 0 0 0 0 0 0 0 0 0 0 0 0 
2008 0 0 0 0 0 0 0 0 0 0 0 0 0 0 0 0 0 0 0 0 0 
2009 0 0 0 0 0 0 0 0 0 0 0 0 0 0 0 0 0 0 0 0 0 
2010 0 0 0 0 0 0 0 0 0 0 0 0 0 0 0 0 0 0 0 0 0 
2011 0 0 0 0 0 0 0 0 0 0 0 0 0 0 0 0 0 0 0 0 0 
2012 0 0 0 0 0 0 0 0 0 0 0 0 0 0 0 0 0 0 0 0 0 
2013 0 0 0 0 0 0 0 0 0 0 0 0 0 0 0 0 0 0 0 0 0 
end_table

