@observation BP_age_sample_sim
age_samples_per_cluster 10 
ageing_error age_error 
average_cluster_weight 6 
cluster_cv 0.6 
cluster_sigma 1.1 
fishery_label Fishing_LL 
layer_of_stratum_definitions area_definition 
max_age 20 
min_age 0 
process_label fishing 
strata_to_include BP 
type mortality_event_biomass_age_clusters 
years 1990 1991 1992 1993 1994 1995 1996 1997 1998 1999 2000 2001 2002 2003 2004 2005 2006 2007 2008 2009 2010 2011 2012 2013 
table obs
1990 0 0.00970507 0.0217132 0.0529823 0.095746 0.127571 0.0702069 0.076313 0.0543555 0.0912136 0.0411285 0.0522664 0.0459853 0.0197899 0.0327202 0.040998 0.0383994 0.0197469 0.0106522 0.00673772 0.0917692 
1991 0 0.0245574 0.0366756 0.0705272 0.0823827 0.1138 0.109263 0.102012 0.0651577 0.0414215 0.0622544 0.0344216 0.0331079 0.0397253 0.0241611 0.0137763 0.0169234 0.00898589 0.00655627 0.00181064 0.11248 
1992 0 0.00118009 0.0158824 0.109313 0.138577 0.13965 0.0823044 0.0735448 0.0554545 0.0400916 0.0319291 0.0246751 0.0161398 0.0118162 0.027097 0.0139938 0.0288313 0.0259856 0.0285607 0.0576663 0.077307 
1993 0 0.0202514 0.0735183 0.129946 0.104587 0.146714 0.129855 0.0714023 0.0461243 0.0552175 0.021297 0.0301719 0.0206992 0.0108683 0.0109972 0.0190892 0.0284265 0.0179239 0.0145565 0.00867659 0.039678 
1994 0 0.0148303 0.00499416 0.0120107 0.100229 0.0848974 0.0725262 0.0491639 0.0437994 0.0309343 0.0525592 0.0563801 0.0891746 0.0520807 0.0671763 0.0734276 0.0536339 0.0359053 0.0141199 0.00542849 0.0867286 
1995 0 0.024753 0.0923445 0.0574897 0.16991 0.112289 0.0627767 0.0630982 0.0597816 0.0346168 0.0463041 0.0443532 0.0315166 0.0141066 0.0238554 0.0343432 0.0255459 0.0153768 0.0156678 0.0050468 0.0668233 
1996 0 0.0269683 0.0801842 0.280826 0.025593 0.0706977 0.0730533 0.109438 0.0570329 0.0521129 0.0426099 0.0495131 0.0161632 0.00938076 0.00394411 0.0057919 0.00661827 0.0177244 0.0216438 0.00862657 0.0420779 
1997 0 0.00672854 0.0388079 0.110058 0.270415 0.0424093 0.053898 0.0987869 0.0578635 0.0375779 0.0235961 0.0275815 0.0291055 0.0159916 0.0132135 0.0162405 0.00350741 0.0160558 0.0274146 0.0299622 0.0807864 
1998 0 0.000522826 0.00136115 0.00470268 0.0138882 0.0132496 0.00279931 0.00185429 0.00584302 0.00344315 0.00589393 0.00371791 0.00211141 0.00444121 0.00318816 0.00234399 0.00180321 0.0228868 0.000415446 0.00109058 0.904443 
1999 0 0.00435144 0.120662 0.080579 0.13432 0.162086 0.143841 0.023047 0.0209013 0.0201743 0.0174103 0.023276 0.040247 0.0316676 0.0293705 0.0260441 0.0164712 0.00971376 0.0129723 0.0055206 0.0773437 
2000 0 0.00537633 0.0513838 0.274929 0.144642 0.100964 0.125272 0.1216 0.0234753 0.021198 0.0140427 0.0197747 0.0117112 0.0166335 0.00948413 0 0.00625964 0.00347007 0.00272402 0.0078993 0.0391614 
2001 0 0.0317191 0.0428936 0.114646 0.358944 0.081842 0.0857183 0.0672375 0.0735651 0.00444941 0.00517086 0.00488802 0.0213274 0.0183611 0.01702 0.00594573 0.00409679 0.00495628 0.00536793 0.0085349 0.0433156 
2002 0 0.00770571 0.0231428 0.0676759 0.0869357 0.326109 0.0812959 0.0794445 0.0751225 0.100936 0 0.00760515 0.0643355 0.038463 0.0151548 0.00456535 0 0 0 0.00125339 0.0202546 
2003 0 0.0149077 0.0184029 0.132103 0.145529 0.076817 0.33004 0.0618203 0.051676 0.062717 0.0433008 0 0 0 0.0201288 0.0096777 0.00893853 0.000739174 0.000739174 0 0.0224632 
2004 0 0.0256281 0.0525147 0.0915827 0.149873 0.126785 0.0681069 0.192924 0.0379257 0.0551362 0.0828523 0.0440253 0.00390876 0.00373519 0.0112881 0.0103553 0.0120467 0.00368632 0.00420715 0 0.0234185 
2005 0 0.00169912 0.0560467 0.0492768 0.089921 0.093651 0.11078 0.066059 0.128782 0.0718778 0.0374037 0.0513871 0.0604983 0.0220276 0.0157775 0.0246688 0.0279376 0.0202456 0.0150662 0.0093908 0.047503 
2006 0 0.00210652 0.0264118 0.0778031 0.153051 0.110934 0.239193 0.101394 0.0310142 0.0765496 0.0261188 0.017865 0.02076 0.0179093 0 0.0146751 0.0144323 0.0226791 0.0220556 0.00492085 0.0201264 
2007 0 0.00844956 0.0252757 0.0578379 0.14882 0.169956 0.0814065 0.105157 0.132551 0.049359 0.0511092 0.0227325 0.0144631 0.0157513 0.0453658 0 0.017064 0.00864439 0.0216516 0.00759434 0.0168117 
2008 0 0 0.0232484 0.0851925 0.127103 0.124026 0.11801 0.0568958 0.0945585 0.0545728 0.0176429 0.0502001 0.0201013 0.0125988 0.0224881 0.0524925 0.0393719 0.0121886 0.0244788 0.0254327 0.0393978 
2009 0 0.00355003 0.0313784 0.0467201 0.112553 0.151725 0.158579 0.105612 0.0639726 0.0557679 0.0245954 0.0350347 0.0738653 0.0165344 0.00613778 0.0635459 0.0243543 0 0 0 0.0260747 
2010 0 0.0397465 0.0303074 0.0935305 0.0424129 0.104089 0.122675 0.116772 0.0819632 0.0840381 0.0676296 0.0624591 0.0189802 0.0281899 0.00266718 0.0176909 0.0380288 0.0120835 0.00583132 0.00083257 0.0300719 
2011 0 0.0352677 0.126052 0.0657817 0.0926043 0.0620126 0.0830889 0.09115 0.0951857 0.0628168 0.027644 0.0478287 0.0510582 0.0113182 0.00540799 0.00924084 0.00388404 0.0396169 0.0597697 0.00555958 0.0247124 
2012 0 0.0294523 0.151905 0.265991 0.0567817 0.0692785 0.00959498 0.0551741 0.0401944 0.0452072 0.0575094 0.0318187 0.0488909 0.020399 0.0134335 0.0469928 0.0112186 0.0255525 0.0168478 0.00250519 0.0012526 
2013 0 0.00822966 0.0543652 0.20587 0.287808 0.0575535 0.0664425 0.0301503 0.0316128 0.0346368 0.0487317 0.0329482 0.0415923 0.039548 0.0096675 0.0042526 0.0089046 0.0125222 0.00222615 0.00078935 0.022149 
end_table
table error_values
1990 0 0 0 0 0 0 0 0 0 0 0 0 0 0 0 0 0 0 0 0 0 
1991 0 0 0 0 0 0 0 0 0 0 0 0 0 0 0 0 0 0 0 0 0 
1992 0 0 0 0 0 0 0 0 0 0 0 0 0 0 0 0 0 0 0 0 0 
1993 0 0 0 0 0 0 0 0 0 0 0 0 0 0 0 0 0 0 0 0 0 
1994 0 0 0 0 0 0 0 0 0 0 0 0 0 0 0 0 0 0 0 0 0 
1995 0 0 0 0 0 0 0 0 0 0 0 0 0 0 0 0 0 0 0 0 0 
1996 0 0 0 0 0 0 0 0 0 0 0 0 0 0 0 0 0 0 0 0 0 
1997 0 0 0 0 0 0 0 0 0 0 0 0 0 0 0 0 0 0 0 0 0 
1998 0 0 0 0 0 0 0 0 0 0 0 0 0 0 0 0 0 0 0 0 0 
1999 0 0 0 0 0 0 0 0 0 0 0 0 0 0 0 0 0 0 0 0 0 
2000 0 0 0 0 0 0 0 0 0 0 0 0 0 0 0 0 0 0 0 0 0 
2001 0 0 0 0 0 0 0 0 0 0 0 0 0 0 0 0 0 0 0 0 0 
2002 0 0 0 0 0 0 0 0 0 0 0 0 0 0 0 0 0 0 0 0 0 
2003 0 0 0 0 0 0 0 0 0 0 0 0 0 0 0 0 0 0 0 0 0 
2004 0 0 0 0 0 0 0 0 0 0 0 0 0 0 0 0 0 0 0 0 0 
2005 0 0 0 0 0 0 0 0 0 0 0 0 0 0 0 0 0 0 0 0 0 
2006 0 0 0 0 0 0 0 0 0 0 0 0 0 0 0 0 0 0 0 0 0 
2007 0 0 0 0 0 0 0 0 0 0 0 0 0 0 0 0 0 0 0 0 0 
2008 0 0 0 0 0 0 0 0 0 0 0 0 0 0 0 0 0 0 0 0 0 
2009 0 0 0 0 0 0 0 0 0 0 0 0 0 0 0 0 0 0 0 0 0 
2010 0 0 0 0 0 0 0 0 0 0 0 0 0 0 0 0 0 0 0 0 0 
2011 0 0 0 0 0 0 0 0 0 0 0 0 0 0 0 0 0 0 0 0 0 
2012 0 0 0 0 0 0 0 0 0 0 0 0 0 0 0 0 0 0 0 0 0 
2013 0 0 0 0 0 0 0 0 0 0 0 0 0 0 0 0 0 0 0 0 0 
end_table

