@observation BP_age_sample_sim
age_samples_per_cluster 10 
ageing_error age_error 
average_cluster_weight 6 
cluster_cv 0.6 
cluster_sigma 1.1 
fishery_label Fishing_LL 
layer_of_stratum_definitions area_definition 
max_age 20 
min_age 0 
process_label fishing 
strata_to_include BP 
type mortality_event_biomass_age_clusters 
years 1990 1991 1992 1993 1994 1995 1996 1997 1998 1999 2000 2001 2002 2003 2004 2005 2006 2007 2008 2009 2010 2011 2012 2013 
table obs
1990 0 0.00240078 0.0441384 0.0686206 0.116586 0.0814964 0.0814254 0.0648162 0.0483788 0.0873755 0.0565022 0.0368937 0.0353764 0.0253659 0.0385644 0.0218665 0.0288042 0.0272259 0.0150827 0.00596239 0.113118 
1991 0 0.0107775 0.0216776 0.0525069 0.0485905 0.0457864 0.0659713 0.120884 0.0619039 0.0474498 0.0764586 0.0459566 0.0278987 0.0338165 0.0353169 0.0372571 0.0165719 0.0226901 0.0129374 0.0195636 0.195985 
1992 0 0 0.0240095 0.0716373 0.136557 0.0929717 0.0920701 0.0570796 0.0431119 0.0539521 0.0415299 0.0421936 0.0230784 0.0126296 0.0441963 0.00994512 0.0111257 0.018315 0.0198335 0.0111964 0.194568 
1993 0 0 0.0255765 0.0596753 0.103869 0.119431 0.0662058 0.0628294 0.0645434 0.0634347 0.0302014 0.0367813 0.0106401 0.0164784 0.0173431 0.0295444 0.029916 0.0335472 0.0641892 0.061047 0.104747 
1994 0 0 0 0.0394536 0.153958 0.0938401 0.0971498 0.0871194 0.107217 0.0826361 0.0682352 0.0204218 0.0323082 0.0294257 0.0291443 0.0167216 0.0105995 0.00849136 0.0108417 0.0119628 0.100474 
1995 0 0.0301147 0.0919621 0.0322475 0.121121 0.111222 0.0594673 0.0420238 0.059539 0.0407771 0.0749361 0.0281849 0.0347159 0.0334448 0.0262159 0.00932004 0.013286 0.0105129 0.00882384 0.00195284 0.170132 
1996 0 0.00292615 0.0741894 0.284107 0.033451 0.0621715 0.0370453 0.0733784 0.0491189 0.03347 0.0339542 0.0577574 0.0399808 0.0216334 0.0240716 0.0220875 0.0200213 0.0164043 0.0147186 0.0160266 0.0834869 
1997 0 0.022011 0.049991 0.111962 0.260195 0.0495397 0.0480353 0.0516106 0.0514133 0.0389776 0.0221917 0.0374201 0.0274896 0.0316174 0.0507241 0.0328703 0.0311366 0.0216849 0.015005 0.0105465 0.0355773 
1998 0 0.000914843 0.00185081 0.00463004 0.0203174 0.0208427 0.00244329 0.00212668 0.00345117 0.001474 0.00407846 0.00110814 0.000137103 5.85095e-005 0.000673242 0.000690151 0.000733169 0.00149968 0.00269496 0.000171461 0.930104 
1999 0 0.00747168 0.126604 0.0820148 0.131111 0.129816 0.152577 0.0115238 0.0414405 0.0487316 0.048444 0.0185829 0.0156269 0.00655998 0.00466515 0.00795604 0.0188275 0.0254436 0.0190002 0.00938758 0.0942151 
2000 0 0.00416151 0.028267 0.238705 0.126736 0.119229 0.152827 0.173065 0.01307 0.0136277 0.0231289 0.0131853 0.0154018 0.00835047 0.00441101 0.00298009 0.00669718 0.0260196 0.00371708 0 0.0264207 
2001 0 0 0.00928568 0.072375 0.337737 0.0768285 0.0829485 0.13975 0.142374 0.00944694 0.0146048 0.0147671 0.018543 0.0023376 0.00550519 0.0018697 0.00184307 0 0.00455338 0.0119409 0.0532892 
2002 0 0.00440781 0.073598 0.115602 0.11986 0.320409 0.0703733 0.0611607 0.0600949 0.0453792 0.00475077 0.00859403 0.0330151 0.0198029 0.00796726 0.0144173 0.00127469 0.00509878 0 0 0.0341938 
2003 0 0.00783532 0.0207368 0.160923 0.166471 0.0835821 0.166175 0.0817531 0.0813297 0.104974 0.0702524 0 0.0092772 0.0125208 0.0203697 0.0046097 0.00392444 0.00105899 0 0 0.0042064 
2004 0 0.0229962 0.0919115 0.10649 0.129601 0.0906287 0.0904266 0.291813 0.0198145 0.0191237 0.0287751 0.036858 0.00545542 0.0125276 0.0109503 0.00194614 0.00475374 0.00351652 0.000879129 0 0.0315323 
2005 0 0.000671191 0.0132884 0.0992161 0.122481 0.164205 0.072096 0.0226689 0.129947 0.0836035 0.0624129 0.0703809 0.0766012 0.0190999 0 0.0187604 0.0189244 0.0127803 0.000552865 0.00326311 0.00904813 
2006 0 0.00129984 0.00600889 0.038046 0.636691 0.0587376 0.0846905 0.0341574 0.0153685 0.0626596 0.014194 0.00815307 0.0084552 0.00539616 0 0.00356034 0.00356034 0.00712069 0.00195583 0.00017566 0.00976925 
2007 0 0 0.00825153 0.077965 0.104966 0.098586 0.0661283 0.139189 0.0885681 0.0543701 0.112134 0.0224239 0.0377334 0.0265075 0.0594033 0.00668752 0.00937705 0.00854328 0.0112328 0.014899 0.0530348 
2008 0 0 0.000454874 0.00947628 0.0148969 0.0126699 0.0201709 0.00732166 0.0103769 0.00599975 0.00249692 0.010558 0.00170469 0.00028787 0.000518824 0.00234029 0.00324437 0.000994912 0.000735081 0.184202 0.71155 
2009 0 0.00493806 0.0251845 0.0334728 0.117315 0.160075 0.174598 0.133962 0.100399 0.0763275 0.0482046 0.023103 0.0310424 0.034049 0.00419496 0.0121719 0.00262864 0.00142719 0 0 0.0169066 
2010 0 0.0484052 0.0146865 0.0762687 0.046657 0.078381 0.115421 0.175105 0.126802 0.0521 0.0785263 0.0507488 0.0216406 0.0770347 0.00908412 0.00413268 0.00798576 0.0160575 0.000963536 0 0 
2011 0 0.0225187 0.0687742 0.0414866 0.128803 0.0419814 0.122194 0.151242 0.154764 0.04692 0.0346383 0.0273621 0.0225352 0.0198535 0.0657578 0.00177653 0.00282189 0.0158806 0.0154775 0 0.0152125 
2012 0 0.0435698 0.175242 0.191721 0.0657767 0.0684847 0.018478 0.0427446 0.0597415 0.120429 0.11473 0.0364834 0.0293483 0.008876 0.00421559 0.00711258 0.00125015 0.00804704 0.00375044 0 0 
2013 0 0 0.0650336 0.223445 0.264512 0.0277957 0.0550428 0.0270672 0.049784 0.0787009 0.0765081 0.0289136 0.0263788 0.0272405 0.00753246 0.00945403 0.0034036 0.00163588 0.00163588 0.00490763 0.0210082 
end_table
table error_values
1990 0 0 0 0 0 0 0 0 0 0 0 0 0 0 0 0 0 0 0 0 0 
1991 0 0 0 0 0 0 0 0 0 0 0 0 0 0 0 0 0 0 0 0 0 
1992 0 0 0 0 0 0 0 0 0 0 0 0 0 0 0 0 0 0 0 0 0 
1993 0 0 0 0 0 0 0 0 0 0 0 0 0 0 0 0 0 0 0 0 0 
1994 0 0 0 0 0 0 0 0 0 0 0 0 0 0 0 0 0 0 0 0 0 
1995 0 0 0 0 0 0 0 0 0 0 0 0 0 0 0 0 0 0 0 0 0 
1996 0 0 0 0 0 0 0 0 0 0 0 0 0 0 0 0 0 0 0 0 0 
1997 0 0 0 0 0 0 0 0 0 0 0 0 0 0 0 0 0 0 0 0 0 
1998 0 0 0 0 0 0 0 0 0 0 0 0 0 0 0 0 0 0 0 0 0 
1999 0 0 0 0 0 0 0 0 0 0 0 0 0 0 0 0 0 0 0 0 0 
2000 0 0 0 0 0 0 0 0 0 0 0 0 0 0 0 0 0 0 0 0 0 
2001 0 0 0 0 0 0 0 0 0 0 0 0 0 0 0 0 0 0 0 0 0 
2002 0 0 0 0 0 0 0 0 0 0 0 0 0 0 0 0 0 0 0 0 0 
2003 0 0 0 0 0 0 0 0 0 0 0 0 0 0 0 0 0 0 0 0 0 
2004 0 0 0 0 0 0 0 0 0 0 0 0 0 0 0 0 0 0 0 0 0 
2005 0 0 0 0 0 0 0 0 0 0 0 0 0 0 0 0 0 0 0 0 0 
2006 0 0 0 0 0 0 0 0 0 0 0 0 0 0 0 0 0 0 0 0 0 
2007 0 0 0 0 0 0 0 0 0 0 0 0 0 0 0 0 0 0 0 0 0 
2008 0 0 0 0 0 0 0 0 0 0 0 0 0 0 0 0 0 0 0 0 0 
2009 0 0 0 0 0 0 0 0 0 0 0 0 0 0 0 0 0 0 0 0 0 
2010 0 0 0 0 0 0 0 0 0 0 0 0 0 0 0 0 0 0 0 0 0 
2011 0 0 0 0 0 0 0 0 0 0 0 0 0 0 0 0 0 0 0 0 0 
2012 0 0 0 0 0 0 0 0 0 0 0 0 0 0 0 0 0 0 0 0 0 
2013 0 0 0 0 0 0 0 0 0 0 0 0 0 0 0 0 0 0 0 0 0 
end_table

