@observation BP_age_sample_sim
age_samples_per_cluster 10 
ageing_error age_error 
average_cluster_weight 6 
cluster_cv 0.6 
cluster_sigma 1.1 
fishery_label Fishing_LL 
layer_of_stratum_definitions area_definition 
max_age 20 
min_age 0 
process_label fishing 
strata_to_include BP 
type mortality_event_biomass_age_clusters 
years 1990 1991 1992 1993 1994 1995 1996 1997 1998 1999 2000 2001 2002 2003 2004 2005 2006 2007 2008 2009 2010 2011 2012 2013 
table obs
1990 0 0 0.00881955 0.0663887 0.119158 0.0641325 0.0751692 0.0745975 0.0685162 0.073254 0.0197831 0.0287808 0.0116153 0.0328046 0.0514786 0.0610796 0.0547006 0.0168981 0.0238515 0.018346 0.130626 
1991 0 0.00193645 0.0229517 0.0756542 0.0934968 0.0695735 0.0916347 0.0574772 0.0622662 0.0802657 0.0491863 0.0433353 0.0328431 0.0290686 0.0208066 0.016722 0.0334378 0.0154469 0.00866755 0.0127299 0.182499 
1992 0 0.00223264 0.030928 0.071502 0.109253 0.0912563 0.0804638 0.0558234 0.0516682 0.0543688 0.0309957 0.0299133 0.0318199 0.05067 0.0319399 0.0253527 0.0314206 0.017235 0.0338194 0.040801 0.128536 
1993 0 0 0.0208064 0.0835081 0.144356 0.109053 0.0859082 0.0937715 0.0905264 0.0705593 0.0494912 0.038939 0.0366835 0.017062 0.0418525 0.0133357 0.0118279 0.033867 0.00796786 0.0129401 0.0375449 
1994 0 0.0543884 0.0225889 0.0580354 0.132742 0.126297 0.115874 0.0939795 0.0658434 0.0246616 0.0168914 0.0394168 0.0251446 0.0184914 0.0071564 0.00312591 0.00220669 0.0129087 0.0142586 0.018211 0.147778 
1995 0 0.0178506 0.0682055 0.0286902 0.0873935 0.105481 0.0839998 0.0882618 0.132344 0.0715308 0.0850109 0.0464931 0.0293236 0.0186224 0.00515744 0.0138419 0.0119921 0.0116068 0.00809801 0.00798715 0.0781096 
1996 0 0.0238665 0.0646036 0.233686 0.0636689 0.0727133 0.0863636 0.0676046 0.0485635 0.0849881 0.0309787 0.0443331 0.0304516 0.0283064 0.0230808 0.00553915 0.00445562 0.00573719 0.0115068 0.00376846 0.0657845 
1997 0 0.0175479 0.0372359 0.0915013 0.299788 0.0512447 0.0363464 0.0828941 0.0409073 0.0321464 0.0284786 0.0279423 0.0275795 0.0340705 0.0278023 0.0477707 0.0227983 0.0206873 0.00661505 0.0118096 0.0548336 
1998 0 0.00555191 0.0113884 0.0162796 0.0451139 0.0607384 0.00886777 0.0166798 0.0155441 0.0161503 0.0181061 0.0115032 0.00827672 0.00989538 0.0057865 0.00487141 0.00498093 0.00646797 0.00635863 0.0037277 0.723711 
1999 0 0.00739991 0.0875067 0.0783652 0.166595 0.2099 0.200155 0.0105625 0.030174 0.0443592 0.0207756 0.0278289 0.0154168 0.0146046 0.0119288 0.00992144 0 0 0 0 0.0645065 
2000 0 0.025466 0.039844 0.228642 0.138754 0.109338 0.149337 0.196602 0.0179541 0.00707564 0.00944053 0.024898 0.0197006 0.00307755 0 0.00141465 0 0.00141465 0.00247796 0.00495592 0.0196059 
2001 0 0.00199515 0.045292 0.0851016 0.351587 0.133835 0.0794945 0.079546 0.0973147 0.00395333 0.0113408 0.00871648 0.00545496 0.00628399 0.00328009 0.00395916 0.00286579 0.000955265 0.00190319 0.00334287 0.0737782 
2002 0 0.00118529 0.0836346 0.145419 0.125661 0.201537 0.0852375 0.0777012 0.0597703 0.0596115 0.00861368 0.00920961 0.0143842 0.00681747 0.00468415 0 0.00358828 0.010178 0.00747261 0.0064624 0.0888315 
2003 0 0.0201581 0.0264052 0.15624 0.175473 0.0870425 0.256034 0.0597352 0.043437 0.0341845 0.0363505 0.00284567 0 0.00307364 0.0014367 0.00758398 0.0159244 0.0143239 0.00327066 0 0.0564806 
2004 0 0.0106881 0.0848664 0.0936781 0.17471 0.132635 0.049528 0.197528 0.0407288 0.0333276 0.0406241 0.0632371 0.010417 0.00541988 0.0139364 0.0126616 0.00849245 0.00463931 0.0103767 0.00399116 0.00851401 
2005 0 0.00733945 0.0316383 0.127156 0.103215 0.138944 0.0986293 0.0530013 0.13969 0.0786524 0.0536642 0.0218979 0.075289 0.0064237 0.01336 0.00124248 0.000414161 0.00591557 0.0073437 0.00459522 0.031589 
2006 0 0.00402335 0.0141762 0.0859734 0.170003 0.122912 0.137944 0.107045 0.0234869 0.114505 0.0196432 0.0212584 0.0207546 0.0156037 0.0155808 0.00769677 0.0334162 0.0258014 0.0170383 0.0101948 0.0329433 
2007 0 0 0.0102999 0.12374 0.123274 0.10299 0.0450143 0.052174 0.0624577 0.0455667 0.0684939 0.0212386 0.0226315 0.0928596 0.156765 0.0090629 0.00205473 0.0119708 0.0059854 0.0077865 0.0356345 
2008 0 0 0.00406317 0.0363128 0.0728565 0.0794156 0.0703096 0.0229072 0.0237223 0.0269857 0.00977492 0.0187314 0.00773195 0.00223156 0.00378078 0.00961214 0 0 0 0 0.611564 
2009 0 0.0270062 0.0381604 0.0388541 0.0846507 0.113245 0.126146 0.133158 0.0782606 0.10998 0.0514417 0.0424883 0.0733842 0.0326571 0.0115443 0.023714 0 0 0 0 0.0153096 
2010 0 0.0120937 0.0162975 0.0815433 0.057228 0.153271 0.135238 0.128554 0.121861 0.0616238 0.0645979 0.0525741 0.0262993 0.0442817 0.00386519 0.0117531 0.00689973 0.00493215 0.00722225 0.008301 0.00156329 
2011 0 0.0815348 0.162883 0.0451389 0.0668969 0.0417238 0.119103 0.0983063 0.0708247 0.0385271 0.0293372 0.0335043 0.0463306 0.0174276 0.044645 0.0171457 0.00645377 0.00637372 0.00485483 0.00385223 0.0651363 
2012 0 0.0175153 0.0953538 0.160046 0.0398573 0.10083 0.0230888 0.0647006 0.075563 0.104614 0.0707087 0.0222579 0.0506463 0.0160445 0.0196819 0.0291413 0.0248271 0.0214619 0.00930806 0.0154625 0.0388915 
2013 0 0 0.0703589 0.215276 0.216539 0.0450354 0.0995802 0.0334796 0.0373717 0.0638949 0.0490505 0.0208669 0.0172705 0.0207907 0.00429148 0.00716292 0.011268 0.00181839 0 0.00199668 0.0839484 
end_table
table error_values
1990 0 0 0 0 0 0 0 0 0 0 0 0 0 0 0 0 0 0 0 0 0 
1991 0 0 0 0 0 0 0 0 0 0 0 0 0 0 0 0 0 0 0 0 0 
1992 0 0 0 0 0 0 0 0 0 0 0 0 0 0 0 0 0 0 0 0 0 
1993 0 0 0 0 0 0 0 0 0 0 0 0 0 0 0 0 0 0 0 0 0 
1994 0 0 0 0 0 0 0 0 0 0 0 0 0 0 0 0 0 0 0 0 0 
1995 0 0 0 0 0 0 0 0 0 0 0 0 0 0 0 0 0 0 0 0 0 
1996 0 0 0 0 0 0 0 0 0 0 0 0 0 0 0 0 0 0 0 0 0 
1997 0 0 0 0 0 0 0 0 0 0 0 0 0 0 0 0 0 0 0 0 0 
1998 0 0 0 0 0 0 0 0 0 0 0 0 0 0 0 0 0 0 0 0 0 
1999 0 0 0 0 0 0 0 0 0 0 0 0 0 0 0 0 0 0 0 0 0 
2000 0 0 0 0 0 0 0 0 0 0 0 0 0 0 0 0 0 0 0 0 0 
2001 0 0 0 0 0 0 0 0 0 0 0 0 0 0 0 0 0 0 0 0 0 
2002 0 0 0 0 0 0 0 0 0 0 0 0 0 0 0 0 0 0 0 0 0 
2003 0 0 0 0 0 0 0 0 0 0 0 0 0 0 0 0 0 0 0 0 0 
2004 0 0 0 0 0 0 0 0 0 0 0 0 0 0 0 0 0 0 0 0 0 
2005 0 0 0 0 0 0 0 0 0 0 0 0 0 0 0 0 0 0 0 0 0 
2006 0 0 0 0 0 0 0 0 0 0 0 0 0 0 0 0 0 0 0 0 0 
2007 0 0 0 0 0 0 0 0 0 0 0 0 0 0 0 0 0 0 0 0 0 
2008 0 0 0 0 0 0 0 0 0 0 0 0 0 0 0 0 0 0 0 0 0 
2009 0 0 0 0 0 0 0 0 0 0 0 0 0 0 0 0 0 0 0 0 0 
2010 0 0 0 0 0 0 0 0 0 0 0 0 0 0 0 0 0 0 0 0 0 
2011 0 0 0 0 0 0 0 0 0 0 0 0 0 0 0 0 0 0 0 0 0 
2012 0 0 0 0 0 0 0 0 0 0 0 0 0 0 0 0 0 0 0 0 0 
2013 0 0 0 0 0 0 0 0 0 0 0 0 0 0 0 0 0 0 0 0 0 
end_table

