@observation BP_age_sample_sim
age_samples_per_cluster 10 
ageing_error age_error 
average_cluster_weight 6 
cluster_cv 0.6 
cluster_sigma 1.1 
fishery_label Fishing_LL 
layer_of_stratum_definitions area_definition 
max_age 20 
min_age 0 
process_label fishing 
strata_to_include BP 
type mortality_event_biomass_age_clusters 
years 1990 1991 1992 1993 1994 1995 1996 1997 1998 1999 2000 2001 2002 2003 2004 2005 2006 2007 2008 2009 2010 2011 2012 2013 
table obs
1990 0 0.00493924 0.0215013 0.0736795 0.136792 0.0746031 0.0855028 0.0807018 0.0730987 0.0399938 0.0285326 0.0197074 0.018715 0.0380041 0.0323742 0.0195331 0.0237158 0.023041 0.0130728 0.0156873 0.176805 
1991 0 0.0210268 0.0453777 0.0889471 0.088174 0.096974 0.0524614 0.0773875 0.0789545 0.0517493 0.0380401 0.0406963 0.0199387 0.0186391 0.0138414 0.0147848 0.0239005 0.00305651 0.0163373 0.00724325 0.20247 
1992 0 0.00594689 0.0596956 0.0682733 0.0853312 0.081274 0.0863088 0.0536188 0.053728 0.0332877 0.0467698 0.0615919 0.030975 0.0192166 0.0136187 0.0214142 0.0393975 0.0417876 0.0191739 0.018824 0.159766 
1993 0 0.00085847 0.014249 0.0926563 0.129578 0.09646 0.0799571 0.0195787 0.0451177 0.0302436 0.0489651 0.0209355 0.0265339 0.0329966 0.0199084 0.0315449 0.0232547 0.0262392 0.0174827 0.00619682 0.237243 
1994 0 0.0300439 0.00347155 0.0523292 0.173501 0.113042 0.0619516 0.0436411 0.106807 0.0325845 0.0342891 0.0436345 0.0372603 0.022902 0.0153347 0.00841926 0.0201315 0.0119366 0.0130589 0.0111999 0.164462 
1995 0 0.0318927 0.110915 0.023082 0.0714874 0.107693 0.0593461 0.0874399 0.0465072 0.0467784 0.0576723 0.0626628 0.0539096 0.0509865 0.0325894 0.0372365 0.028306 0.0167045 0.00732659 0.00852002 0.058944 
1996 0 0.00875926 0.119956 0.233299 0.0530035 0.0663998 0.0786727 0.0771014 0.0194922 0.0159338 0.0256962 0.034612 0.0557756 0.051682 0.0291425 0.0221267 0.00286976 0.00376895 0.00633036 0.00942109 0.0859571 
1997 0 0.0201866 0.0229867 0.190367 0.269135 0.0324702 0.0586561 0.0586094 0.0443841 0.0261826 0.032122 0.00190069 0.017935 0.026105 0.0627813 0.0465934 0.0315754 0.0250842 0.00419688 0.00763344 0.0210952 
1998 0 0.00298739 0.0016558 0.00654868 0.0117532 0.0173399 0.000878633 0.00334401 0.00303608 0.00368532 0.00279069 0.00270218 0.0017033 0.00163578 0.00226394 0.0016078 0.000995524 0.000432353 0.00101841 0.000782129 0.932839 
1999 0 0 0.167403 0.111653 0.126994 0.124648 0.141604 0.0259476 0.0603259 0.0294051 0.0106795 0.019113 0.0125361 0.0292101 0.0243759 0.00287794 0.00431691 0.00143897 0.00575846 0.00650785 0.095205 
2000 0 0 0.0303089 0.342036 0.0917524 0.07502 0.0682998 0.139126 0.0140059 0.0121731 0.0425041 0.0103095 0.0124902 0.0103151 0.0181325 0.018033 0.00419521 0.00289508 0.00144754 0.00144754 0.105509 
2001 0 0.00493671 0.0381903 0.0633323 0.318603 0.112223 0.0832773 0.10976 0.0856898 0.00653977 0.0300868 0.0333649 0.0132628 0.0138351 0.0084034 0.00570034 0.0140084 0.017568 0.0129778 0.00472842 0.0235118 
2002 0 0.0071845 0.067983 0.103373 0.146247 0.324288 0.0822923 0.0787116 0.0676614 0.0634139 0.0047142 0.00715448 0.0159942 0.00612205 0.0053061 0 0 0 0.0049647 0.00124117 0.0133484 
2003 0 0.0101022 0.043771 0.178354 0.148831 0.0515702 0.175048 0.0608197 0.0403979 0.0813923 0.0986891 0.00842702 0.00993849 0.00509827 0.0110836 0.0123066 0.0142148 0.0112786 0.00619032 0.00271493 0.0297712 
2004 0 0.0101792 0.0474996 0.0627368 0.176157 0.129438 0.0728798 0.189988 0.0937944 0.0420472 0.0360699 0.0267236 0.0165699 0.0126299 0.010809 0.0189388 0.00688756 0.00474907 0.00493704 0.00420464 0.0327621 
2005 0 0.00872188 0.0618527 0.169482 0.13084 0.164377 0.117202 0.0428024 0.150391 0.0389857 0.0327248 0.0138039 0.0181772 0.00362985 0.0024199 0 0 0 0 0.00597691 0.0386125 
2006 0 0.00657179 0.018202 0.0702649 0.220603 0.109547 0.234155 0.0735471 0.0246811 0.154028 0.0279255 0.0268739 0.00912 0.0173775 0.00122816 0 0.00195846 0.00130564 0.00195846 0.000652821 0 
2007 0 0 0.0450772 0.0595765 0.156345 0.153265 0.0637485 0.134763 0.0943851 0.0410206 0.138146 0.0158077 0.0368636 0.00776088 0.0268233 0 0.00967107 0.00241777 0.00967107 0 0.00465698 
2008 0 0.000957356 0.00678146 0.0738095 0.0850524 0.150515 0.258143 0.0521503 0.0591563 0.037693 0.0142508 0.0510648 0.0194957 0.0176658 0.0177071 0.0422624 0.0172554 0.000367811 0.0122116 0.0521625 0.0312975 
2009 0 0.00455881 0.0314048 0.0402902 0.0908863 0.168132 0.209684 0.12931 0.0779038 0.074676 0.0362252 0.0162704 0.0625317 0.00810941 0.00271186 0.0318815 0.0116555 0 0 0 0.00376887 
2010 0 0.0526583 0.0299656 0.144457 0.0497898 0.140973 0.123172 0.131249 0.0649738 0.0372969 0.0604378 0.0596398 0.0177569 0.0400905 0.00196904 0.00606993 0.00769534 0.0146223 0 0 0.0171836 
2011 0 0.0527452 0.113302 0.0690753 0.13582 0.0442257 0.0925698 0.107868 0.0547543 0.057131 0.0292174 0.0190537 0.0363334 0.038335 0.0215431 0.012905 0 0.0185546 0.0313216 0.00634344 0.0589017 
2012 0 0.00663368 0.100906 0.139132 0.0526477 0.0948161 0.0303475 0.0800759 0.100075 0.0984543 0.117092 0.0472137 0.0315892 0.0121025 0.0100483 0.0169186 0.0110272 0.0152094 0.017597 0.00836767 0.00974719 
2013 0 0.00296574 0.0818852 0.196305 0.230325 0.073339 0.126107 0.0263681 0.0299297 0.0587871 0.0530686 0.0377007 0.0219676 0.0387461 0.00333482 0 0 0 0 0.00212998 0.0170398 
end_table
table error_values
1990 0 0 0 0 0 0 0 0 0 0 0 0 0 0 0 0 0 0 0 0 0 
1991 0 0 0 0 0 0 0 0 0 0 0 0 0 0 0 0 0 0 0 0 0 
1992 0 0 0 0 0 0 0 0 0 0 0 0 0 0 0 0 0 0 0 0 0 
1993 0 0 0 0 0 0 0 0 0 0 0 0 0 0 0 0 0 0 0 0 0 
1994 0 0 0 0 0 0 0 0 0 0 0 0 0 0 0 0 0 0 0 0 0 
1995 0 0 0 0 0 0 0 0 0 0 0 0 0 0 0 0 0 0 0 0 0 
1996 0 0 0 0 0 0 0 0 0 0 0 0 0 0 0 0 0 0 0 0 0 
1997 0 0 0 0 0 0 0 0 0 0 0 0 0 0 0 0 0 0 0 0 0 
1998 0 0 0 0 0 0 0 0 0 0 0 0 0 0 0 0 0 0 0 0 0 
1999 0 0 0 0 0 0 0 0 0 0 0 0 0 0 0 0 0 0 0 0 0 
2000 0 0 0 0 0 0 0 0 0 0 0 0 0 0 0 0 0 0 0 0 0 
2001 0 0 0 0 0 0 0 0 0 0 0 0 0 0 0 0 0 0 0 0 0 
2002 0 0 0 0 0 0 0 0 0 0 0 0 0 0 0 0 0 0 0 0 0 
2003 0 0 0 0 0 0 0 0 0 0 0 0 0 0 0 0 0 0 0 0 0 
2004 0 0 0 0 0 0 0 0 0 0 0 0 0 0 0 0 0 0 0 0 0 
2005 0 0 0 0 0 0 0 0 0 0 0 0 0 0 0 0 0 0 0 0 0 
2006 0 0 0 0 0 0 0 0 0 0 0 0 0 0 0 0 0 0 0 0 0 
2007 0 0 0 0 0 0 0 0 0 0 0 0 0 0 0 0 0 0 0 0 0 
2008 0 0 0 0 0 0 0 0 0 0 0 0 0 0 0 0 0 0 0 0 0 
2009 0 0 0 0 0 0 0 0 0 0 0 0 0 0 0 0 0 0 0 0 0 
2010 0 0 0 0 0 0 0 0 0 0 0 0 0 0 0 0 0 0 0 0 0 
2011 0 0 0 0 0 0 0 0 0 0 0 0 0 0 0 0 0 0 0 0 0 
2012 0 0 0 0 0 0 0 0 0 0 0 0 0 0 0 0 0 0 0 0 0 
2013 0 0 0 0 0 0 0 0 0 0 0 0 0 0 0 0 0 0 0 0 0 
end_table

