@observation BP_age_sample_sim
age_samples_per_cluster 10 
ageing_error age_error 
average_cluster_weight 6 
cluster_cv 0.6 
cluster_sigma 1.1 
fishery_label Fishing_LL 
layer_of_stratum_definitions area_definition 
max_age 20 
min_age 0 
process_label fishing 
strata_to_include BP 
type mortality_event_biomass_age_clusters 
years 1990 1991 1992 1993 1994 1995 1996 1997 1998 1999 2000 2001 2002 2003 2004 2005 2006 2007 2008 2009 2010 2011 2012 2013 
table obs
1990 0 0.00730621 0.0315994 0.0620861 0.11625 0.116756 0.104491 0.0929959 0.0506949 0.0672814 0.0215721 0.0211518 0.0418108 0.0230705 0.0211005 0.028867 0.0233239 0.0196828 0.0153895 0.0162369 0.118333 
1991 0 0.0033547 0.0412328 0.0487167 0.111712 0.102581 0.10128 0.101293 0.0652196 0.0578225 0.0397296 0.0419582 0.0398938 0.0197415 0.0148409 0.0121751 0.0147018 0.00987776 0.0214602 0.00237201 0.150037 
1992 0 0.0188327 0.0423835 0.0364252 0.0824499 0.0679536 0.0552125 0.0728422 0.0660719 0.0616013 0.0441496 0.0355952 0.0118845 0.0272475 0.031428 0.0386895 0.0242493 0.0502318 0.0362425 0.0186728 0.177836 
1993 0 0 0.106583 0.116639 0.0774225 0.067959 0.050935 0.0278458 0.0337809 0.0587258 0.0466367 0.0572505 0.0304653 0.0365842 0.0256471 0.0323844 0.0190251 0.00925089 0.0250621 0.0138314 0.163971 
1994 0 0.063674 0.0176066 0.0749507 0.118056 0.0724795 0.0477108 0.0667999 0.0792305 0.0411066 0.0450238 0.0478827 0.0278201 0.0362302 0.0425739 0.0322438 0.0216061 0.00192512 0 0.00304326 0.160036 
1995 0 0.018306 0.107242 0.0269366 0.112052 0.0911587 0.0887552 0.0482851 0.0402768 0.0239819 0.0553073 0.020501 0.0252865 0.0430755 0.0491494 0.0353786 0.0246815 0.001688 0.00553064 0.00384264 0.178565 
1996 0 0.0219712 0.0621858 0.176516 0.045022 0.064615 0.0829466 0.110678 0.0522094 0.0482974 0.0216933 0.0137954 0.0312947 0.0322918 0.02546 0.0170484 0.0274134 0.00729844 0.0108775 0.0028572 0.145529 
1997 0 0.0157432 0.054117 0.131465 0.317965 0.053994 0.0958325 0.0265642 0.0322789 0.0115182 0.00840727 0.00914172 0.0345721 0.0246157 0.026532 0.0308027 0.0126364 0.00964939 0.0114919 0.00212637 0.0905461 
1998 0 0.00692211 0.00380667 0.012356 0.0362896 0.0503584 0.00237658 0.00491789 0.00500092 0.0036708 0.00200315 0.000732796 0.00031305 0.000626772 0.00643385 0.00321877 0.00274855 0.00210185 0.00276423 0.00242672 0.850931 
1999 0 0.0103353 0.0984139 0.0491809 0.0835021 0.148734 0.25444 0.0503414 0.0558426 0.0444361 0.0451988 0.0207406 0.0166534 0.00171158 0.0107329 0.0175659 0.00854902 0.00959282 0.0196988 0.0159833 0.0383461 
2000 0 0.0334901 0.0364666 0.338633 0.14149 0.118762 0.120897 0.125391 0.00456836 0.00536188 0.0117596 0.00748786 0.00144 0.0100833 0.00180027 0.00936272 0.00504163 0 0.00291068 0.00216348 0.0228901 
2001 0 0.0158101 0.0414969 0.0650481 0.283838 0.0887708 0.104071 0.0958216 0.125329 0.00730577 0.0246933 0.00811671 0.0188415 0.0157628 0.0110671 0.00639675 0 0.00233525 0.00467049 0.0163465 0.064279 
2002 0 0.0102238 0.0481557 0.0914833 0.145597 0.369943 0.0734973 0.0420544 0.0970225 0.0510601 0.00841306 0.00972619 0.0153929 0.00689621 0.00390126 0 0 0 0 0.00170688 0.0249262 
2003 0 0.0129572 0.0386981 0.11466 0.114841 0.0483876 0.300864 0.0741901 0.0592739 0.0963908 0.0675312 0.0139452 0.0193163 0.020129 0.00640141 0.00389425 0.00132873 0 0 0 0.00718996 
2004 0 0.0288522 0.0523717 0.0669253 0.123699 0.130066 0.107044 0.258483 0.0514297 0.0294284 0.0327856 0.0354535 0.00754208 0.0121821 0.00251635 0.00596199 0.00940763 0.0188153 0.00470382 0.00533706 0.0169959 
2005 0 0.0153819 0.0547097 0.152655 0.131966 0.152398 0.0847957 0.058616 0.125091 0.0434705 0.0424648 0.0413738 0.0386884 0.00104398 0.0110941 0.00949209 0.0077566 0.0025508 0.0025508 0.0051016 0.0187987 
2006 0 0.00624057 0.0157427 0.0663296 0.43643 0.0624549 0.254357 0.0450059 0.021278 0.0312151 0.00511297 0.00643277 0.00816221 0.00674312 0 0 0.00653703 0.00282476 0.00459979 0.001171 0.0193627 
2007 0 0 0.00835959 0.0344736 0.137753 0.168609 0.0849427 0.111076 0.0944328 0.0431229 0.133737 0.0239729 0.0257098 0.0465924 0.0475638 0 0 0 0.00675823 0 0.0328964 
2008 0 0.00120909 0.00252568 0.0180404 0.0167992 0.0215115 0.0333624 0.00227133 0.00513269 0.00379901 0.00269203 0.0101285 0.00220589 0 0 0.00394683 0.00300557 0.000629734 0.00181088 0.163407 0.707522 
2009 0 0.00526852 0.0324995 0.0514561 0.151359 0.192638 0.149468 0.11868 0.0704371 0.0545993 0.0377527 0.00685494 0.0596231 0.0109085 0.00257594 0.0155652 0.00350856 0.00174689 0.00349378 0 0.0315646 
2010 0 0.0499016 0.0250269 0.0512772 0.0327509 0.131521 0.128707 0.154277 0.112921 0.0500838 0.050961 0.0646615 0.031668 0.0525517 0.00608779 0.00193204 0.0104889 0.0104889 0 0.00956689 0.0251275 
2011 0 0.0797714 0.115445 0.0895434 0.12502 0.0408942 0.0792173 0.074346 0.0710432 0.0826517 0.0194472 0.0312601 0.0147133 0.0295002 0.066387 0.0218477 0.0216169 0.014735 0.0127963 0.00458646 0.00517772 
2012 0 0.00552102 0.132093 0.175287 0.0736489 0.131894 0.0420718 0.074342 0.0650659 0.0818983 0.0490119 0.0141621 0.0370805 0.00831011 0.00625706 0.0720502 0.00448851 0.0104004 0.00394407 0.0031319 0.00934155 
2013 0 0.00304515 0.0693985 0.199956 0.217551 0.0638644 0.076006 0.0409357 0.0776619 0.0872417 0.0415259 0.0233896 0.0175621 0.0153859 0.00354395 0.00522091 0.0205611 0.0163607 0.00567336 0.00230178 0.0128154 
end_table
table error_values
1990 0 0 0 0 0 0 0 0 0 0 0 0 0 0 0 0 0 0 0 0 0 
1991 0 0 0 0 0 0 0 0 0 0 0 0 0 0 0 0 0 0 0 0 0 
1992 0 0 0 0 0 0 0 0 0 0 0 0 0 0 0 0 0 0 0 0 0 
1993 0 0 0 0 0 0 0 0 0 0 0 0 0 0 0 0 0 0 0 0 0 
1994 0 0 0 0 0 0 0 0 0 0 0 0 0 0 0 0 0 0 0 0 0 
1995 0 0 0 0 0 0 0 0 0 0 0 0 0 0 0 0 0 0 0 0 0 
1996 0 0 0 0 0 0 0 0 0 0 0 0 0 0 0 0 0 0 0 0 0 
1997 0 0 0 0 0 0 0 0 0 0 0 0 0 0 0 0 0 0 0 0 0 
1998 0 0 0 0 0 0 0 0 0 0 0 0 0 0 0 0 0 0 0 0 0 
1999 0 0 0 0 0 0 0 0 0 0 0 0 0 0 0 0 0 0 0 0 0 
2000 0 0 0 0 0 0 0 0 0 0 0 0 0 0 0 0 0 0 0 0 0 
2001 0 0 0 0 0 0 0 0 0 0 0 0 0 0 0 0 0 0 0 0 0 
2002 0 0 0 0 0 0 0 0 0 0 0 0 0 0 0 0 0 0 0 0 0 
2003 0 0 0 0 0 0 0 0 0 0 0 0 0 0 0 0 0 0 0 0 0 
2004 0 0 0 0 0 0 0 0 0 0 0 0 0 0 0 0 0 0 0 0 0 
2005 0 0 0 0 0 0 0 0 0 0 0 0 0 0 0 0 0 0 0 0 0 
2006 0 0 0 0 0 0 0 0 0 0 0 0 0 0 0 0 0 0 0 0 0 
2007 0 0 0 0 0 0 0 0 0 0 0 0 0 0 0 0 0 0 0 0 0 
2008 0 0 0 0 0 0 0 0 0 0 0 0 0 0 0 0 0 0 0 0 0 
2009 0 0 0 0 0 0 0 0 0 0 0 0 0 0 0 0 0 0 0 0 0 
2010 0 0 0 0 0 0 0 0 0 0 0 0 0 0 0 0 0 0 0 0 0 
2011 0 0 0 0 0 0 0 0 0 0 0 0 0 0 0 0 0 0 0 0 0 
2012 0 0 0 0 0 0 0 0 0 0 0 0 0 0 0 0 0 0 0 0 0 
2013 0 0 0 0 0 0 0 0 0 0 0 0 0 0 0 0 0 0 0 0 0 
end_table

