@observation BP_age_sample_sim
age_samples_per_cluster 10 
ageing_error age_error 
average_cluster_weight 6 
cluster_cv 0.6 
cluster_sigma 1.1 
fishery_label Fishing_LL 
layer_of_stratum_definitions area_definition 
max_age 20 
min_age 0 
process_label fishing 
strata_to_include BP 
type mortality_event_biomass_age_clusters 
years 1990 1991 1992 1993 1994 1995 1996 1997 1998 1999 2000 2001 2002 2003 2004 2005 2006 2007 2008 2009 2010 2011 2012 2013 
table obs
1990 0 0 0.0428703 0.0392343 0.0668906 0.100436 0.110743 0.0989409 0.0968627 0.0745775 0.0543578 0.0506022 0.0282169 0.0193174 0.0483683 0.0415327 0.0209662 0.0123262 0.0174108 0.00495694 0.0713893 
1991 0 0.0211335 0.0164923 0.0405858 0.0845903 0.0816557 0.06604 0.0663386 0.0732509 0.0629393 0.0589909 0.0425675 0.0340763 0.0404024 0.0289425 0.025229 0.0303285 0.0563344 0.0197738 0.0180978 0.13223 
1992 0 0 0.0188111 0.0594349 0.0964317 0.112024 0.114505 0.117795 0.0936466 0.0720652 0.0344142 0.0623418 0.0437818 0.0144727 0.0202964 0.0316681 0.0154581 0.00784681 0.0143267 0.0121853 0.0584951 
1993 0 0 0.0099837 0.0256468 0.0833908 0.121872 0.0966604 0.0933306 0.105541 0.0657184 0.0252562 0.035128 0.0272407 0.0244153 0.022378 0.0100072 0.022573 0.0217644 0.0258872 0.0134129 0.169793 
1994 0 0.0240681 0.00339534 0.0445114 0.134829 0.0954192 0.0506097 0.0624186 0.0451221 0.0135242 0.017932 0.0231427 0.0543339 0.0417071 0.0180034 0.0108386 0.0166835 0.0263406 0.0242714 0.00755621 0.285293 
1995 0 0.0158572 0.120159 0.0341467 0.098271 0.120663 0.103633 0.0757519 0.0417789 0.0136502 0.0438547 0.066809 0.0379241 0.0470756 0.0240912 0.0259297 0.0129926 0.0122985 0.0100028 0.0203437 0.0747665 
1996 0 0.0035142 0.095261 0.233615 0.0390833 0.0803723 0.0629485 0.079919 0.0742463 0.0628328 0.0277555 0.022141 0.0248012 0.0283789 0.0167945 0.0434765 0.0283459 0.0070892 0.00767892 0.00697245 0.0547739 
1997 0 0.00985352 0.0637238 0.146419 0.310973 0.0337072 0.0444018 0.0463429 0.0521485 0.0259534 0.0249118 0.0121024 0.0290468 0.0227883 0.0242969 0.024483 0.0302546 0.00573512 0.00805421 0.0139539 0.0708498 
1998 0 0.00142709 0.00257839 0.00833585 0.0142044 0.0199632 0.00196672 0.00431345 0.00488973 0.0141181 0.00433987 0.00191625 0.000674346 0.002745 0.00150083 0.00111735 0.000781144 0.00309306 0.00256642 0.00108469 0.908384 
1999 0 0.00748909 0.0958775 0.0602304 0.153848 0.189706 0.253899 0.00688183 0.0262676 0.0346592 0.0506327 0.0285743 0.013162 0.0175247 0.00427876 0.00586118 0.00264331 0.00037472 0.00230434 0.0084679 0.0373173 
2000 0 0.0104231 0.0259103 0.206807 0.0886964 0.100878 0.138317 0.145029 0.0250274 0.0159046 0.0238663 0.0207833 0.0216141 0.0270753 0.00453991 0.0105687 0.0128461 0.0250106 0.0063465 0.0375484 0.052808 
2001 0 0.0347862 0.0427473 0.050745 0.304192 0.129605 0.117256 0.0971411 0.060198 0.0057737 0.00829271 0.00742915 0.0165099 0.0108399 0.0176588 0.00267495 0.00802484 0.00267495 0.00784708 0.00202307 0.0735809 
2002 0 0.0430183 0.0626119 0.0947982 0.135878 0.305986 0.0686976 0.0385001 0.0786127 0.0745641 0.016293 0.00370907 0.0036172 0.0103268 0.00657836 0.000966691 0.00290007 0.00193338 0.0077562 0.0208691 0.0223833 
2003 0 0.00366608 0.0271963 0.215461 0.196617 0.0737788 0.236761 0.0592827 0.0262723 0.0606963 0.0677846 0.00552113 0.00875046 0.0110226 0.00079016 0 0 0 0 0 0.00639977 
2004 0 0.00726268 0.0370462 0.0585208 0.183442 0.134053 0.0698184 0.241576 0.0434337 0.054712 0.0476917 0.0438488 0.00331757 0.00445164 0.0187459 0.0149967 0 0 0.00163159 0.00163159 0.0338198 
2005 0 0.012799 0.0423197 0.0778018 0.0864038 0.135527 0.0715537 0.0558073 0.160147 0.0538289 0.0473372 0.0551145 0.0649564 0.00495144 0.0173782 0.0220935 0.0172683 0.00567709 0.0114928 0.0105461 0.0469965 
2006 0 0.00885567 0.0158948 0.0314664 0.270301 0.0504228 0.468609 0.043332 0.0162642 0.041526 0.014783 0.0124563 0.00940522 0.010248 0.000697883 0.000171461 0.00159525 0 0.000265876 0 0.00370544 
2007 0 0.00156725 0.028358 0.0639356 0.186792 0.185818 0.0949317 0.076683 0.043328 0.0352107 0.131922 0.0369357 0.0216792 0.0157459 0.0270677 0 0.0012981 0.00716144 0.0098464 0.00953339 0.0221859 
2008 0 0.0015015 0.00410326 0.0262807 0.0538173 0.06814 0.0705709 0.0219425 0.0328604 0.0148109 0.00772236 0.0437064 0.023626 0.0141393 0.00813233 0.0157848 0.0132105 0 0.00616207 0 0.573489 
2009 0 0 0.0416222 0.0714883 0.0983458 0.143153 0.129152 0.161652 0.0661092 0.049367 0.0387044 0.0198701 0.0491987 0.0204158 0.00305916 0.015823 0.0418872 0.00917747 0.00343629 0 0.0375376 
2010 0 0.0919959 0.0503071 0.0974595 0.0699488 0.109869 0.108225 0.0905625 0.0812804 0.0298044 0.034916 0.0505432 0.0300876 0.0756723 0.00273398 0.0109789 0.0114096 0.0073222 0.00270941 0.00541 0.0387643 
2011 0 0.0237082 0.101735 0.0822411 0.13756 0.0606009 0.102994 0.157554 0.103635 0.0748279 0.0206669 0.0382621 0.0350708 0.0124607 0.0233669 0.00474866 0.00103081 0.00328873 0.0110933 0.00206161 0.00309242 
2012 0 0.0375281 0.0870942 0.137703 0.0443238 0.0700773 0.0202578 0.0838941 0.120607 0.105468 0.11351 0.0383785 0.0652151 0.0121226 0.00944065 0.0255496 0.00608555 0.00646662 0.00256795 0.00662688 0.00708363 
2013 0 0.0251191 0.0577048 0.145414 0.292124 0.0575671 0.0521431 0.0213831 0.0278966 0.0364164 0.0721885 0.0310692 0.0299599 0.034815 0.00399355 0.0148548 0.0167465 0.0198456 0.0151018 0.00778441 0.0378728 
end_table
table error_values
1990 0 0 0 0 0 0 0 0 0 0 0 0 0 0 0 0 0 0 0 0 0 
1991 0 0 0 0 0 0 0 0 0 0 0 0 0 0 0 0 0 0 0 0 0 
1992 0 0 0 0 0 0 0 0 0 0 0 0 0 0 0 0 0 0 0 0 0 
1993 0 0 0 0 0 0 0 0 0 0 0 0 0 0 0 0 0 0 0 0 0 
1994 0 0 0 0 0 0 0 0 0 0 0 0 0 0 0 0 0 0 0 0 0 
1995 0 0 0 0 0 0 0 0 0 0 0 0 0 0 0 0 0 0 0 0 0 
1996 0 0 0 0 0 0 0 0 0 0 0 0 0 0 0 0 0 0 0 0 0 
1997 0 0 0 0 0 0 0 0 0 0 0 0 0 0 0 0 0 0 0 0 0 
1998 0 0 0 0 0 0 0 0 0 0 0 0 0 0 0 0 0 0 0 0 0 
1999 0 0 0 0 0 0 0 0 0 0 0 0 0 0 0 0 0 0 0 0 0 
2000 0 0 0 0 0 0 0 0 0 0 0 0 0 0 0 0 0 0 0 0 0 
2001 0 0 0 0 0 0 0 0 0 0 0 0 0 0 0 0 0 0 0 0 0 
2002 0 0 0 0 0 0 0 0 0 0 0 0 0 0 0 0 0 0 0 0 0 
2003 0 0 0 0 0 0 0 0 0 0 0 0 0 0 0 0 0 0 0 0 0 
2004 0 0 0 0 0 0 0 0 0 0 0 0 0 0 0 0 0 0 0 0 0 
2005 0 0 0 0 0 0 0 0 0 0 0 0 0 0 0 0 0 0 0 0 0 
2006 0 0 0 0 0 0 0 0 0 0 0 0 0 0 0 0 0 0 0 0 0 
2007 0 0 0 0 0 0 0 0 0 0 0 0 0 0 0 0 0 0 0 0 0 
2008 0 0 0 0 0 0 0 0 0 0 0 0 0 0 0 0 0 0 0 0 0 
2009 0 0 0 0 0 0 0 0 0 0 0 0 0 0 0 0 0 0 0 0 0 
2010 0 0 0 0 0 0 0 0 0 0 0 0 0 0 0 0 0 0 0 0 0 
2011 0 0 0 0 0 0 0 0 0 0 0 0 0 0 0 0 0 0 0 0 0 
2012 0 0 0 0 0 0 0 0 0 0 0 0 0 0 0 0 0 0 0 0 0 
2013 0 0 0 0 0 0 0 0 0 0 0 0 0 0 0 0 0 0 0 0 0 
end_table

