@observation BP_age_sample_sim
age_samples_per_cluster 10 
ageing_error age_error 
average_cluster_weight 6 
cluster_cv 0.6 
cluster_sigma 1.1 
fishery_label Fishing_LL 
layer_of_stratum_definitions area_definition 
max_age 20 
min_age 0 
process_label fishing 
strata_to_include BP 
type mortality_event_biomass_age_clusters 
years 1990 1991 1992 1993 1994 1995 1996 1997 1998 1999 2000 2001 2002 2003 2004 2005 2006 2007 2008 2009 2010 2011 2012 2013 
table obs
1990 0 0.00911177 0.0397737 0.0907093 0.0807259 0.0702735 0.0793882 0.118644 0.0561702 0.0426855 0.0280802 0.0380342 0.0283414 0.0482852 0.0234706 0.0538859 0.0206758 0.0233974 0.0231264 0.00888475 0.116336 
1991 0 0.0202006 0.039171 0.0645218 0.0943125 0.0607635 0.0697395 0.0588809 0.0432008 0.0696496 0.0600778 0.0617971 0.047726 0.0403821 0.0407832 0.0298546 0.0423284 0.0274284 0.0251446 0.00311759 0.10092 
1992 0 0.00282791 0.0555296 0.0809819 0.10091 0.0571256 0.0686741 0.0581812 0.0466331 0.0489896 0.0356886 0.0657757 0.0757035 0.0642687 0.0247301 0.0215312 0.0190902 0.00818931 0.00373805 0.00776756 0.153665 
1993 0 0.00516254 0.0196777 0.100918 0.107858 0.12846 0.0867127 0.0632114 0.0621148 0.0410663 0.0806851 0.0636946 0.0226644 0.0194346 0.0261168 0.0159181 0.0060317 0.0179166 0.0160664 0.0176406 0.0986496 
1994 0 0.0302072 0.0178901 0.0673919 0.151196 0.107889 0.0795814 0.0439333 0.0361658 0.0266061 0.0359525 0.0250778 0.0480389 0.0293844 0.0374374 0.0156752 0.0135465 0.0367732 0.0272427 0.00711285 0.162898 
1995 0 0.0124932 0.0707812 0.0255889 0.0516997 0.107039 0.0812882 0.0503157 0.0414554 0.0635488 0.0864829 0.0560241 0.0369252 0.0158847 0.0357109 0.0417288 0.0406276 0.0220088 0.00616518 0.00211731 0.152115 
1996 0 0.012507 0.0702836 0.197871 0.0441711 0.0821843 0.0574267 0.0368486 0.0510902 0.0274003 0.0341509 0.0522567 0.0915499 0.0454222 0.0386532 0.0286231 0.0264088 0.014439 0.0163147 0.00961101 0.0627879 
1997 0 0.0189296 0.0417121 0.0763793 0.281002 0.0565097 0.091014 0.104138 0.0350321 0.035103 0.0275186 0.0145812 0.00796497 0.00559176 0.00440222 0 0.0143793 0.0100295 0.0138141 0.00907055 0.152828 
1998 0 0.00400305 0.00681292 0.0140322 0.0205794 0.0250056 0.00311981 0.00446042 0.00400566 0.00493982 0.00706156 0.00419785 0.00320844 0.00339892 0.00374185 0.00250283 0.0017664 0.0052754 0.00303981 0.00179037 0.877058 
1999 0 0.00320324 0.0547932 0.0733148 0.170942 0.215444 0.231271 0.0198348 0.0517248 0.0741862 0.017825 0.011704 0.00387241 0.000671159 0.00791555 0.0131852 0 0.000777719 0.00219347 0.0175687 0.029573 
2000 0 0.0237115 0.018599 0.277183 0.101312 0.0973412 0.145637 0.22897 0.0148203 0.00982648 0.0148811 0.00648323 0.00924947 0.0121856 0.00551017 0.0132308 0.00880741 0 0 0 0.0122524 
2001 0 0.00442433 0.00966863 0.0443826 0.331162 0.057321 0.0840808 0.129138 0.17498 0.0185738 0.0192261 0.0103546 0.0105041 0.0173402 0.0186319 0.0166623 0.00179671 0.0159992 0.00817986 0.00179671 0.0257762 
2002 0 0.0205238 0.0535291 0.109853 0.12415 0.324312 0.0930938 0.0396517 0.0639781 0.0593123 0.000978011 0.004606 0.00776279 0.0162814 0.0054687 0 0.0108847 0.0108847 0.00544236 0.0217694 0.0275192 
2003 0 0.0134545 0.0319101 0.0995537 0.101356 0.0659961 0.235935 0.0999746 0.0629564 0.134411 0.0636854 0.00535027 0.00857769 0.0142961 0 0 0 0.00691033 0.00691033 0.00471839 0.0440039 
2004 0 0.0320996 0.0632903 0.0577965 0.2008 0.0811522 0.0466193 0.164021 0.0424466 0.0556191 0.10508 0.0413965 0.0144332 0.00783259 0.00105135 0.00314021 0 0.00314021 0.0190781 0.0159379 0.0450651 
2005 0 0.0250579 0.0579215 0.131862 0.101262 0.0928653 0.0732032 0.0812365 0.198355 0.0589764 0.0397124 0.0296404 0.0399582 0.00771747 0.00553362 0.0110672 0.00830043 0 0 0.00346922 0.0338613 
2006 0 0.00654002 0.0420537 0.109865 0.301655 0.137375 0.177319 0.0497642 0.0340674 0.0756153 0.0201877 0.0065077 0.0116277 0.00935471 0.0016373 0.00102592 0 0.000739002 0.00443401 0.001478 0.00875367 
2007 0 0.00160003 0.0404796 0.122185 0.157328 0.126933 0.0690087 0.0768454 0.0690221 0.0162546 0.106701 0.0325638 0.0248449 0.0332013 0.0087106 0 0 0 0.0073147 0.0132026 0.0938058 
2008 0 0.00304691 0.0075069 0.0229943 0.0266895 0.0296761 0.0332126 0.0124603 0.0077872 0.0111104 0.00596949 0.0145957 0.00635014 0.00381059 0.00272447 0.00696381 0.00663513 0.00552582 0.00976922 0.0953007 0.687871 
2009 0 0.00127142 0.0146464 0.042401 0.14873 0.167069 0.128887 0.10847 0.0592466 0.0545759 0.0273642 0.0271584 0.0558665 0.0304005 0.00524143 0.0644014 0.0367314 0 0.00253634 0 0.0250023 
2010 0 0.0281255 0.0359084 0.103558 0.0615854 0.0988846 0.151068 0.133572 0.154231 0.0383999 0.0584762 0.0295585 0.0266327 0.0340209 0.0053555 0.0163739 0.0141684 0.0100805 0 0 0 
2011 0 0.0455902 0.119517 0.0584535 0.126967 0.0586132 0.124535 0.13998 0.0939115 0.0567769 0.032163 0.0421929 0.0244563 0.0133538 0.00805845 0.00785338 0 0.00844749 0.0231761 0.00745279 0.0085014 
2012 0 0.0252155 0.113557 0.229003 0.0392707 0.094587 0.0215906 0.120028 0.100875 0.0510858 0.0530656 0.0269104 0.0317031 0.0164656 0.0144453 0.0239241 0.00143798 0.00310589 0.00387482 0.000902624 0.0289515 
2013 0 0.0199983 0.107946 0.160935 0.220764 0.0544547 0.0860919 0.00673736 0.0625508 0.067564 0.0670697 0.0322988 0.044687 0.0251284 0.006314 0.00277767 0.00694417 0.00277767 0.00178756 0.00733413 0.0158378 
end_table
table error_values
1990 0 0 0 0 0 0 0 0 0 0 0 0 0 0 0 0 0 0 0 0 0 
1991 0 0 0 0 0 0 0 0 0 0 0 0 0 0 0 0 0 0 0 0 0 
1992 0 0 0 0 0 0 0 0 0 0 0 0 0 0 0 0 0 0 0 0 0 
1993 0 0 0 0 0 0 0 0 0 0 0 0 0 0 0 0 0 0 0 0 0 
1994 0 0 0 0 0 0 0 0 0 0 0 0 0 0 0 0 0 0 0 0 0 
1995 0 0 0 0 0 0 0 0 0 0 0 0 0 0 0 0 0 0 0 0 0 
1996 0 0 0 0 0 0 0 0 0 0 0 0 0 0 0 0 0 0 0 0 0 
1997 0 0 0 0 0 0 0 0 0 0 0 0 0 0 0 0 0 0 0 0 0 
1998 0 0 0 0 0 0 0 0 0 0 0 0 0 0 0 0 0 0 0 0 0 
1999 0 0 0 0 0 0 0 0 0 0 0 0 0 0 0 0 0 0 0 0 0 
2000 0 0 0 0 0 0 0 0 0 0 0 0 0 0 0 0 0 0 0 0 0 
2001 0 0 0 0 0 0 0 0 0 0 0 0 0 0 0 0 0 0 0 0 0 
2002 0 0 0 0 0 0 0 0 0 0 0 0 0 0 0 0 0 0 0 0 0 
2003 0 0 0 0 0 0 0 0 0 0 0 0 0 0 0 0 0 0 0 0 0 
2004 0 0 0 0 0 0 0 0 0 0 0 0 0 0 0 0 0 0 0 0 0 
2005 0 0 0 0 0 0 0 0 0 0 0 0 0 0 0 0 0 0 0 0 0 
2006 0 0 0 0 0 0 0 0 0 0 0 0 0 0 0 0 0 0 0 0 0 
2007 0 0 0 0 0 0 0 0 0 0 0 0 0 0 0 0 0 0 0 0 0 
2008 0 0 0 0 0 0 0 0 0 0 0 0 0 0 0 0 0 0 0 0 0 
2009 0 0 0 0 0 0 0 0 0 0 0 0 0 0 0 0 0 0 0 0 0 
2010 0 0 0 0 0 0 0 0 0 0 0 0 0 0 0 0 0 0 0 0 0 
2011 0 0 0 0 0 0 0 0 0 0 0 0 0 0 0 0 0 0 0 0 0 
2012 0 0 0 0 0 0 0 0 0 0 0 0 0 0 0 0 0 0 0 0 0 
2013 0 0 0 0 0 0 0 0 0 0 0 0 0 0 0 0 0 0 0 0 0 
end_table

