@observation BP_age_sample_sim
age_samples_per_cluster 10 
ageing_error age_error 
average_cluster_weight 6 
cluster_cv 0.6 
cluster_sigma 1.1 
fishery_label Fishing_LL 
layer_of_stratum_definitions area_definition 
max_age 20 
min_age 0 
process_label fishing 
strata_to_include BP 
type mortality_event_biomass_age_clusters 
years 1990 1991 1992 1993 1994 1995 1996 1997 1998 1999 2000 2001 2002 2003 2004 2005 2006 2007 2008 2009 2010 2011 2012 2013 
table obs
1990 0 0.046645 0.0672902 0.0897485 0.0955222 0.12866 0.0675118 0.0694289 0.0613559 0.0620132 0.0396947 0.0466603 0.0150414 0.0168358 0.015283 0.0158552 0.0457466 0.0319759 0.0146764 0.0112683 0.0587866 
1991 0 0 0.046545 0.0596105 0.0809834 0.0896247 0.102 0.0695958 0.0382679 0.0256054 0.0497459 0.0314838 0.0314906 0.047601 0.0615807 0.019209 0.0404317 0.0239932 0.00997457 0.0108705 0.161387 
1992 0 0 0.0301227 0.0949844 0.186227 0.121649 0.0683774 0.0582263 0.0382385 0.0289258 0.0334117 0.0414564 0.0439376 0.0470612 0.0355717 0.0308607 0.0427393 0.0115407 0.00605027 0.00196155 0.0786574 
1993 0 0.0352863 0.0312643 0.0946424 0.132306 0.0941582 0.0853928 0.0544713 0.0402017 0.0636887 0.0522433 0.042443 0.0417654 0.0193483 0.0265009 0.0305606 0.0133991 0.0164394 0.0090088 0.0171198 0.09976 
1994 0 0.0339942 0.0241379 0.0483388 0.116624 0.0909543 0.0606593 0.0470101 0.0885933 0.0574657 0.0707663 0.0518434 0.0236341 0.0270497 0.0296592 0.0458749 0.0446787 0.020756 0.00812932 0.0124622 0.0973686 
1995 0 0.0321719 0.123147 0.0458685 0.0896594 0.0799906 0.0684139 0.0906814 0.0288462 0.0311637 0.0212566 0.0368885 0.0379007 0.0385915 0.0340851 0.0167995 0.0410046 0.0113543 0.0175665 0.018254 0.136356 
1996 0 0.00840408 0.0391466 0.128783 0.0429188 0.0618329 0.0726424 0.0922988 0.0572732 0.04981 0.0415162 0.0504782 0.0521384 0.0303639 0.0403563 0.0360222 0.01946 0.0239386 0.0111007 0.0307556 0.110761 
1997 0 0.0247112 0.0521583 0.145526 0.311074 0.0261641 0.0559107 0.0536302 0.0489337 0.0447607 0.0369911 0.0350351 0.00733614 0.0223842 0.0214442 0.0201968 0.00754401 0.00308985 0.00964841 0.00187817 0.0715825 
1998 0 0.0119351 0.00566804 0.0113242 0.0224741 0.0280372 0.00603339 0.00757395 0.0124986 0.015169 0.0120197 0.00266899 0.0058591 0.0101628 0.00214012 0.00220427 0.00134045 0.00266536 0.00105373 0.000512177 0.83866 
1999 0 0.0204119 0.10619 0.102967 0.151646 0.18841 0.133487 0.0201622 0.0179306 0.0413245 0.0289667 0.0340424 0.0124095 0.037366 0.0214016 0.0106053 0.00767485 0.00321652 0.00831859 0.00544699 0.0480226 
2000 0 0.0124559 0.0367769 0.264847 0.146997 0.130009 0.0926852 0.108484 0.017493 0.019746 0.0286359 0.0214816 0.0192146 0.0127881 0.00362996 0.00480683 0.00689034 0.00144369 0.00471819 0.00136166 0.0655354 
2001 0 0.0294783 0.0295289 0.0601555 0.32421 0.126122 0.0926991 0.127658 0.115963 0.00868155 0.0145791 0.0182152 0.0112674 0.0104338 0.00800409 0.00251841 0.00578189 0.0019273 0 0.0019273 0.0108487 
2002 0 0.024273 0.0374363 0.0533806 0.101492 0.368158 0.0717123 0.0459946 0.123374 0.0925845 0.00118665 0.007792 0.0023733 0.00341016 0.00296468 0.00074117 0.00682488 0.0157336 0.00820471 0.00551931 0.0268447 
2003 0 0.010208 0.0197005 0.168301 0.123149 0.0836257 0.222307 0.0846501 0.0532599 0.0751649 0.0755831 0.00353424 0.0117891 0.0131272 0.00637689 0.0129019 0.00792681 0.00653856 0.00718175 0.00455565 0.0101184 
2004 0 0.0071383 0.0307884 0.0876856 0.17229 0.117829 0.0721282 0.176986 0.0468533 0.0755749 0.06711 0.0791968 0.0103556 0.00455825 0.00624874 0.00630743 0.0109762 0.00685363 0.00234662 0.00469324 0.0140797 
2005 0 0.0152682 0.0244559 0.084412 0.117551 0.129174 0.0764157 0.0451545 0.204448 0.0310885 0.0506964 0.0467202 0.104145 0.0199704 0.0111201 0.0163039 0.00550185 0.00870004 0.00887363 0 0 
2006 0 0.00431426 0.0108243 0.081303 0.213094 0.143439 0.192628 0.067847 0.0285195 0.0738735 0.0440962 0.0234371 0.0305703 0.0415521 0.00704819 0.0132099 0.0126411 0.00521932 0.00242288 0.0029352 0.00102466 
2007 0 0.0129649 0.0198221 0.0559427 0.161091 0.121032 0.0781329 0.0993118 0.0812832 0.0475375 0.140479 0.0269372 0.0151524 0.0186878 0.068002 0 0 0 0 0.00264823 0.050975 
2008 0 0.00580568 0.00057128 0.00737092 0.0176162 0.028768 0.0282109 0.0100133 0.0146597 0.008346 0.00608607 0.0200901 0.00388577 0.00280711 0.00213298 0.0041421 0 0 0 0.0254809 0.814013 
2009 0 0.0156377 0.0350857 0.0620086 0.176898 0.13973 0.116045 0.0884598 0.0808204 0.0454386 0.0688359 0.0439205 0.031968 0.0179006 0.0126679 0.0106414 0.0102148 0.00486148 0.00595768 0 0.0329075 
2010 0 0.0251927 0.0132675 0.0663898 0.0347206 0.109118 0.110877 0.114787 0.0783644 0.043714 0.0960013 0.0514841 0.0647571 0.0892049 0.0115408 0.0322433 0.0193654 0.0389722 0 0 0 
2011 0 0.0561895 0.153465 0.0584417 0.129848 0.0749803 0.0846117 0.133105 0.0505161 0.0586824 0.0292877 0.0473694 0.0461357 0.0111918 0.0178886 0.0100338 0.00354906 0.00230015 0.00111471 0.00125614 0.0300329 
2012 0 0.0154019 0.12372 0.209587 0.0812399 0.0948253 0.0226573 0.0598918 0.0722629 0.0772537 0.0613353 0.0229499 0.0479523 0.0297818 0.0209211 0.0171945 0.00958668 0.0131223 0.00975378 0.00543822 0.00512447 
2013 0 0.0245673 0.0803897 0.22354 0.201697 0.0351981 0.060344 0.0409644 0.0538538 0.0500407 0.0730972 0.0206074 0.015281 0.0545736 0.0111955 0.00315475 0.0110119 0.00642467 0.00130008 0.0019724 0.0307859 
end_table
table error_values
1990 0 0 0 0 0 0 0 0 0 0 0 0 0 0 0 0 0 0 0 0 0 
1991 0 0 0 0 0 0 0 0 0 0 0 0 0 0 0 0 0 0 0 0 0 
1992 0 0 0 0 0 0 0 0 0 0 0 0 0 0 0 0 0 0 0 0 0 
1993 0 0 0 0 0 0 0 0 0 0 0 0 0 0 0 0 0 0 0 0 0 
1994 0 0 0 0 0 0 0 0 0 0 0 0 0 0 0 0 0 0 0 0 0 
1995 0 0 0 0 0 0 0 0 0 0 0 0 0 0 0 0 0 0 0 0 0 
1996 0 0 0 0 0 0 0 0 0 0 0 0 0 0 0 0 0 0 0 0 0 
1997 0 0 0 0 0 0 0 0 0 0 0 0 0 0 0 0 0 0 0 0 0 
1998 0 0 0 0 0 0 0 0 0 0 0 0 0 0 0 0 0 0 0 0 0 
1999 0 0 0 0 0 0 0 0 0 0 0 0 0 0 0 0 0 0 0 0 0 
2000 0 0 0 0 0 0 0 0 0 0 0 0 0 0 0 0 0 0 0 0 0 
2001 0 0 0 0 0 0 0 0 0 0 0 0 0 0 0 0 0 0 0 0 0 
2002 0 0 0 0 0 0 0 0 0 0 0 0 0 0 0 0 0 0 0 0 0 
2003 0 0 0 0 0 0 0 0 0 0 0 0 0 0 0 0 0 0 0 0 0 
2004 0 0 0 0 0 0 0 0 0 0 0 0 0 0 0 0 0 0 0 0 0 
2005 0 0 0 0 0 0 0 0 0 0 0 0 0 0 0 0 0 0 0 0 0 
2006 0 0 0 0 0 0 0 0 0 0 0 0 0 0 0 0 0 0 0 0 0 
2007 0 0 0 0 0 0 0 0 0 0 0 0 0 0 0 0 0 0 0 0 0 
2008 0 0 0 0 0 0 0 0 0 0 0 0 0 0 0 0 0 0 0 0 0 
2009 0 0 0 0 0 0 0 0 0 0 0 0 0 0 0 0 0 0 0 0 0 
2010 0 0 0 0 0 0 0 0 0 0 0 0 0 0 0 0 0 0 0 0 0 
2011 0 0 0 0 0 0 0 0 0 0 0 0 0 0 0 0 0 0 0 0 0 
2012 0 0 0 0 0 0 0 0 0 0 0 0 0 0 0 0 0 0 0 0 0 
2013 0 0 0 0 0 0 0 0 0 0 0 0 0 0 0 0 0 0 0 0 0 
end_table

