@observation BP_age_sample_sim
age_samples_per_cluster 10 
ageing_error age_error 
average_cluster_weight 6 
cluster_cv 0.6 
cluster_sigma 1.1 
fishery_label Fishing_LL 
layer_of_stratum_definitions area_definition 
max_age 20 
min_age 0 
process_label fishing 
strata_to_include BP 
type mortality_event_biomass_age_clusters 
years 1990 1991 1992 1993 1994 1995 1996 1997 1998 1999 2000 2001 2002 2003 2004 2005 2006 2007 2008 2009 2010 2011 2012 2013 
table obs
1990 0 0.0170298 0.0304114 0.043787 0.10854 0.0797955 0.0787868 0.0605598 0.0539178 0.0689688 0.0469714 0.0253989 0.0444198 0.0746214 0.0275026 0.0134787 0.0197558 0.0349295 0.03025 0.0242465 0.116629 
1991 0 0.00965813 0.0293686 0.0822684 0.116597 0.133588 0.117871 0.110466 0.0775733 0.0533194 0.0300853 0.0275662 0.0050815 0.0187577 0.0166838 0.0128613 0.0107556 0.00483438 0.00886243 0.0148366 0.118965 
1992 0 0.00177882 0.0367768 0.0478387 0.109741 0.0798558 0.077903 0.0792447 0.0506729 0.0439915 0.0239546 0.0267934 0.0470337 0.0390057 0.0427035 0.0339101 0.0329087 0.0300181 0.0174896 0.021558 0.156821 
1993 0 0 0.00830416 0.0513214 0.0832109 0.120964 0.0922226 0.0847749 0.0535029 0.0522548 0.0559465 0.0330657 0.0292037 0.0250669 0.0115656 0.028805 0.0210681 0.0353167 0.039303 0.0186342 0.155469 
1994 0 0.00338105 0.0043352 0.118804 0.0976279 0.106537 0.0450318 0.048273 0.0512115 0.0440655 0.056485 0.056603 0.0417093 0.0129043 0.0275456 0.0404039 0.0517399 0.019886 0.0172307 0.00984377 0.146382 
1995 0 0.0109381 0.056575 0.029643 0.0508452 0.0838303 0.0506573 0.0562021 0.0518662 0.0257427 0.055122 0.070475 0.0435481 0.0514315 0.049413 0.0292046 0.0411188 0.0462372 0.023016 0.0256264 0.148508 
1996 0 0.021974 0.124486 0.167647 0.0248326 0.0795977 0.096643 0.102147 0.0470248 0.0714871 0.037856 0.0113895 0.0145069 0.0169168 0.0150598 0.00957621 0.0204174 0.024041 0.00977349 0.0128691 0.0917548 
1997 0 0.00493949 0.029718 0.103234 0.159004 0.0662072 0.095378 0.0768541 0.0448432 0.0485017 0.0240013 0.0237736 0.0253851 0.0308261 0.0793899 0.0333915 0.0123473 0.0261156 0.0114423 0.00752934 0.0971181 
1998 0 0.00334716 0.00834226 0.0204888 0.0401612 0.0550644 0.00628036 0.00453832 0.00674012 0.0145665 0.00775852 0.00283571 0.00195521 0.00238044 0.00266643 0.00312861 0.000880601 0 0 0 0.818865 
1999 0 0.00957333 0.090756 0.0559173 0.103749 0.167713 0.233233 0.0636615 0.0529149 0.0327092 0.0323648 0.0171533 0.0107187 0.0153913 0.0123051 0.00624648 0 0 0.00489418 0 0.0906997 
2000 0 0.0163139 0.0240312 0.297514 0.105229 0.103251 0.141331 0.130527 0.016289 0 0.00537994 0.00442685 0.00567134 0.00646631 0.0174651 0.00992966 0.00738442 0.00462184 0 0.00160318 0.102565 
2001 0 0.00480739 0.0528529 0.0654588 0.285258 0.0999763 0.0847838 0.0853164 0.0926822 0.00424463 0.00630676 0.00623529 0.0125946 0.0335052 0.0265987 0.0227421 0.00892845 0.0273041 0 0.0134865 0.0669181 
2002 0 0.0343881 0.120785 0.067623 0.107305 0.280496 0.116035 0.0628139 0.0490795 0.0782977 0.00375383 0 0.00236104 0.00708313 0.0018714 0.00329275 0.0030602 0.00571115 0.0022984 0.0137082 0.0400371 
2003 0 0.0287738 0.0272004 0.142694 0.148715 0.0923621 0.280016 0.0892898 0.0548632 0.0596713 0.0606473 0.00629453 0.00498967 0.00298854 0 0.00149427 0 0 0 0 0 
2004 0 0.00676782 0.0350418 0.0628671 0.132611 0.130223 0.0648032 0.275004 0.0606072 0.0301571 0.0560283 0.0623305 0.0172477 0.00608468 0.00809051 0.00706086 0.0225068 0.00272496 0.00330166 0.000825414 0.0157159 
2005 0 0.0109355 0.0407276 0.0666948 0.0903597 0.109076 0.0772121 0.0778167 0.207238 0.0910213 0.0445736 0.0571585 0.0375927 0.00886712 0.0123274 0.00920149 0.0109669 0.00633656 0.00803851 0.0161459 0.0177094 
2006 0 0.00605245 0.00752405 0.0865093 0.192219 0.107246 0.198311 0.0778666 0.0453879 0.125533 0.038774 0.0132825 0.0258521 0.0210574 0.00385541 0.000967142 0.00444341 0.0021439 0.00932662 0.00133237 0.0323162 
2007 0 0.00410163 0.0159749 0.0873768 0.217403 0.156693 0.0594821 0.0628928 0.0413437 0.0215553 0.147342 0.0135034 0.0345865 0.0296735 0.0465384 0.00175329 0 0.00175329 0 0.0189612 0.039066 
2008 0 0.00485236 0.00658265 0.0462401 0.0548659 0.039509 0.040648 0.0221535 0.0193662 0.0159164 0.00910954 0.0286279 0.0100155 0.00531717 0.00420066 0.0160094 0.00459286 0.00350623 0 0.00237828 0.666108 
2009 0 0.00422671 0.0677771 0.0709275 0.0953884 0.171947 0.143031 0.137317 0.0788611 0.060692 0.0407989 0.0172152 0.0372794 0.0160069 0.00526043 0.0322214 0.0127624 0.00363164 0.0046555 0 0 
2010 0 0.0148619 0.0112556 0.0487454 0.0239275 0.155172 0.121382 0.112199 0.0818608 0.02703 0.0416992 0.0869324 0.0387243 0.0852928 0.0249352 0.0358499 0.0489035 0.0312015 0 0 0.0100274 
2011 0 0.0560281 0.140898 0.0407261 0.0535158 0.0323343 0.0929833 0.0917384 0.0913708 0.0828795 0.0514017 0.0744753 0.0290337 0.0330919 0.0500336 0.0201606 0 0.00936579 0.0250941 0.00110602 0.0237629 
2012 0 0.0200439 0.0875546 0.230514 0.0653609 0.126354 0.02826 0.0663275 0.0688577 0.0618566 0.0572037 0.0391823 0.0482685 0.00610139 0.0114338 0.0390073 0.0105972 0.00905147 0.00562034 0.00667307 0.0117318 
2013 0 0 0.0455785 0.191747 0.223434 0.0616336 0.0757337 0.0449842 0.0749247 0.0637455 0.0635365 0.0280686 0.0350219 0.027381 0.00533122 0.00332697 0.0185904 0.0206994 0.00633109 0 0.00993174 
end_table
table error_values
1990 0 0 0 0 0 0 0 0 0 0 0 0 0 0 0 0 0 0 0 0 0 
1991 0 0 0 0 0 0 0 0 0 0 0 0 0 0 0 0 0 0 0 0 0 
1992 0 0 0 0 0 0 0 0 0 0 0 0 0 0 0 0 0 0 0 0 0 
1993 0 0 0 0 0 0 0 0 0 0 0 0 0 0 0 0 0 0 0 0 0 
1994 0 0 0 0 0 0 0 0 0 0 0 0 0 0 0 0 0 0 0 0 0 
1995 0 0 0 0 0 0 0 0 0 0 0 0 0 0 0 0 0 0 0 0 0 
1996 0 0 0 0 0 0 0 0 0 0 0 0 0 0 0 0 0 0 0 0 0 
1997 0 0 0 0 0 0 0 0 0 0 0 0 0 0 0 0 0 0 0 0 0 
1998 0 0 0 0 0 0 0 0 0 0 0 0 0 0 0 0 0 0 0 0 0 
1999 0 0 0 0 0 0 0 0 0 0 0 0 0 0 0 0 0 0 0 0 0 
2000 0 0 0 0 0 0 0 0 0 0 0 0 0 0 0 0 0 0 0 0 0 
2001 0 0 0 0 0 0 0 0 0 0 0 0 0 0 0 0 0 0 0 0 0 
2002 0 0 0 0 0 0 0 0 0 0 0 0 0 0 0 0 0 0 0 0 0 
2003 0 0 0 0 0 0 0 0 0 0 0 0 0 0 0 0 0 0 0 0 0 
2004 0 0 0 0 0 0 0 0 0 0 0 0 0 0 0 0 0 0 0 0 0 
2005 0 0 0 0 0 0 0 0 0 0 0 0 0 0 0 0 0 0 0 0 0 
2006 0 0 0 0 0 0 0 0 0 0 0 0 0 0 0 0 0 0 0 0 0 
2007 0 0 0 0 0 0 0 0 0 0 0 0 0 0 0 0 0 0 0 0 0 
2008 0 0 0 0 0 0 0 0 0 0 0 0 0 0 0 0 0 0 0 0 0 
2009 0 0 0 0 0 0 0 0 0 0 0 0 0 0 0 0 0 0 0 0 0 
2010 0 0 0 0 0 0 0 0 0 0 0 0 0 0 0 0 0 0 0 0 0 
2011 0 0 0 0 0 0 0 0 0 0 0 0 0 0 0 0 0 0 0 0 0 
2012 0 0 0 0 0 0 0 0 0 0 0 0 0 0 0 0 0 0 0 0 0 
2013 0 0 0 0 0 0 0 0 0 0 0 0 0 0 0 0 0 0 0 0 0 
end_table

