@observation BP_age_sample_sim
age_samples_per_cluster 10 
ageing_error age_error 
average_cluster_weight 6 
cluster_cv 0.6 
cluster_sigma 1.1 
fishery_label Fishing_LL 
layer_of_stratum_definitions area_definition 
max_age 20 
min_age 0 
process_label fishing 
strata_to_include BP 
type mortality_event_biomass_age_clusters 
years 1990 1991 1992 1993 1994 1995 1996 1997 1998 1999 2000 2001 2002 2003 2004 2005 2006 2007 2008 2009 2010 2011 2012 2013 
table obs
1990 0 0.0155215 0.0531372 0.0490192 0.099154 0.109389 0.0688173 0.0772268 0.0670529 0.055164 0.06096 0.101039 0.0390884 0.0348979 0.023854 0.0192208 0.0194022 0.00493165 0.00452268 0.00909705 0.0885048 
1991 0 0.00452015 0.0342034 0.0523284 0.114305 0.121816 0.0736351 0.060676 0.089484 0.0404992 0.0462543 0.0696841 0.026014 0.0354884 0.0302678 0.0208099 0.030349 0.0449431 0.00621505 0.0116382 0.0868694 
1992 0 0.0135804 0.0403906 0.0838268 0.139936 0.121726 0.0660516 0.0836339 0.059694 0.0403047 0.0415839 0.0310879 0.0372421 0.0309376 0.0257047 0.0129497 0.0185886 0.0237998 0.0214741 0.0165548 0.0909333 
1993 0 0 0.00947984 0.0285042 0.117259 0.140059 0.107127 0.0702214 0.0479132 0.0448532 0.0352171 0.0496036 0.0361127 0.0535545 0.0276341 0.0185261 0.00756746 0.0110973 0.0325741 0.00299129 0.159705 
1994 0 0.0324478 0.0134705 0.078969 0.15769 0.0671927 0.0729086 0.0368561 0.0655719 0.0412757 0.0315021 0.0425976 0.0286185 0.0276401 0.027087 0.0269077 0.0209008 0.0094736 0.00666878 0.0142695 0.197952 
1995 0 0.0593516 0.138269 0.0223482 0.0761188 0.0960784 0.082559 0.032864 0.032222 0.0225963 0.0342323 0.0365594 0.0340047 0.0436754 0.031588 0.038907 0.0178332 0.0166784 0.00872934 0.010898 0.164488 
1996 0 0.0222989 0.0627487 0.230745 0.0337063 0.0664256 0.0892569 0.0565557 0.0356755 0.0126321 0.0145939 0.0199053 0.0295089 0.0667351 0.0488309 0.0279515 0.0329695 0.0281261 0.0186863 0.000620403 0.102027 
1997 0 0.014714 0.0273205 0.134603 0.289233 0.0568888 0.0659573 0.0545298 0.0799095 0.0811709 0.0212495 0.0169848 0.0124049 0.0131959 0.00707941 0 0 0.0104823 0.0147669 0.0136899 0.0858195 
1998 0 0.00119858 0.00308667 0.00334288 0.0110718 0.0196966 0.00411326 0.0055196 0.00664002 0.00884923 0.00435647 0.00170509 0.00203115 0.00697034 0.00118634 0.00182014 0.000954873 0.00366279 0.00477159 0.00283708 0.906186 
1999 0 0.00117241 0.0632081 0.0535052 0.132619 0.203254 0.233648 0.0146885 0.0344289 0.0268233 0.0411349 0.0169303 0.0116079 0.0091701 0.009493 0.0278731 0.0137024 0.00998255 0.00104251 0 0.0957159 
2000 0 0.0268225 0.0556006 0.281676 0.0949825 0.0799991 0.0872318 0.180489 0.00822511 0.0132901 0.0266968 0.0170873 0.0117137 0.00602918 0.00523668 0.00396698 0.0119099 0.0212505 0.00176307 0 0.0660288 
2001 0 0.000442096 0.0366109 0.0526545 0.234726 0.0974228 0.0718033 0.0748108 0.0865487 0.0109558 0.0270309 0.054353 0.041027 0.0483075 0.00877025 0.0110394 0 0.0150587 0.0114194 0.0149641 0.102055 
2002 0 0.0308341 0.0717849 0.103118 0.105404 0.283258 0.0913931 0.069994 0.0598424 0.0508782 0.00482881 0.0200944 0.0207687 0.0142324 0.0140684 0.0163185 0.00968066 0.0041494 0.0020747 0.00273955 0.0245373 
2003 0 0.0206751 0.0313377 0.179987 0.143944 0.0637179 0.266513 0.0617238 0.0372779 0.0594296 0.0446098 0.00357834 0.00400195 0.00455525 0.0082726 0.00605311 0.00162129 0.0194926 0.00562833 0.00466899 0.0329108 
2004 0 0.0151954 0.0578405 0.0761576 0.197287 0.0976134 0.0715168 0.19239 0.0642385 0.0562426 0.0379341 0.0662945 0.00954232 0.019981 0.0121289 0.00972526 0.00355064 0.00355064 0.00088766 0 0.00792357 
2005 0 0.00790991 0.0858843 0.113279 0.0541435 0.129193 0.070642 0.0836547 0.164913 0.097651 0.0903653 0.0682889 0.0244352 0.00426679 0.0053731 0 0 0 0 0 0 
2006 0 0.00308023 0.0145776 0.121255 0.228239 0.108539 0.174284 0.0696503 0.0473947 0.0909913 0.0332941 0.0394964 0.0216422 0.0168009 0.00383893 0.00383893 0.00383893 0.00280844 0.00266693 0 0.0137622 
2007 0 0 0.0216986 0.084015 0.0904621 0.141089 0.0752951 0.0807883 0.0789666 0.0459212 0.118382 0.0447384 0.0424792 0.0463944 0.0822139 0.0108179 0.00285997 0 0.00583726 0.00291863 0.0251218 
2008 0 0.000539935 0.000944431 0.0137754 0.0283056 0.0236726 0.0339863 0.0159702 0.0173383 0.0125613 0.00486487 0.0163473 0.00529686 0.0016582 0.00652303 0.0122159 0.00512581 0.000648489 0.000972734 0.0390318 0.760221 
2009 0 0 0.0196675 0.0624958 0.0972995 0.155883 0.0948463 0.100323 0.0563547 0.106884 0.0655685 0.0275868 0.0789871 0.0106836 0.012067 0.0207823 0.011773 0 0 0 0.0787981 
2010 0 0.0579168 0.0280456 0.140216 0.0313498 0.145235 0.119477 0.112864 0.104176 0.0260826 0.042676 0.0381146 0.0223827 0.0654641 0.00691982 0.0105715 0.0177917 0 0 0 0.0307174 
2011 0 0.0615145 0.118628 0.0727622 0.103607 0.0627395 0.0573574 0.0582563 0.109407 0.0878179 0.0315766 0.0644201 0.0387524 0.0287972 0.0640844 0.00208668 0 0.00470726 0.00471448 0.0032506 0.0255205 
2012 0 0.0330464 0.0916298 0.230924 0.0286408 0.0651745 0.0164622 0.0413036 0.116307 0.111895 0.0804303 0.0346332 0.0438783 0.0109212 0.0129508 0.0279345 0.00345397 0.00667311 0.0119337 0 0.0318083 
2013 0 0.0263785 0.0598163 0.155139 0.295646 0.0440792 0.0747178 0.0376516 0.0649671 0.0736467 0.0469636 0.0220217 0.0144474 0.0247897 0.0113157 0.00707043 0.00904057 0.00357667 0.0107695 0.00299372 0.0149686 
end_table
table error_values
1990 0 0 0 0 0 0 0 0 0 0 0 0 0 0 0 0 0 0 0 0 0 
1991 0 0 0 0 0 0 0 0 0 0 0 0 0 0 0 0 0 0 0 0 0 
1992 0 0 0 0 0 0 0 0 0 0 0 0 0 0 0 0 0 0 0 0 0 
1993 0 0 0 0 0 0 0 0 0 0 0 0 0 0 0 0 0 0 0 0 0 
1994 0 0 0 0 0 0 0 0 0 0 0 0 0 0 0 0 0 0 0 0 0 
1995 0 0 0 0 0 0 0 0 0 0 0 0 0 0 0 0 0 0 0 0 0 
1996 0 0 0 0 0 0 0 0 0 0 0 0 0 0 0 0 0 0 0 0 0 
1997 0 0 0 0 0 0 0 0 0 0 0 0 0 0 0 0 0 0 0 0 0 
1998 0 0 0 0 0 0 0 0 0 0 0 0 0 0 0 0 0 0 0 0 0 
1999 0 0 0 0 0 0 0 0 0 0 0 0 0 0 0 0 0 0 0 0 0 
2000 0 0 0 0 0 0 0 0 0 0 0 0 0 0 0 0 0 0 0 0 0 
2001 0 0 0 0 0 0 0 0 0 0 0 0 0 0 0 0 0 0 0 0 0 
2002 0 0 0 0 0 0 0 0 0 0 0 0 0 0 0 0 0 0 0 0 0 
2003 0 0 0 0 0 0 0 0 0 0 0 0 0 0 0 0 0 0 0 0 0 
2004 0 0 0 0 0 0 0 0 0 0 0 0 0 0 0 0 0 0 0 0 0 
2005 0 0 0 0 0 0 0 0 0 0 0 0 0 0 0 0 0 0 0 0 0 
2006 0 0 0 0 0 0 0 0 0 0 0 0 0 0 0 0 0 0 0 0 0 
2007 0 0 0 0 0 0 0 0 0 0 0 0 0 0 0 0 0 0 0 0 0 
2008 0 0 0 0 0 0 0 0 0 0 0 0 0 0 0 0 0 0 0 0 0 
2009 0 0 0 0 0 0 0 0 0 0 0 0 0 0 0 0 0 0 0 0 0 
2010 0 0 0 0 0 0 0 0 0 0 0 0 0 0 0 0 0 0 0 0 0 
2011 0 0 0 0 0 0 0 0 0 0 0 0 0 0 0 0 0 0 0 0 0 
2012 0 0 0 0 0 0 0 0 0 0 0 0 0 0 0 0 0 0 0 0 0 
2013 0 0 0 0 0 0 0 0 0 0 0 0 0 0 0 0 0 0 0 0 0 
end_table

