@observation BP_age_sample_sim
age_samples_per_cluster 10 
ageing_error age_error 
average_cluster_weight 6 
cluster_cv 0.6 
cluster_sigma 1.1 
fishery_label Fishing_LL 
layer_of_stratum_definitions area_definition 
max_age 20 
min_age 0 
process_label fishing 
strata_to_include BP 
type mortality_event_biomass_age_clusters 
years 1990 1991 1992 1993 1994 1995 1996 1997 1998 1999 2000 2001 2002 2003 2004 2005 2006 2007 2008 2009 2010 2011 2012 2013 
table obs
1990 0 0 0.0109117 0.0742108 0.0669417 0.0862887 0.0779787 0.0781389 0.0859581 0.0905554 0.0455415 0.0878316 0.0654368 0.0209512 0.0185093 0.0229519 0.0341004 0.0201148 0.010322 0.0241444 0.0791123 
1991 0 0.018394 0.0348061 0.0744973 0.0768491 0.0928372 0.0857973 0.0889594 0.07342 0.0737263 0.0536055 0.0398772 0.0296951 0.0338713 0.0330081 0.0189059 0.00423845 0.0155341 0.0100906 0.0134833 0.128404 
1992 0 0.0119254 0.0398309 0.0452755 0.0536882 0.0930148 0.125796 0.1037 0.0676429 0.0761466 0.0404112 0.0447004 0.0623515 0.0270732 0.0206187 0.019934 0.0168336 0.0170214 0.0178498 0.0302781 0.085908 
1993 0 0.00749139 0.0538014 0.0838488 0.0911569 0.102462 0.105954 0.0405979 0.0470084 0.0503054 0.0753311 0.0488275 0.0417764 0.0281419 0.055135 0.0344459 0.0245181 0.0203591 0.0364765 0.0129431 0.0394186 
1994 0 0.00142203 0.00492396 0.0319367 0.129424 0.144281 0.0829687 0.0546771 0.0447386 0.0507615 0.0467831 0.0312759 0.0349486 0.0260643 0.0353875 0.0163628 0.0193835 0.0128936 0.0187388 0.0110916 0.201937 
1995 0 0.00991786 0.0822563 0.0155679 0.138643 0.0989168 0.0551896 0.0662227 0.0359347 0.0723602 0.060107 0.0672544 0.0636929 0.044009 0.0132866 0.0184244 0.0189286 0.0110345 0.00735923 0.0148064 0.106088 
1996 0 0.0121816 0.0641555 0.197789 0.047648 0.0798651 0.0498434 0.0730505 0.039394 0.0317923 0.0315565 0.0413028 0.0213813 0.041919 0.0193933 0.0130676 0.00790638 0.00596221 0.00953001 0.0142789 0.197982 
1997 0 0.00777672 0.0378365 0.0958094 0.208977 0.0295286 0.0438924 0.0401071 0.0403362 0.0311476 0.0341675 0.0699703 0.0577015 0.0443693 0.0204108 0.0112572 0.0107126 0.0127461 0.011023 0.00544458 0.186785 
1998 0 0.00468749 0.00084038 0.0111272 0.0172956 0.0336923 0.00576292 0.0044369 0.00608468 0.00318619 0.00180373 0.00203697 0.00110088 0.000941923 0.00134429 0.00109307 0.00201273 0.00466176 0.00338622 0.000436162 0.894069 
1999 0 0.00867621 0.15516 0.0781579 0.120039 0.145807 0.116518 0.0196681 0.0222263 0.0173095 0.0186977 0.0477277 0.044699 0.0280057 0.0191929 0.00831675 0.00215125 0.000802849 0.00307614 0.0123046 0.131464 
2000 0 0 0.0194028 0.291178 0.105955 0.122172 0.098963 0.112395 0.011619 0.0285661 0.014727 0.00995949 0.00421725 0.0055425 0.0156927 0.0106034 0.0213092 0.0178243 0.0267101 0.0217237 0.0614384 
2001 0 0.0181123 0.0103143 0.0336049 0.369949 0.106292 0.0884129 0.143832 0.110328 0.0018531 0.00674683 0.0152372 0.0105722 0.0021955 0.0126697 0.0202282 0.00878201 0.00878508 0 0 0.0320848 
2002 0 0.00220758 0.0393645 0.0617651 0.100283 0.468765 0.0584946 0.02865 0.0435718 0.0536053 0.0260524 0.0177727 0.015771 0.0232697 0.0286421 0 0.0106325 0.00474733 0.00107442 0 0.0153309 
2003 0 0.0209191 0.0138098 0.144497 0.131039 0.0664966 0.293485 0.0629646 0.0744326 0.0484089 0.0365915 0 0.00504254 0.00400894 0.0187821 0.00845804 0.00653462 0.00279227 0.00231722 0.00790175 0.0515188 
2004 0 0.0130719 0.057698 0.0721041 0.134697 0.130347 0.0491815 0.202765 0.0449945 0.0561967 0.0535257 0.0648826 0.0226132 0.015956 0.00703567 0.00448998 0.00893848 0.00593132 0.014091 0.0111253 0.030355 
2005 0 0.00717623 0.0557894 0.138463 0.1452 0.179028 0.0924884 0.0201077 0.103788 0.0402138 0.0450167 0.0636537 0.0272487 0.00263966 0.00201486 0.00814335 0.00411363 0.00818531 0.00814335 0.00402972 0.0445569 
2006 0 0.00102619 0.0267015 0.062283 0.136529 0.157868 0.264579 0.0876924 0.0546784 0.110304 0.0358759 0.0100218 0.0136871 0.00619887 0 0 0.00962819 0.016047 0.0032094 0 0.00367004 
2007 0 0.00210168 0.064694 0.0571513 0.148575 0.0982741 0.0792906 0.0734444 0.0687355 0.062257 0.0962679 0.0166286 0.0108583 0.0328831 0.188839 0 0 0 0 0 0 
2008 0 0 0.00165116 0.0247892 0.0431386 0.0617878 0.0803023 0.0256943 0.0187739 0.0211419 0.00838076 0.0260824 0.00547108 0.00373694 0.0059722 0.00663118 0 0 0 0.666446 0 
2009 0 0.00907196 0.0563049 0.0744322 0.110069 0.163633 0.147739 0.093182 0.0518389 0.0406756 0.0606321 0.0335534 0.0488923 0.00832757 0.00146314 0.0196846 0.0409683 0 0 0 0.0395324 
2010 0 0.0481038 0.0251794 0.0898902 0.0419353 0.106203 0.102397 0.111219 0.0996972 0.0381047 0.0514845 0.0526206 0.0364394 0.0702125 0.0106521 0.0334983 0.0123624 0.0122449 0.00916673 0.00193491 0.0466543 
2011 0 0.0195722 0.119991 0.0768237 0.0909926 0.0662854 0.103376 0.124585 0.0959365 0.040766 0.0331123 0.02959 0.0365378 0.0100831 0.0298385 0.00692637 0.00192054 0.0327671 0.0361964 0.00886496 0.0358343 
2012 0 0.0221486 0.144674 0.172918 0.0606732 0.0969031 0.0229496 0.102243 0.0607499 0.0546469 0.0583611 0.0299067 0.0494764 0.0241173 0.0141207 0.0374521 0.0118015 0.0201538 0.00556817 0.0111363 0 
2013 0 0.0186334 0.0606128 0.217445 0.211176 0.0526094 0.0298099 0.0210369 0.0323467 0.086288 0.087008 0.0174003 0.0375005 0.0771781 0.0100624 0.00370556 0.0277243 0.00946291 0 0 0 
end_table
table error_values
1990 0 0 0 0 0 0 0 0 0 0 0 0 0 0 0 0 0 0 0 0 0 
1991 0 0 0 0 0 0 0 0 0 0 0 0 0 0 0 0 0 0 0 0 0 
1992 0 0 0 0 0 0 0 0 0 0 0 0 0 0 0 0 0 0 0 0 0 
1993 0 0 0 0 0 0 0 0 0 0 0 0 0 0 0 0 0 0 0 0 0 
1994 0 0 0 0 0 0 0 0 0 0 0 0 0 0 0 0 0 0 0 0 0 
1995 0 0 0 0 0 0 0 0 0 0 0 0 0 0 0 0 0 0 0 0 0 
1996 0 0 0 0 0 0 0 0 0 0 0 0 0 0 0 0 0 0 0 0 0 
1997 0 0 0 0 0 0 0 0 0 0 0 0 0 0 0 0 0 0 0 0 0 
1998 0 0 0 0 0 0 0 0 0 0 0 0 0 0 0 0 0 0 0 0 0 
1999 0 0 0 0 0 0 0 0 0 0 0 0 0 0 0 0 0 0 0 0 0 
2000 0 0 0 0 0 0 0 0 0 0 0 0 0 0 0 0 0 0 0 0 0 
2001 0 0 0 0 0 0 0 0 0 0 0 0 0 0 0 0 0 0 0 0 0 
2002 0 0 0 0 0 0 0 0 0 0 0 0 0 0 0 0 0 0 0 0 0 
2003 0 0 0 0 0 0 0 0 0 0 0 0 0 0 0 0 0 0 0 0 0 
2004 0 0 0 0 0 0 0 0 0 0 0 0 0 0 0 0 0 0 0 0 0 
2005 0 0 0 0 0 0 0 0 0 0 0 0 0 0 0 0 0 0 0 0 0 
2006 0 0 0 0 0 0 0 0 0 0 0 0 0 0 0 0 0 0 0 0 0 
2007 0 0 0 0 0 0 0 0 0 0 0 0 0 0 0 0 0 0 0 0 0 
2008 0 0 0 0 0 0 0 0 0 0 0 0 0 0 0 0 0 0 0 0 0 
2009 0 0 0 0 0 0 0 0 0 0 0 0 0 0 0 0 0 0 0 0 0 
2010 0 0 0 0 0 0 0 0 0 0 0 0 0 0 0 0 0 0 0 0 0 
2011 0 0 0 0 0 0 0 0 0 0 0 0 0 0 0 0 0 0 0 0 0 
2012 0 0 0 0 0 0 0 0 0 0 0 0 0 0 0 0 0 0 0 0 0 
2013 0 0 0 0 0 0 0 0 0 0 0 0 0 0 0 0 0 0 0 0 0 
end_table

