@observation BP_age_sample_sim
age_samples_per_cluster 10 
ageing_error age_error 
average_cluster_weight 6 
cluster_cv 0.6 
cluster_sigma 1.1 
fishery_label Fishing_LL 
layer_of_stratum_definitions area_definition 
max_age 20 
min_age 0 
process_label fishing 
strata_to_include BP 
type mortality_event_biomass_age_clusters 
years 1990 1991 1992 1993 1994 1995 1996 1997 1998 1999 2000 2001 2002 2003 2004 2005 2006 2007 2008 2009 2010 2011 2012 2013 
table obs
1990 0 0.00600475 0.0233582 0.0331781 0.0817024 0.0887288 0.100513 0.0865814 0.0825667 0.089384 0.0489103 0.0487565 0.0489986 0.0186797 0.011662 0.0111046 0.0149117 0.0181978 0.0149893 0.0205272 0.151245 
1991 0 0.00964748 0.0409812 0.0625953 0.0863096 0.0638702 0.0601852 0.0645681 0.0748557 0.0990666 0.109628 0.0541238 0.0382863 0.0278434 0.0142324 0.0336223 0.0323864 0.0361462 0.013449 0.00910855 0.069094 
1992 0 0.004588 0.0164147 0.0582696 0.0776962 0.0488171 0.0387816 0.063735 0.0330908 0.0824958 0.0582259 0.0566523 0.0526095 0.0342704 0.0482611 0.0307351 0.00870491 0.035855 0.0182005 0.0312013 0.201395 
1993 0 0 0.019764 0.0733959 0.081856 0.0500327 0.0784355 0.0788752 0.0612055 0.0416146 0.0644734 0.0676471 0.0165448 0.0256208 0.0298255 0.0498395 0.0330256 0.0364264 0.0165359 0.0279616 0.14692 
1994 0 0.096405 0.0145145 0.0847068 0.113521 0.103281 0.0668646 0.0514309 0.0550093 0.0311105 0.0251895 0.0332965 0.0377166 0.026171 0.0383215 0.0376685 0.0259095 0.022572 0.017813 0.00574194 0.112757 
1995 0 0.0433675 0.149941 0.0362605 0.0786853 0.0879167 0.0507398 0.0556653 0.0383486 0.0339899 0.0332992 0.017065 0.0122008 0.0110445 0.0300556 0.0110545 0.0109594 0.0273935 0.0168003 0.0359076 0.219305 
1996 0 0.0252892 0.10371 0.316359 0.0533105 0.066194 0.0455104 0.0783368 0.0606347 0.0526262 0.0190259 0.0226456 0.0207675 0.0292264 0.0227505 0.026547 0.00715975 0.0097922 0.00323637 0.00634537 0.0305327 
1997 0 0.020683 0.0298933 0.128213 0.337416 0.0584303 0.0804369 0.0655833 0.039593 0.0555372 0.022303 0.0450318 0.0352175 0.0148342 0.0114937 0.0106301 0.0103151 0 0 0.00117374 0.0332149 
1998 0 0.00467562 0.00451369 0.0114533 0.0321904 0.0510073 0.00589393 0.0109275 0.00879021 0.013105 0.010939 0.00631869 0.00813916 0.00920355 0.00436337 0.00437556 0.00177665 0.000812853 0.00565628 0.00515418 0.800704 
1999 0 0 0.0939157 0.0632573 0.153078 0.191731 0.189683 0.0321019 0.0275097 0.0495468 0.0274481 0.0400443 0.00456403 0.00656084 0.0193737 0.00948191 0.00406339 0.00346347 0.002109 0.00278463 0.0792837 
2000 0 0.00821065 0.0260337 0.165992 0.102326 0.156172 0.160451 0.134772 0.0043798 0.0150847 0.041475 0.0280787 0.0198169 0.0124513 0.0149065 0.0131456 0.013381 0.00983305 0.00983305 0.00983305 0.053823 
2001 0 0.0289233 0.0221984 0.0425789 0.316221 0.109081 0.0851954 0.120728 0.082685 0.013895 0.0210855 0.0102659 0.0154637 0.0144668 0.0152829 0.0107238 0.0027999 0.00610573 0.00331528 0.0020126 0.0769719 
2002 0 0.00497703 0.0631805 0.0957342 0.102615 0.301417 0.0797265 0.0711033 0.0837244 0.072245 0.0147373 0.0116523 0.010101 0.0184523 0.037267 0.0107431 0.0070679 0.0116035 0.00365191 0 0 
2003 0 0.0130424 0.0302519 0.10141 0.0630592 0.0992573 0.215779 0.12092 0.0383571 0.0664483 0.121381 0.00643255 0.0474031 0.0213973 0.0269048 0.0232925 0.00466404 0 0 0 0 
2004 0 0.033861 0.049954 0.0613942 0.220753 0.215225 0.0730203 0.174959 0.0484108 0.0454413 0.0430182 0.0112398 0.00371872 0 0.00522298 0.0120404 0 0.00174099 0 0 0 
2005 0 0 0.0359285 0.0790078 0.0812306 0.1263 0.120359 0.0790574 0.142211 0.0806893 0.0425335 0.034388 0.0378813 0.0212356 0.0143532 0.0356697 0.00526207 0.00840068 0.00431359 0.014262 0.0369169 
2006 0 0.000900054 0.011793 0.0362974 0.159219 0.0287528 0.619019 0.0414554 0.0195747 0.0271871 0.00757683 0.00823198 0.00630004 0.0107787 0.000303835 0.000881155 0 0.00404082 0.000961534 0.00173196 0.0149947 
2007 0 0 0.0233248 0.0735994 0.138629 0.12455 0.0685332 0.116605 0.134591 0.0454827 0.112272 0.0512246 0.0239823 0.0331472 0.0448677 0 0 0 0 0 0.00919108 
2008 0 0.00180005 0.00223405 0.00648098 0.0230544 0.023377 0.0274454 0.0213152 0.014378 0.00789425 0.00506171 0.0179747 0.00282583 0.00231817 0.00220243 0.00192173 0.00269461 0.00233932 0.00542275 0.0803704 0.748889 
2009 0 0.0150759 0.0211601 0.0279616 0.0876733 0.135955 0.13714 0.139048 0.046145 0.0519498 0.049369 0.0171227 0.128211 0.0254784 0.0172115 0.0390186 0.0185069 0.00841393 0.00192176 0 0.0326376 
2010 0 0.0516762 0.0197233 0.0833017 0.0591916 0.15271 0.150645 0.146677 0.0751099 0.0392706 0.0437597 0.0586196 0.0254651 0.0594738 0.00357889 0.0135302 0.0100042 0.00363174 0.00363174 0 0 
2011 0 0.0238042 0.0739156 0.0642435 0.163247 0.0694334 0.141872 0.0858792 0.0653758 0.0722515 0.0272775 0.0385922 0.0246999 0.0166812 0.037545 0.00161309 0 0.0127679 0.01331 0.00577693 0.061714 
2012 0 0.022544 0.107579 0.250261 0.0322008 0.0412061 0.0136377 0.0722796 0.118493 0.0812209 0.0965031 0.0466137 0.036134 0.0184206 0.0062386 0.0303354 0.0105687 0 0 0 0.0157634 
2013 0 0.00726325 0.0736342 0.211917 0.205285 0.0259336 0.0823002 0.0273303 0.0634438 0.0749069 0.0972686 0.0205056 0.0249876 0.0457608 0.0113294 0.0136079 0 0 0.00194007 0.00129338 0.0112915 
end_table
table error_values
1990 0 0 0 0 0 0 0 0 0 0 0 0 0 0 0 0 0 0 0 0 0 
1991 0 0 0 0 0 0 0 0 0 0 0 0 0 0 0 0 0 0 0 0 0 
1992 0 0 0 0 0 0 0 0 0 0 0 0 0 0 0 0 0 0 0 0 0 
1993 0 0 0 0 0 0 0 0 0 0 0 0 0 0 0 0 0 0 0 0 0 
1994 0 0 0 0 0 0 0 0 0 0 0 0 0 0 0 0 0 0 0 0 0 
1995 0 0 0 0 0 0 0 0 0 0 0 0 0 0 0 0 0 0 0 0 0 
1996 0 0 0 0 0 0 0 0 0 0 0 0 0 0 0 0 0 0 0 0 0 
1997 0 0 0 0 0 0 0 0 0 0 0 0 0 0 0 0 0 0 0 0 0 
1998 0 0 0 0 0 0 0 0 0 0 0 0 0 0 0 0 0 0 0 0 0 
1999 0 0 0 0 0 0 0 0 0 0 0 0 0 0 0 0 0 0 0 0 0 
2000 0 0 0 0 0 0 0 0 0 0 0 0 0 0 0 0 0 0 0 0 0 
2001 0 0 0 0 0 0 0 0 0 0 0 0 0 0 0 0 0 0 0 0 0 
2002 0 0 0 0 0 0 0 0 0 0 0 0 0 0 0 0 0 0 0 0 0 
2003 0 0 0 0 0 0 0 0 0 0 0 0 0 0 0 0 0 0 0 0 0 
2004 0 0 0 0 0 0 0 0 0 0 0 0 0 0 0 0 0 0 0 0 0 
2005 0 0 0 0 0 0 0 0 0 0 0 0 0 0 0 0 0 0 0 0 0 
2006 0 0 0 0 0 0 0 0 0 0 0 0 0 0 0 0 0 0 0 0 0 
2007 0 0 0 0 0 0 0 0 0 0 0 0 0 0 0 0 0 0 0 0 0 
2008 0 0 0 0 0 0 0 0 0 0 0 0 0 0 0 0 0 0 0 0 0 
2009 0 0 0 0 0 0 0 0 0 0 0 0 0 0 0 0 0 0 0 0 0 
2010 0 0 0 0 0 0 0 0 0 0 0 0 0 0 0 0 0 0 0 0 0 
2011 0 0 0 0 0 0 0 0 0 0 0 0 0 0 0 0 0 0 0 0 0 
2012 0 0 0 0 0 0 0 0 0 0 0 0 0 0 0 0 0 0 0 0 0 
2013 0 0 0 0 0 0 0 0 0 0 0 0 0 0 0 0 0 0 0 0 0 
end_table

