@observation BP_age_sample_sim
age_samples_per_cluster 10 
ageing_error age_error 
average_cluster_weight 6 
cluster_cv 0.6 
cluster_sigma 1.1 
fishery_label Fishing_LL 
layer_of_stratum_definitions area_definition 
max_age 20 
min_age 0 
process_label fishing 
strata_to_include BP 
type mortality_event_biomass_age_clusters 
years 1990 1991 1992 1993 1994 1995 1996 1997 1998 1999 2000 2001 2002 2003 2004 2005 2006 2007 2008 2009 2010 2011 2012 2013 
table obs
1990 0 0.0165006 0.0344661 0.0514172 0.0934896 0.0907641 0.0958018 0.112495 0.0710948 0.0720433 0.0756603 0.0705413 0.0318069 0.0162305 0.023285 0.0289165 0.0114855 0.0103183 0.0109926 0.0112974 0.071393 
1991 0 0.00251936 0.0488579 0.0499329 0.081817 0.0784098 0.0877583 0.090372 0.0875753 0.0862104 0.0348246 0.0389544 0.0350026 0.0264547 0.0346355 0.0319297 0.0224818 0.0323096 0.00612753 0.0101548 0.113672 
1992 0 0 0.0122624 0.0554327 0.125218 0.10983 0.121454 0.103645 0.0674717 0.0566438 0.0551873 0.0478176 0.0172372 0.0346149 0.0375409 0.0204959 0.0102058 0.0100864 0.00336213 0 0.111494 
1993 0 0.00713932 0.0188528 0.0840679 0.0971207 0.0719973 0.0809412 0.0563755 0.0541145 0.0630555 0.0727191 0.0494603 0.0339716 0.0560808 0.0385645 0.0402378 0.0201546 0.0231795 0.0337262 0.0112532 0.0869877 
1994 0 0.0175434 0.00893813 0.042764 0.139825 0.0992211 0.0808539 0.0883825 0.134275 0.0490685 0.0482248 0.048711 0.0237432 0.00885043 0.0126339 0.0164653 0.0164331 0.0180953 0.0092439 0.00585816 0.130869 
1995 0 0.0199352 0.134797 0.0366369 0.0970345 0.108865 0.112691 0.0807899 0.0647255 0.0297573 0.022727 0.0207525 0.0321814 0.0447348 0.0339893 0.0339198 0.023059 0.0214778 0.0192721 0.0132903 0.0493642 
1996 0 0.00246337 0.0812603 0.198483 0.0414626 0.0487279 0.0396182 0.0248311 0.0301371 0.0465387 0.0486914 0.057133 0.0600552 0.0466337 0.0256571 0.0399402 0.0599561 0.0346613 0.0331508 0.0161006 0.0644983 
1997 0 0.00128646 0.019802 0.115641 0.185523 0.061767 0.0940415 0.069506 0.0518298 0.0405791 0.0412748 0.0381913 0.0296192 0.0202231 0.0178706 0.0171359 0.0294881 0.0255647 0.0251411 0.00996337 0.105552 
1998 0 0.00401066 0.0034536 0.00841137 0.0131473 0.019173 0.00328397 0.00583358 0.00389282 0.00673496 0.00364146 0.00071213 0.000503871 0.000324525 0.000258652 0 0.00043628 0.00043628 0.00043628 0.00087256 0.924437 
1999 0 0.00155572 0.0627365 0.0670267 0.161996 0.215123 0.234033 0.0295007 0.018712 0.0327832 0.0239466 0.0228603 0.0124513 0.0175655 0.026262 0.0163858 0.0088796 0.00783418 0.00592138 0.00119533 0.033231 
2000 0 0.00496815 0.0423367 0.335897 0.141336 0.0928489 0.122285 0.0789417 0.00706501 0.0116626 0.00773125 0.00709823 0.00788554 0.0331869 0.0259863 0.0109116 0.00404922 0 0 0 0.0658098 
2001 0 0.0141697 0.0714175 0.0680934 0.346919 0.0821327 0.098602 0.146436 0.105205 0 0.00352873 0.00529309 0.00136657 0.00273314 0.00409971 0.00136657 0.00136657 0.00136657 0.0038792 0.00833849 0.0336855 
2002 0 0.016299 0.0654428 0.112868 0.0995079 0.253184 0.0632167 0.0636667 0.0721773 0.0768564 0.00103595 0.0062471 0.0488817 0.00870251 0.00318897 0.00159449 0 0 0.00174862 0.0121572 0.0932246 
2003 0 0.00552191 0.00788048 0.0842581 0.131737 0.0743212 0.18668 0.0870522 0.0680972 0.0934958 0.133022 0.00133539 0.000916321 0.0148602 0.00629361 0.00676658 0.00768769 0.0190724 0 0.00593201 0.0650705 
2004 0 0.0183152 0.057606 0.0833946 0.19296 0.138055 0.0573682 0.223352 0.037927 0.0384235 0.0362905 0.0524419 0.0026386 0.00655224 0.005618 0.00323987 0.00487423 0.00465496 0.0113234 0.0030931 0.0218719 
2005 0 0.0136595 0.0459319 0.101282 0.097012 0.180399 0.069426 0.0346749 0.145043 0.0603791 0.077745 0.0368804 0.0438809 0.0118671 0.00882189 0.0077578 0.00608437 0.00777217 0 0.00566115 0.0457225 
2006 0 0.0133643 0.0350915 0.138456 0.271657 0.129711 0.201804 0.0417942 0.0162121 0.0614685 0.022081 0.0143113 0.0188156 0.019518 0.000721216 0 0.00270051 0.00360069 0.00180034 0 0.00689229 
2007 0 0 0.0386972 0.0576426 0.145333 0.162835 0.0631923 0.0757743 0.0760354 0.0266993 0.18353 0.0277267 0.0509653 0.0214941 0.0281063 0.0057392 0.00442046 0.00442046 0.00442046 0.00315178 0.0198162 
2008 0 0 0.00182112 0.0138046 0.0224457 0.0232885 0.0293239 0.00975214 0.0126334 0.0107528 0.00291778 0.00389072 0.00272403 0.00313175 0.00374736 0.00314674 0.000181195 0.00036239 0 0 0.856076 
2009 0 0.00957513 0.0499295 0.041197 0.107851 0.194309 0.135144 0.0824633 0.0930493 0.106854 0.0395598 0.0465261 0.0495794 0.023042 0 0.00474457 0.00422686 0.00127356 0.00382069 0 0.00685394 
2010 0 0.102883 0.024326 0.117182 0.0459368 0.111079 0.120753 0.119967 0.109945 0.0705999 0.0452452 0.0217224 0.0132297 0.0466726 0.00283114 0.0135999 0.0257595 0.00826798 0 0 0 
2011 0 0.0307833 0.0745885 0.0393614 0.141884 0.06935 0.0872699 0.100798 0.0951418 0.0928143 0.0459177 0.0401371 0.0323368 0.00686108 0.0305568 0.0208846 0.0182085 0.0208836 0.031019 0.00432314 0.0168794 
2012 0 0.0244226 0.0928209 0.170228 0.0308884 0.0771136 0.0129153 0.0242302 0.0702671 0.107102 0.0825599 0.0261267 0.0422954 0.0480378 0.0370906 0.0764549 0.0184871 0.034874 0.0180461 0.00163646 0.00440233 
2013 0 0.00530868 0.0799965 0.223819 0.24408 0.0403355 0.094558 0.0354603 0.0490769 0.0449351 0.0471947 0.0305846 0.0487314 0.020133 0.00117536 0.00392307 0.0162594 0.00567403 0.00350191 0.00350191 0.00175096 
end_table
table error_values
1990 0 0 0 0 0 0 0 0 0 0 0 0 0 0 0 0 0 0 0 0 0 
1991 0 0 0 0 0 0 0 0 0 0 0 0 0 0 0 0 0 0 0 0 0 
1992 0 0 0 0 0 0 0 0 0 0 0 0 0 0 0 0 0 0 0 0 0 
1993 0 0 0 0 0 0 0 0 0 0 0 0 0 0 0 0 0 0 0 0 0 
1994 0 0 0 0 0 0 0 0 0 0 0 0 0 0 0 0 0 0 0 0 0 
1995 0 0 0 0 0 0 0 0 0 0 0 0 0 0 0 0 0 0 0 0 0 
1996 0 0 0 0 0 0 0 0 0 0 0 0 0 0 0 0 0 0 0 0 0 
1997 0 0 0 0 0 0 0 0 0 0 0 0 0 0 0 0 0 0 0 0 0 
1998 0 0 0 0 0 0 0 0 0 0 0 0 0 0 0 0 0 0 0 0 0 
1999 0 0 0 0 0 0 0 0 0 0 0 0 0 0 0 0 0 0 0 0 0 
2000 0 0 0 0 0 0 0 0 0 0 0 0 0 0 0 0 0 0 0 0 0 
2001 0 0 0 0 0 0 0 0 0 0 0 0 0 0 0 0 0 0 0 0 0 
2002 0 0 0 0 0 0 0 0 0 0 0 0 0 0 0 0 0 0 0 0 0 
2003 0 0 0 0 0 0 0 0 0 0 0 0 0 0 0 0 0 0 0 0 0 
2004 0 0 0 0 0 0 0 0 0 0 0 0 0 0 0 0 0 0 0 0 0 
2005 0 0 0 0 0 0 0 0 0 0 0 0 0 0 0 0 0 0 0 0 0 
2006 0 0 0 0 0 0 0 0 0 0 0 0 0 0 0 0 0 0 0 0 0 
2007 0 0 0 0 0 0 0 0 0 0 0 0 0 0 0 0 0 0 0 0 0 
2008 0 0 0 0 0 0 0 0 0 0 0 0 0 0 0 0 0 0 0 0 0 
2009 0 0 0 0 0 0 0 0 0 0 0 0 0 0 0 0 0 0 0 0 0 
2010 0 0 0 0 0 0 0 0 0 0 0 0 0 0 0 0 0 0 0 0 0 
2011 0 0 0 0 0 0 0 0 0 0 0 0 0 0 0 0 0 0 0 0 0 
2012 0 0 0 0 0 0 0 0 0 0 0 0 0 0 0 0 0 0 0 0 0 
2013 0 0 0 0 0 0 0 0 0 0 0 0 0 0 0 0 0 0 0 0 0 
end_table

