@observation BP_age_sample_sim
age_samples_per_cluster 10 
ageing_error age_error 
average_cluster_weight 6 
cluster_cv 0.6 
cluster_sigma 1.1 
fishery_label Fishing_LL 
layer_of_stratum_definitions area_definition 
process_label fishing 
strata_to_include BP 
type mortality_event_biomass_age_clusters 
years 1990 1991 1992 1993 1994 1995 1996 1997 1998 1999 2000 2001 2002 2003 2004 2005 2006 2007 2008 2009 2010 2011 2012 2013 
table obs
1990 0.137937 0.0600683 0.0936399 0.173777 0.167943 0.114787 0.100755 0.0583355 0.025475 0.0353673 0.0130857 0.0188298 0 0 0 0 0 0 0 0 0 0 0 0 0 0 0 0 0 0 0 0 0 0 0 0 0 0 0 0 
1991 0.113061 0.173017 0.224366 0.0755073 0.0838126 0.0988949 0.0792074 0.0375671 0.0463992 0.0290154 0.00992281 0.0011065 0.000553252 0.00306324 0 0.00612648 0.00306324 0.012253 0.00306324 0 0 0 0 0 0 0 0 0 0 0 0 0 0 0 0 0 0 0 0 0 
1992 0.148607 0.0675266 0.273488 0.12561 0.101957 0.0795973 0.0608452 0.0509752 0.00947213 0.0182245 0.014025 0.010761 0.0166692 0.00304619 0 0 0.00426553 0.00853105 0.00639829 0 0 0 0 0 0 0 0 0 0 0 0 0 0 0 0 0 0 0 0 0 
1993 0.117199 0.182909 0.074244 0.160535 0.125173 0.100089 0.0634365 0.033015 0.0188041 0.00931334 0.0331746 0.0184827 0.00457505 0.00793332 0.0178211 0.00626612 0.00939918 0 0 0 0 0 0.00195881 0.0137117 0.00195881 0 0 0 0 0 0 0 0 0 0 0 0 0 0 0 
1994 0.215905 0.0579985 0.128878 0.0652221 0.194517 0.0448216 0.0535905 0.0393438 0.0500505 0.085671 0.0307833 0.0202024 0.0110729 0.00194345 0 0 0 0 0 0 0 0 0 0 0 0 0 0 0 0 0 0 0 0 0 0 0 0 0 0 
1995 0.171029 0.271536 0.0693143 0.0635607 0.0584436 0.0999249 0.0547335 0.0118728 0.0215853 0.0229234 0.0195077 0.0118019 0.0475363 0.0475363 0.0110463 0.00335103 0.00335103 0 0.00121624 0.00243247 0 0 0.00121624 0.00608118 0 0 0 0 0 0 0 0 0 0 0 0 0 0 0 0 
1996 0.115767 0.155026 0.294121 0.10226 0.105837 0.0187783 0.0958725 0.0705987 0.0080342 0 0 0 0 0 0 0.00749007 0 0.0224702 0 0 0.00374504 0 0 0 0 0 0 0 0 0 0 0 0 0 0 0 0 0 0 0 
1997 0.20823 0.0696542 0.1171 0.1475 0.0702399 0.159994 0.0262171 0.0512569 0.0264066 0.0254801 0.0096578 0.00767283 0.0112583 0.0172872 0.0354499 0 0.00331895 0.00995685 0.00331895 0 0 0 0 0 0 0 0 0 0 0 0 0 0 0 0 0 0 0 0 0 
1998 0.287112 0.166445 0.146557 0.143226 0.180672 0.0427585 0.0189009 0.00632364 0.0080051 0 0 0 0 0 0 0 0 0 0 0 0 0 0 0 0 0 0 0 0 0 0 0 0 0 0 0 0 0 0 0 
1999 0.223857 0.446068 0.147781 0.0294227 0.0290344 0.0726264 0.0122092 0 0 0.0150664 0 0 0 0 0 0.00531896 0.00531896 0.0106379 0.00265948 0 0 0 0 0 0 0 0 0 0 0 0 0 0 0 0 0 0 0 0 0 
2000 0.2197 0.184501 0.345692 0.118696 0.0354517 0.054904 0.0362558 0.0047993 0 0 0 0 0 0 0 0 0 0 0 0 0 0 0 0 0 0 0 0 0 0 0 0 0 0 0 0 0 0 0 0 
2001 0.255071 0.203297 0.120987 0.261402 0.0521998 0.0626677 0.0264698 0.00979374 0.00811227 0 0 0 0 0 0 0 0 0 0 0 0 0 0 0 0 0 0 0 0 0 0 0 0 0 0 0 0 0 0 0 
2002 0.172736 0.373896 0.146598 0.0524711 0.139033 0.0423723 0.0128834 0.0111502 0.0089758 0.00511199 0.0270495 0.00168941 0.00301639 0.00301639 0 0 0 0 0 0 0 0 0 0 0 0 0 0 0 0 0 0 0 0 0 0 0 0 0 0 
2003 0.415307 0.113776 0.274328 0.0805205 0.00984844 0.0615466 0.0229028 0.00287316 0.0188969 0 0 0 0 0 0 0 0 0 0 0 0 0 0 0 0 0 0 0 0 0 0 0 0 0 0 0 0 0 0 0 
2004 0.313663 0.282579 0.106606 0.167192 0.0474682 0.0286757 0.0538159 0 0 0 0 0 0 0 0 0 0 0 0 0 0 0 0 0 0 0 0 0 0 0 0 0 0 0 0 0 0 0 0 0 
2005 0.0863766 0.174687 0.209156 0.0901452 0.215184 0.0786409 0.0482711 0.0919978 0.00554187 0 0 0 0 0 0 0 0 0 0 0 0 0 0 0 0 0 0 0 0 0 0 0 0 0 0 0 0 0 0 0 
2006 0.220567 0.0438984 0.212953 0.212936 0.0927367 0.11145 0.0375375 0.0199798 0.0304857 0.0174567 0 0 0 0 0 0 0 0 0 0 0 0 0 0 0 0 0 0 0 0 0 0 0 0 0 0 0 0 0 0 
2007 0.114978 0.123235 0.0373971 0.201159 0.218051 0.0705097 0.0828862 0.0584201 0.0343133 0.0590519 0 0 0 0 0 0 0 0 0 0 0 0 0 0 0 0 0 0 0 0 0 0 0 0 0 0 0 0 0 0 
2008 0.543954 0.0875216 0.071959 0.00714938 0.103233 0.0719565 0.0206039 0.032716 0.0168123 0.00713574 0.0369592 0 0 0 0 0 0 0 0 0 0 0 0 0 0 0 0 0 0 0 0 0 0 0 0 0 0 0 0 0 
2009 0.169643 0.254443 0.0693934 0.0629184 0.0353002 0.0907401 0.100703 0.035764 0.101693 0.0185258 0.0232432 0.014864 0.0227696 0 0 0 0 0 0 0 0 0 0 0 0 0 0 0 0 0 0 0 0 0 0 0 0 0 0 0 
2010 0.242064 0.126068 0.369889 0.0429528 0.0679506 0.00392568 0.0553332 0.0316432 0.0183639 0.0181114 0.00926374 0.00752885 0.00230197 0.00460394 0 0 0 0 0 0 0 0 0 0 0 0 0 0 0 0 0 0 0 0 0 0 0 0 0 0 
2011 0.254236 0.118302 0.0677131 0.402844 0.0286726 0.0126057 0.00199879 0 0.0197338 0.0026709 0.03268 0.0026709 0.0106836 0.0225945 0.00564863 0.0169459 0 0 0 0 0 0 0 0 0 0 0 0 0 0 0 0 0 0 0 0 0 0 0 0 
2012 0.183309 0.272955 0.140126 0.0923749 0.245935 0.0236983 0.0246656 0 0.00564536 0.0112907 0 0 0 0 0 0 0 0 0 0 0 0 0 0 0 0 0 0 0 0 0 0 0 0 0 0 0 0 0 0 
2013 0.143719 0.0962717 0.204765 0.0986284 0.0700491 0.255092 0.015302 0.00893347 0.00542196 0.0346891 0.0285639 0.00627352 0.00604854 0.0107673 0.0107673 0.004708 0 0 0 0 0 0 0 0 0 0 0 0 0 0 0 0 0 0 0 0 0 0 0 0 
end_table
table error_values
1990 0 0 0 0 0 0 0 0 0 0 0 0 0 0 0 0 0 0 0 0 0 0 0 0 0 0 0 0 0 0 0 0 0 0 0 0 0 0 0 0 
1991 0 0 0 0 0 0 0 0 0 0 0 0 0 0 0 0 0 0 0 0 0 0 0 0 0 0 0 0 0 0 0 0 0 0 0 0 0 0 0 0 
1992 0 0 0 0 0 0 0 0 0 0 0 0 0 0 0 0 0 0 0 0 0 0 0 0 0 0 0 0 0 0 0 0 0 0 0 0 0 0 0 0 
1993 0 0 0 0 0 0 0 0 0 0 0 0 0 0 0 0 0 0 0 0 0 0 0 0 0 0 0 0 0 0 0 0 0 0 0 0 0 0 0 0 
1994 0 0 0 0 0 0 0 0 0 0 0 0 0 0 0 0 0 0 0 0 0 0 0 0 0 0 0 0 0 0 0 0 0 0 0 0 0 0 0 0 
1995 0 0 0 0 0 0 0 0 0 0 0 0 0 0 0 0 0 0 0 0 0 0 0 0 0 0 0 0 0 0 0 0 0 0 0 0 0 0 0 0 
1996 0 0 0 0 0 0 0 0 0 0 0 0 0 0 0 0 0 0 0 0 0 0 0 0 0 0 0 0 0 0 0 0 0 0 0 0 0 0 0 0 
1997 0 0 0 0 0 0 0 0 0 0 0 0 0 0 0 0 0 0 0 0 0 0 0 0 0 0 0 0 0 0 0 0 0 0 0 0 0 0 0 0 
1998 0 0 0 0 0 0 0 0 0 0 0 0 0 0 0 0 0 0 0 0 0 0 0 0 0 0 0 0 0 0 0 0 0 0 0 0 0 0 0 0 
1999 0 0 0 0 0 0 0 0 0 0 0 0 0 0 0 0 0 0 0 0 0 0 0 0 0 0 0 0 0 0 0 0 0 0 0 0 0 0 0 0 
2000 0 0 0 0 0 0 0 0 0 0 0 0 0 0 0 0 0 0 0 0 0 0 0 0 0 0 0 0 0 0 0 0 0 0 0 0 0 0 0 0 
2001 0 0 0 0 0 0 0 0 0 0 0 0 0 0 0 0 0 0 0 0 0 0 0 0 0 0 0 0 0 0 0 0 0 0 0 0 0 0 0 0 
2002 0 0 0 0 0 0 0 0 0 0 0 0 0 0 0 0 0 0 0 0 0 0 0 0 0 0 0 0 0 0 0 0 0 0 0 0 0 0 0 0 
2003 0 0 0 0 0 0 0 0 0 0 0 0 0 0 0 0 0 0 0 0 0 0 0 0 0 0 0 0 0 0 0 0 0 0 0 0 0 0 0 0 
2004 0 0 0 0 0 0 0 0 0 0 0 0 0 0 0 0 0 0 0 0 0 0 0 0 0 0 0 0 0 0 0 0 0 0 0 0 0 0 0 0 
2005 0 0 0 0 0 0 0 0 0 0 0 0 0 0 0 0 0 0 0 0 0 0 0 0 0 0 0 0 0 0 0 0 0 0 0 0 0 0 0 0 
2006 0 0 0 0 0 0 0 0 0 0 0 0 0 0 0 0 0 0 0 0 0 0 0 0 0 0 0 0 0 0 0 0 0 0 0 0 0 0 0 0 
2007 0 0 0 0 0 0 0 0 0 0 0 0 0 0 0 0 0 0 0 0 0 0 0 0 0 0 0 0 0 0 0 0 0 0 0 0 0 0 0 0 
2008 0 0 0 0 0 0 0 0 0 0 0 0 0 0 0 0 0 0 0 0 0 0 0 0 0 0 0 0 0 0 0 0 0 0 0 0 0 0 0 0 
2009 0 0 0 0 0 0 0 0 0 0 0 0 0 0 0 0 0 0 0 0 0 0 0 0 0 0 0 0 0 0 0 0 0 0 0 0 0 0 0 0 
2010 0 0 0 0 0 0 0 0 0 0 0 0 0 0 0 0 0 0 0 0 0 0 0 0 0 0 0 0 0 0 0 0 0 0 0 0 0 0 0 0 
2011 0 0 0 0 0 0 0 0 0 0 0 0 0 0 0 0 0 0 0 0 0 0 0 0 0 0 0 0 0 0 0 0 0 0 0 0 0 0 0 0 
2012 0 0 0 0 0 0 0 0 0 0 0 0 0 0 0 0 0 0 0 0 0 0 0 0 0 0 0 0 0 0 0 0 0 0 0 0 0 0 0 0 
2013 0 0 0 0 0 0 0 0 0 0 0 0 0 0 0 0 0 0 0 0 0 0 0 0 0 0 0 0 0 0 0 0 0 0 0 0 0 0 0 0 
end_table

