@observation BP_age_sample_sim
age_samples_per_cluster 10 
ageing_error age_error 
average_cluster_weight 6 
cluster_cv 0.6 
cluster_sigma 1.1 
fishery_label Fishing_LL 
layer_of_stratum_definitions area_definition 
max_age 20 
min_age 0 
process_label fishing 
strata_to_include BP 
type mortality_event_biomass_age_clusters 
years 1990 1991 1992 1993 1994 1995 1996 1997 1998 1999 2000 2001 2002 2003 2004 2005 2006 2007 2008 2009 2010 2011 2012 2013 
table obs
1990 0 0 0.0365306 0.0489483 0.0933821 0.150369 0.0806897 0.0884531 0.0771562 0.0689818 0.0583716 0.041924 0.0258546 0.0217814 0.0151828 0.0187275 0.0137783 0.0111371 0.00617077 0.0130818 0.12948 
1991 0 0.00668918 0.0205551 0.0413908 0.0822631 0.0692187 0.0865189 0.107198 0.0794303 0.0853842 0.0721112 0.0471912 0.0315707 0.0165828 0.0431575 0.0359888 0.00791623 0.0257777 0.01193 0.0234164 0.105709 
1992 0 0 0.0414376 0.0506487 0.104124 0.082259 0.0999471 0.0779632 0.0623932 0.0513802 0.0470947 0.0458256 0.0366166 0.0344367 0.0153487 0.0134395 0.0223142 0.0223993 0.0299176 0.01758 0.144874 
1993 0 0.016117 0.0228933 0.11131 0.100025 0.100928 0.0528279 0.0508083 0.0492366 0.0743406 0.046427 0.0367767 0.0428997 0.0200684 0.0236327 0.0218809 0.0200031 0.0343097 0.0228678 0.0070938 0.145553 
1994 0 0.0195119 0.0181602 0.035497 0.0589068 0.0955894 0.101646 0.10453 0.0559893 0.0523819 0.0648558 0.0482064 0.0472647 0.030048 0.0397335 0.0359979 0.0449015 0.024917 0.0131623 0.0152286 0.0934712 
1995 0 0.0210624 0.0983222 0.0412879 0.113547 0.113724 0.0974821 0.0553217 0.0398238 0.0281245 0.048657 0.0265469 0.0150392 0.0215073 0.0272426 0.0207254 0.0171116 0.0440298 0.0385191 0.0223786 0.109548 
1996 0 0.00145052 0.0486623 0.23709 0.0398408 0.060694 0.0441498 0.0633067 0.0478776 0.043898 0.0249211 0.0823941 0.0593419 0.0342943 0.0174903 0.00578802 0 0.00641244 0.00677323 0.0161618 0.159453 
1997 0 0.00393791 0.0449735 0.166675 0.258137 0.105641 0.0358625 0.0539934 0.0502286 0.0541482 0.021365 0.0299106 0.0316245 0.0296825 0.017731 0.0159835 0 0 0.00655983 0.00429975 0.0692463 
1998 0 0.0118921 0.0105127 0.0265641 0.0625803 0.0654358 0.0118453 0.0166157 0.0108909 0.00949446 0.00592748 0.00560564 0.00196818 0 0.00113202 0 0 0.00211341 0.00238774 0.00392869 0.751105 
1999 0 0.0153859 0.120981 0.122717 0.118889 0.196888 0.229602 0.0209464 0.0236989 0.0299531 0.0297256 0.00752123 0.0195883 0.0107689 0.0116258 0.00781592 0.00701801 0.0136292 0.00551263 0.00152256 0.0062107 
2000 0 0.0120405 0.0247864 0.30071 0.0892385 0.0969914 0.137755 0.141399 0.0175835 0.0203782 0.00611192 0.00757084 0.00582145 0 0.00301649 0.00452474 0.00603298 0 0 0 0.12604 
2001 0 0.00666712 0.0362542 0.0825391 0.348767 0.0653665 0.0782986 0.14175 0.12216 0.0119161 0.0128451 0.00726619 0.00398962 0 0 0.000704995 0 0.00281998 0.00140999 0.00140999 0.0758343 
2002 0 0.00323398 0.135771 0.143525 0.159154 0.300383 0.050891 0.0442447 0.0477508 0.0476758 0 0.000747262 0.0179922 0.0116011 0.00343595 0.00753803 0.00302301 0.01326 0 0.00292485 0.00684806 
2003 0 0.0212879 0.0313656 0.0672875 0.121197 0.0635063 0.319544 0.0917789 0.070118 0.088495 0.0735689 0.00113649 0.00227298 0.00693406 0.00266463 0.00141304 0.00808887 0.0155045 0.00333792 0.00141304 0.00908505 
2004 0 0.0227871 0.0635112 0.0575242 0.15504 0.16114 0.077723 0.184254 0.0763375 0.0540102 0.064573 0.0323013 0.0048248 0.00689017 0.00602351 0.00577775 0.000866657 0 0.00567974 0.00110656 0.0196289 
2005 0 0.0187088 0.0208164 0.0951781 0.105308 0.106778 0.0867109 0.0606467 0.160112 0.0637055 0.0545005 0.0318665 0.0278487 0.0174001 0.027381 0.110166 0.0128732 0 0 0 0 
2006 0 0.01415 0.0256197 0.127185 0.28872 0.149343 0.133639 0.0573763 0.0370557 0.0351013 0.0330386 0.0140861 0.0249991 0.0237247 0.0027451 0.00554093 0.013827 0.0027451 0.000441601 0 0.0106611 
2007 0 0 0.00783004 0.0555485 0.133937 0.137687 0.0426305 0.0943372 0.0901627 0.0520353 0.0970977 0.0186199 0.0155745 0.0373034 0.146801 0 0 0.00388437 0.00517916 0.012091 0.0492811 
2008 0 0 0.000955758 0.00772074 0.0263824 0.0290777 0.0356503 0.0147582 0.015083 0.00623876 0.0032596 0.0162425 0.0030343 0.00363825 0.00222078 0.00222052 0.00114753 0.000265429 0 0 0.832104 
2009 0 0.00423215 0.0251695 0.0287125 0.135295 0.201815 0.129575 0.118222 0.0772252 0.0444369 0.028821 0.0288821 0.0406743 0.00817066 0 0.0259252 0.030946 0.00256826 0.00256826 0 0.0667605 
2010 0 0.0211707 0.0301041 0.117376 0.0582045 0.134986 0.12064 0.0803668 0.0813994 0.0401686 0.0925607 0.0532048 0.0302019 0.0567893 0.00421831 0.0166841 0.0183665 0.0333273 0 0 0.0102306 
2011 0 0.0596242 0.13992 0.0466629 0.0878868 0.0911677 0.0980328 0.139253 0.0862782 0.0557749 0.0145612 0.01301 0.0137321 0.0110554 0.0264538 0.0134218 0.0227906 0.0307847 0.0248328 0.00277616 0.0219804 
2012 0 0.0505669 0.17105 0.222316 0.0455755 0.0730174 0.00873619 0.0536869 0.0729297 0.0719751 0.0436378 0.0448168 0.0282948 0.0162194 0.0301498 0.0453297 0.00209283 0.00931955 0.00685721 0.00342861 0 
2013 0 0.020593 0.057613 0.232638 0.276397 0.0450465 0.0734766 0.0124883 0.0403884 0.0444625 0.0507997 0.0254467 0.0146079 0.0135271 0.00123302 0.0221102 0.0426428 0.014053 0.0054493 0.0070265 0 
end_table
table error_values
1990 0 0 0 0 0 0 0 0 0 0 0 0 0 0 0 0 0 0 0 0 0 
1991 0 0 0 0 0 0 0 0 0 0 0 0 0 0 0 0 0 0 0 0 0 
1992 0 0 0 0 0 0 0 0 0 0 0 0 0 0 0 0 0 0 0 0 0 
1993 0 0 0 0 0 0 0 0 0 0 0 0 0 0 0 0 0 0 0 0 0 
1994 0 0 0 0 0 0 0 0 0 0 0 0 0 0 0 0 0 0 0 0 0 
1995 0 0 0 0 0 0 0 0 0 0 0 0 0 0 0 0 0 0 0 0 0 
1996 0 0 0 0 0 0 0 0 0 0 0 0 0 0 0 0 0 0 0 0 0 
1997 0 0 0 0 0 0 0 0 0 0 0 0 0 0 0 0 0 0 0 0 0 
1998 0 0 0 0 0 0 0 0 0 0 0 0 0 0 0 0 0 0 0 0 0 
1999 0 0 0 0 0 0 0 0 0 0 0 0 0 0 0 0 0 0 0 0 0 
2000 0 0 0 0 0 0 0 0 0 0 0 0 0 0 0 0 0 0 0 0 0 
2001 0 0 0 0 0 0 0 0 0 0 0 0 0 0 0 0 0 0 0 0 0 
2002 0 0 0 0 0 0 0 0 0 0 0 0 0 0 0 0 0 0 0 0 0 
2003 0 0 0 0 0 0 0 0 0 0 0 0 0 0 0 0 0 0 0 0 0 
2004 0 0 0 0 0 0 0 0 0 0 0 0 0 0 0 0 0 0 0 0 0 
2005 0 0 0 0 0 0 0 0 0 0 0 0 0 0 0 0 0 0 0 0 0 
2006 0 0 0 0 0 0 0 0 0 0 0 0 0 0 0 0 0 0 0 0 0 
2007 0 0 0 0 0 0 0 0 0 0 0 0 0 0 0 0 0 0 0 0 0 
2008 0 0 0 0 0 0 0 0 0 0 0 0 0 0 0 0 0 0 0 0 0 
2009 0 0 0 0 0 0 0 0 0 0 0 0 0 0 0 0 0 0 0 0 0 
2010 0 0 0 0 0 0 0 0 0 0 0 0 0 0 0 0 0 0 0 0 0 
2011 0 0 0 0 0 0 0 0 0 0 0 0 0 0 0 0 0 0 0 0 0 
2012 0 0 0 0 0 0 0 0 0 0 0 0 0 0 0 0 0 0 0 0 0 
2013 0 0 0 0 0 0 0 0 0 0 0 0 0 0 0 0 0 0 0 0 0 
end_table

