@observation BP_age_sample_sim
age_samples_per_cluster 10 
ageing_error age_error 
average_cluster_weight 6 
cluster_cv 0.6 
cluster_sigma 1.1 
fishery_label Fishing_LL 
layer_of_stratum_definitions area_definition 
process_label fishing 
strata_to_include BP 
type mortality_event_biomass_age_clusters 
years 1990 1991 1992 1993 1994 1995 1996 1997 1998 1999 2000 2001 2002 2003 2004 2005 2006 2007 2008 2009 2010 2011 2012 2013 
table obs
1990 0.232453 0.325839 0.158025 0.069356 0.037235 0.0205142 0.0205142 0 0.0328555 0.0328555 0 0.0328555 0.00416642 0.0166657 0.0166657 0 0 0 0 0 0 0 0 0 0 0 0 0 0 0 
1991 0.0674229 0.237505 0.201667 0.103084 0.103661 0.0130175 0.129195 0.0875779 0.0189568 0 0.0189568 0.0126379 0.00631893 0 0 0 0 0 0 0 0 0 0 0 0 0 0 0 0 0 
1992 0.187089 0.0551075 0.245455 0.135313 0.136727 0.0774504 0.0855647 0.0443615 0.0111637 0.0120934 0.00483737 0.00241868 0.00241868 0 0 0 0 0 0 0 0 0 0 0 0 0 0 0 0 0 
1993 0.183576 0.132104 0.0862749 0.280029 0.129933 0.0384496 0.0711285 0.0446773 0.0338281 0 0 0 0 0 0 0 0 0 0 0 0 0 0 0 0 0 0 0 0 0 
1994 0.264129 0.155107 0.184087 0.0476419 0.188017 0.0790863 0.0549014 0.0270292 0 0 0 0 0 0 0 0 0 0 0 0 0 0 0 0 0 0 0 0 0 0 
1995 0.194665 0.32428 0.118598 0.0562415 0.070671 0.0573082 0.135069 0.0355433 0.00762351 0 0 0 0 0 0 0 0 0 0 0 0 0 0 0 0 0 0 0 0 0 
1996 0.127187 0.339265 0.395566 0.0550388 0.0614898 0.0123339 0.0091188 0 0 0 0 0 0 0 0 0 0 0 0 0 0 0 0 0 0 0 0 0 0 0 
1997 0.307181 0.0923764 0.145577 0.121789 0.0326842 0.0244127 0.0420821 0.0773208 0.012152 0.0217744 0.0565633 0.0188544 0 0 0 0.0314885 0.0157443 0 0 0 0 0 0 0 0 0 0 0 0 0 
1998 0.638604 0.0907464 0.0516949 0.0907252 0.0871957 0.0141399 0.0173284 0 0 0.00318854 0.00318854 0.00318854 0 0 0 0 0 0 0 0 0 0 0 0 0 0 0 0 0 0 
1999 0.223089 0.455846 0.167323 0.045416 0.0486719 0.0517306 0.00792349 0 0 0 0 0 0 0 0 0 0 0 0 0 0 0 0 0 0 0 0 0 0 0 
2000 0.346953 0.174807 0.285459 0.128314 0.0196745 0.0351854 0.00960776 0 0 0 0 0 0 0 0 0 0 0 0 0 0 0 0 0 0 0 0 0 0 0 
2001 0.310054 0.244707 0.252211 0.170655 0.0111861 0.0111861 0 0 0 0 0 0 0 0 0 0 0 0 0 0 0 0 0 0 0 0 0 0 0 0 
2002 0.216137 0.393051 0.203068 0.0957441 0.0867737 0.00522604 0 0 0 0 0 0 0 0 0 0 0 0 0 0 0 0 0 0 0 0 0 0 0 0 
2003 0.304384 0.111427 0.363022 0.116217 0.0531658 0.0517841 0 0 0 0 0 0 0 0 0 0 0 0 0 0 0 0 0 0 0 0 0 0 0 0 
2004 0.226552 0.380479 0.097586 0.204949 0.0429754 0.0284752 0.0189834 0 0 0 0 0 0 0 0 0 0 0 0 0 0 0 0 0 0 0 0 0 0 0 
2005 0.0776504 0.216324 0.264097 0.127433 0.0881794 0.0503993 0.0440876 0.0265392 0.105291 0 0 0 0 0 0 0 0 0 0 0 0 0 0 0 0 0 0 0 0 0 
2006 0.129045 0.0112619 0.213022 0.151387 0.028408 0.0996835 0.184712 0.11646 0.0660212 0 0 0 0 0 0 0 0 0 0 0 0 0 0 0 0 0 0 0 0 0 
2007 0.135869 0.118297 0.0650529 0.213328 0.246496 0.0468976 0.0860343 0.0784333 0.00416488 0.00542695 0 0 0 0 0 0 0 0 0 0 0 0 0 0 0 0 0 0 0 0 
2008 0.57759 0.0178612 0.0472413 0.0362224 0.157537 0.112078 0.0249389 0.0132657 0.0132657 0 0 0 0 0 0 0 0 0 0 0 0 0 0 0 0 0 0 0 0 0 
2009 0.231375 0.472397 0.0558719 0.113119 0.0127167 0.0532018 0.0207336 0.0162341 0.0162341 0.00811704 0 0 0 0 0 0 0 0 0 0 0 0 0 0 0 0 0 0 0 0 
2010 0.159297 0.125349 0.512235 0.0983777 0.0805652 0 0.0241761 0 0 0 0 0 0 0 0 0 0 0 0 0 0 0 0 0 0 0 0 0 0 0 
2011 0.283777 0.0897409 0.117284 0.298333 0.124563 0.0568937 0 0.0163377 0.00653507 0.00326754 0.00326754 0 0 0 0 0 0 0 0 0 0 0 0 0 0 0 0 0 0 0 
2012 0.193793 0.540902 0.0437253 0.0386792 0.182901 0 0 0 0 0 0 0 0 0 0 0 0 0 0 0 0 0 0 0 0 0 0 0 0 0 
2013 0.108436 0.170691 0.309919 0.1282 0.0772048 0.11913 0.048567 0.0378519 0 0 0 0 0 0 0 0 0 0 0 0 0 0 0 0 0 0 0 0 0 0 
end_table
table error_values
1990 0 0 0 0 0 0 0 0 0 0 0 0 0 0 0 0 0 0 0 0 0 0 0 0 0 0 0 0 0 0 
1991 0 0 0 0 0 0 0 0 0 0 0 0 0 0 0 0 0 0 0 0 0 0 0 0 0 0 0 0 0 0 
1992 0 0 0 0 0 0 0 0 0 0 0 0 0 0 0 0 0 0 0 0 0 0 0 0 0 0 0 0 0 0 
1993 0 0 0 0 0 0 0 0 0 0 0 0 0 0 0 0 0 0 0 0 0 0 0 0 0 0 0 0 0 0 
1994 0 0 0 0 0 0 0 0 0 0 0 0 0 0 0 0 0 0 0 0 0 0 0 0 0 0 0 0 0 0 
1995 0 0 0 0 0 0 0 0 0 0 0 0 0 0 0 0 0 0 0 0 0 0 0 0 0 0 0 0 0 0 
1996 0 0 0 0 0 0 0 0 0 0 0 0 0 0 0 0 0 0 0 0 0 0 0 0 0 0 0 0 0 0 
1997 0 0 0 0 0 0 0 0 0 0 0 0 0 0 0 0 0 0 0 0 0 0 0 0 0 0 0 0 0 0 
1998 0 0 0 0 0 0 0 0 0 0 0 0 0 0 0 0 0 0 0 0 0 0 0 0 0 0 0 0 0 0 
1999 0 0 0 0 0 0 0 0 0 0 0 0 0 0 0 0 0 0 0 0 0 0 0 0 0 0 0 0 0 0 
2000 0 0 0 0 0 0 0 0 0 0 0 0 0 0 0 0 0 0 0 0 0 0 0 0 0 0 0 0 0 0 
2001 0 0 0 0 0 0 0 0 0 0 0 0 0 0 0 0 0 0 0 0 0 0 0 0 0 0 0 0 0 0 
2002 0 0 0 0 0 0 0 0 0 0 0 0 0 0 0 0 0 0 0 0 0 0 0 0 0 0 0 0 0 0 
2003 0 0 0 0 0 0 0 0 0 0 0 0 0 0 0 0 0 0 0 0 0 0 0 0 0 0 0 0 0 0 
2004 0 0 0 0 0 0 0 0 0 0 0 0 0 0 0 0 0 0 0 0 0 0 0 0 0 0 0 0 0 0 
2005 0 0 0 0 0 0 0 0 0 0 0 0 0 0 0 0 0 0 0 0 0 0 0 0 0 0 0 0 0 0 
2006 0 0 0 0 0 0 0 0 0 0 0 0 0 0 0 0 0 0 0 0 0 0 0 0 0 0 0 0 0 0 
2007 0 0 0 0 0 0 0 0 0 0 0 0 0 0 0 0 0 0 0 0 0 0 0 0 0 0 0 0 0 0 
2008 0 0 0 0 0 0 0 0 0 0 0 0 0 0 0 0 0 0 0 0 0 0 0 0 0 0 0 0 0 0 
2009 0 0 0 0 0 0 0 0 0 0 0 0 0 0 0 0 0 0 0 0 0 0 0 0 0 0 0 0 0 0 
2010 0 0 0 0 0 0 0 0 0 0 0 0 0 0 0 0 0 0 0 0 0 0 0 0 0 0 0 0 0 0 
2011 0 0 0 0 0 0 0 0 0 0 0 0 0 0 0 0 0 0 0 0 0 0 0 0 0 0 0 0 0 0 
2012 0 0 0 0 0 0 0 0 0 0 0 0 0 0 0 0 0 0 0 0 0 0 0 0 0 0 0 0 0 0 
2013 0 0 0 0 0 0 0 0 0 0 0 0 0 0 0 0 0 0 0 0 0 0 0 0 0 0 0 0 0 0 
end_table

