@observation BP_age_sample_sim
age_samples_per_cluster 10 
ageing_error age_error 
average_cluster_weight 6 
cluster_cv 0.6 
cluster_sigma 1.1 
fishery_label Fishing_LL 
layer_of_stratum_definitions area_definition 
max_age 20 
min_age 0 
process_label fishing 
strata_to_include BP 
type mortality_event_biomass_age_clusters 
years 1990 1991 1992 1993 1994 1995 1996 1997 1998 1999 2000 2001 2002 2003 2004 2005 2006 2007 2008 2009 2010 2011 2012 2013 
table obs
1990 0 0.00616866 0.0428594 0.0458772 0.059347 0.0638269 0.109042 0.113281 0.107506 0.07154 0.0293017 0.0172293 0.0430614 0.044408 0.0126601 0.037492 0.02816 0.0358936 0.0368343 0.0221397 0.0733723 
1991 0 0.00235356 0.0199248 0.0265303 0.084314 0.125425 0.108386 0.118177 0.0957802 0.0600759 0.0524785 0.0345121 0.0157116 0.0185213 0.00815316 0.0126504 0.0106384 0.0115368 0.0190197 0.0179993 0.157812 
1992 0 0.00991542 0.0254852 0.0744856 0.128305 0.127566 0.0890045 0.113401 0.0664949 0.0385587 0.0243837 0.0140924 0.0143105 0.0365815 0.0568762 0.0213084 0.0307992 0.0389137 0.0183466 0.0184769 0.0526952 
1993 0 0.00364691 0.0266566 0.0438988 0.0910916 0.106977 0.0846894 0.0602105 0.0546524 0.0482303 0.0440683 0.0520114 0.0330712 0.0422591 0.0375175 0.0352926 0.0166289 0.0155412 0.0206728 0.0133251 0.169558 
1994 0 0.0708919 0.0173206 0.0556467 0.080463 0.0875408 0.0905692 0.0429237 0.0310454 0.0709458 0.0438558 0.0197438 0.0306509 0.0250843 0.0251165 0.0381538 0.0379937 0.0368398 0.0165731 0.0243721 0.154269 
1995 0 0.031251 0.0439377 0.0279975 0.109291 0.133376 0.0712645 0.0720242 0.0698612 0.0284505 0.054669 0.0609527 0.05591 0.0384754 0.028583 0.00420522 0.00641471 0.017368 0.0190299 0.0026332 0.124306 
1996 0 0.022437 0.0677628 0.257222 0.0487225 0.0399633 0.0836416 0.0727219 0.0692742 0.034479 0.0382021 0.0507416 0.0592879 0.023048 0.0170731 0.0293706 0.0240051 0.00537443 0.00645388 0.00322694 0.0469914 
1997 0 0.0424288 0.0370061 0.215693 0.330967 0.0218266 0.0469431 0.0417867 0.0236411 0.0580889 0.0107017 0.0219325 0.0328899 0.0331469 0.0204343 0.00614107 0 0.00305605 0.00340688 0.00563656 0.0442733 
1998 0 0.00327315 0.0031393 0.0158341 0.0407374 0.0354654 0.00236122 0.00440188 0.0116892 0.00820714 0.00529925 0.00188866 0.00171683 0.00538965 0.00517195 0.00291313 0.0049623 0.0058084 0.00277324 0.0021264 0.836841 
1999 0 0.012516 0.0448488 0.0814925 0.0919759 0.156861 0.22174 0.0108472 0.0290256 0.0744429 0.045594 0.0397642 0.0199993 0.0282172 0.025539 0.0158796 0.0275459 0.0104424 0 0.00510781 0.0581607 
2000 0 0.00389231 0.0467829 0.269089 0.107178 0.0793433 0.0846284 0.137637 0.0203811 0.0317817 0.0363166 0.0195042 0.00722506 0.0161936 0.00333408 0.00333408 0.00333408 0.00850453 0.00850453 0.00246661 0.110569 
2001 0 0.0124367 0.0499779 0.105869 0.311711 0.0975289 0.117521 0.11193 0.0997713 0.00473385 0 0.00449832 0.0014992 0.00299839 0.00226257 0.00839285 0.00194763 0.00962343 0.0069221 0.0164763 0.0338996 
2002 0 0.0395165 0.0736978 0.106531 0.0955842 0.311024 0.0706441 0.0598594 0.0645252 0.0709473 0.0143931 0.0127837 0.0200075 0.0107608 0.00143191 0 0.00310923 0.00155461 0.00466384 0.00466384 0.0343021 
2003 0 0.013745 0.0512874 0.12472 0.145207 0.0731344 0.214693 0.0569837 0.0514557 0.0267821 0.0381047 0.0138522 0.0149072 0.037534 0.024548 0.027442 0.00592292 0.00649589 0.0030969 0.0179392 0.0521484 
2004 0 0.029558 0.0755572 0.0553309 0.180781 0.114498 0.0529576 0.2938 0.0414505 0.0376078 0.0466575 0.0417778 0 0.00374238 0.00510566 0.00374238 0.00692685 0.00525312 0.00393984 0.00131328 0 
2005 0 0.0130447 0.0276639 0.0809746 0.12604 0.127822 0.101863 0.038693 0.247113 0.0444022 0.0561477 0.0296203 0.0402106 0.00160374 0.00425884 0.0170354 0.0170354 0 0 0.00294148 0.0235319 
2006 0 0.00981986 0.0186999 0.0942041 0.214097 0.118649 0.227342 0.0530419 0.0426494 0.0773319 0.0187947 0.0340822 0.0257896 0.0136189 0.00145247 0.0043574 0.0133756 0.00612077 0.0092209 0.00356051 0.0137925 
2007 0 0 0.0163537 0.0719046 0.162061 0.151403 0.0724435 0.0754335 0.0668485 0.0249929 0.116875 0.0405345 0.0146663 0.0403493 0.126485 0.00106457 0 0 0 0 0.0185837 
2008 0 0 0.000738692 0.0158724 0.0267905 0.0337225 0.0304263 0.0130173 0.0206926 0.00751117 0.00139718 0.013033 0.00586501 0.00278356 0.00162349 0.00255904 0 0.000310169 0 0.0439688 0.779688 
2009 0 0.00720955 0.023961 0.051366 0.148165 0.126036 0.0943804 0.0888553 0.0573302 0.092328 0.0778058 0.0506216 0.101181 0.0233364 0.010132 0.0335601 0.00702433 0 0 0 0.00670789 
2010 0 0.0597001 0.0397771 0.0718276 0.0517083 0.161983 0.0953146 0.0977647 0.0735545 0.0345404 0.0552435 0.0554508 0.0337374 0.0963986 0.0118595 0.0115914 0.0209527 0.00669408 0.00305861 0 0.0188426 
2011 0 0.0303595 0.08574 0.0468145 0.11251 0.0684969 0.148629 0.154079 0.113592 0.0826019 0.0241027 0.0341113 0.0198431 0.00943907 0.0191069 0.00649785 0.0113116 0.00763391 0.0168147 0 0.00831553 
2012 0 0.0629767 0.0966263 0.193711 0.0627554 0.0810247 0.0112946 0.112889 0.0926978 0.0673909 0.0480002 0.0283009 0.023099 0.0180061 0.0150288 0.0268652 0.00529074 0.00375696 0.00424223 0.0081784 0.0378653 
2013 0 0.0445701 0.114394 0.165676 0.236632 0.0315769 0.070111 0.0354833 0.0530166 0.0424376 0.0333562 0.0285873 0.0268478 0.0226863 0.00862723 0.00465268 0.011566 0.00995629 0 0 0.0598225 
end_table
table error_values
1990 0 0 0 0 0 0 0 0 0 0 0 0 0 0 0 0 0 0 0 0 0 
1991 0 0 0 0 0 0 0 0 0 0 0 0 0 0 0 0 0 0 0 0 0 
1992 0 0 0 0 0 0 0 0 0 0 0 0 0 0 0 0 0 0 0 0 0 
1993 0 0 0 0 0 0 0 0 0 0 0 0 0 0 0 0 0 0 0 0 0 
1994 0 0 0 0 0 0 0 0 0 0 0 0 0 0 0 0 0 0 0 0 0 
1995 0 0 0 0 0 0 0 0 0 0 0 0 0 0 0 0 0 0 0 0 0 
1996 0 0 0 0 0 0 0 0 0 0 0 0 0 0 0 0 0 0 0 0 0 
1997 0 0 0 0 0 0 0 0 0 0 0 0 0 0 0 0 0 0 0 0 0 
1998 0 0 0 0 0 0 0 0 0 0 0 0 0 0 0 0 0 0 0 0 0 
1999 0 0 0 0 0 0 0 0 0 0 0 0 0 0 0 0 0 0 0 0 0 
2000 0 0 0 0 0 0 0 0 0 0 0 0 0 0 0 0 0 0 0 0 0 
2001 0 0 0 0 0 0 0 0 0 0 0 0 0 0 0 0 0 0 0 0 0 
2002 0 0 0 0 0 0 0 0 0 0 0 0 0 0 0 0 0 0 0 0 0 
2003 0 0 0 0 0 0 0 0 0 0 0 0 0 0 0 0 0 0 0 0 0 
2004 0 0 0 0 0 0 0 0 0 0 0 0 0 0 0 0 0 0 0 0 0 
2005 0 0 0 0 0 0 0 0 0 0 0 0 0 0 0 0 0 0 0 0 0 
2006 0 0 0 0 0 0 0 0 0 0 0 0 0 0 0 0 0 0 0 0 0 
2007 0 0 0 0 0 0 0 0 0 0 0 0 0 0 0 0 0 0 0 0 0 
2008 0 0 0 0 0 0 0 0 0 0 0 0 0 0 0 0 0 0 0 0 0 
2009 0 0 0 0 0 0 0 0 0 0 0 0 0 0 0 0 0 0 0 0 0 
2010 0 0 0 0 0 0 0 0 0 0 0 0 0 0 0 0 0 0 0 0 0 
2011 0 0 0 0 0 0 0 0 0 0 0 0 0 0 0 0 0 0 0 0 0 
2012 0 0 0 0 0 0 0 0 0 0 0 0 0 0 0 0 0 0 0 0 0 
2013 0 0 0 0 0 0 0 0 0 0 0 0 0 0 0 0 0 0 0 0 0 
end_table

