@observation BP_age_sample_sim
age_samples_per_cluster 10 
ageing_error age_error 
average_cluster_weight 6 
cluster_cv 0.6 
cluster_sigma 1.1 
fishery_label Fishing_LL 
layer_of_stratum_definitions area_definition 
max_age 20 
min_age 0 
process_label fishing 
strata_to_include BP 
type mortality_event_biomass_age_clusters 
years 1990 1991 1992 1993 1994 1995 1996 1997 1998 1999 2000 2001 2002 2003 2004 2005 2006 2007 2008 2009 2010 2011 2012 2013 
table obs
1990 0 0.0285198 0.0251888 0.0946006 0.144904 0.105211 0.0570788 0.050912 0.0390271 0.0333864 0.0802938 0.0466922 0.0176457 0.0180752 0.0412502 0.0348107 0.0197105 0.00542184 0.004761 0.0128712 0.139639 
1991 0 0.00128533 0.0134956 0.0526351 0.116974 0.0804179 0.0584952 0.0475744 0.0842417 0.0763461 0.0721922 0.0864216 0.0286607 0.032437 0.0251997 0.0127412 0.0025217 0.00416833 0.00841305 0.0177348 0.178044 
1992 0 0.0155249 0.0206071 0.0712545 0.10988 0.11914 0.0855968 0.074149 0.073881 0.0729426 0.055395 0.0361724 0.0391289 0.0482525 0.0337391 0.00764338 0.00576938 0.0149819 0.0169426 0.0112223 0.0877771 
1993 0 0 0.0161532 0.117334 0.0954277 0.127407 0.0671873 0.0430104 0.0381541 0.0381879 0.0294654 0.0605696 0.0267678 0.0270871 0.0447414 0.0543756 0.0311445 0.0182145 0.0212928 0.0195394 0.12394 
1994 0 0.0164912 0.0114635 0.0558785 0.111047 0.0812589 0.10695 0.086352 0.099276 0.0590124 0.0466596 0.0534497 0.0236815 0.0294935 0.0403361 0.0424061 0.0146024 0.00695067 0.0240291 0.00526903 0.0853929 
1995 0 0.0155691 0.142953 0.0372011 0.0775119 0.092709 0.107586 0.0763461 0.0221424 0.0572057 0.0329206 0.0184849 0.034581 0.0225011 0.0250685 0.0132078 0.0170143 0.0350554 0.02734 0.0245182 0.120084 
1996 0 0.00360629 0.0794125 0.169645 0.037762 0.0617145 0.0826137 0.117127 0.055311 0.0386827 0.01965 0.0365535 0.0110144 0.0290018 0.0142119 0.0203637 0.0333252 0.0101762 0.0149488 0.0136183 0.151262 
1997 0 0 0.0412988 0.135563 0.336964 0.103954 0.105904 0.0763464 0.0295517 0.032184 0.0217364 0.0127473 0.00167222 0.0119274 0 0.00908293 0.00739916 0.00843707 0.0138662 0.00415505 0.0472098 
1998 0 0.00751331 0.0082831 0.0155735 0.030116 0.0367989 0.00303502 0.00420918 0.0039022 0.00388388 0.00369615 0.00069843 0.00176975 0.00142976 0.000288882 0.00158826 0.000643388 0.000214463 0.00141575 0.00393029 0.87101 
1999 0 0.0059488 0.0970851 0.0799514 0.120778 0.174175 0.155575 0.0273267 0.0300033 0.0524207 0.0239867 0.0167248 0.0333538 0.0415698 0.0403166 0.0325581 0.0113364 0.0089517 0.0049813 0.00376937 0.0391879 
2000 0 0.00429403 0.0203704 0.220797 0.111552 0.14306 0.13667 0.0727201 0.0291034 0.0256759 0.0165395 0.00361922 0.0101852 0.0284937 0.026617 0.0187172 0.0336537 0.0169894 0.00593875 0.0152184 0.0597848 
2001 0 0.0259147 0.0721316 0.10402 0.302684 0.10521 0.0617792 0.0689007 0.0956595 0.0161794 0.0146595 0.0189424 0.0208793 0.00357496 0.00938331 0.0189547 0.0161492 0.00403731 0.00103065 0.0064446 0.0334647 
2002 0 0.00349609 0.0811445 0.0822146 0.130408 0.313289 0.0851117 0.0708276 0.0825725 0.0906726 0 0.000765387 0.0049046 0.0044515 0.00413922 0.00368611 0.00368611 0.00184305 0 0 0.0367869 
2003 0 0.00218249 0.0278806 0.14249 0.1551 0.117678 0.178957 0.0526842 0.0314186 0.0793571 0.086641 0.00416438 0.00424531 0.00296693 0.00718878 0.02082 0.010364 0.0147736 0.00605915 0.00961592 0.0454128 
2004 0 0.0210995 0.0247653 0.0518019 0.219838 0.162057 0.103376 0.19349 0.0489543 0.0293129 0.0510919 0.0728202 0.00164242 0 0.00501704 0.00740936 0.00476617 0.00255803 0 0 0 
2005 0 0.00611869 0.0382354 0.0699715 0.104864 0.17192 0.0821977 0.0466683 0.145374 0.0592791 0.0437838 0.0391397 0.0379578 0.000993188 0.0168361 0.0163009 0.00824685 0 0.00302342 0.00604685 0.103043 
2006 0 0.00262298 0.0171218 0.0866402 0.192566 0.100258 0.168977 0.0942676 0.0412975 0.0885549 0.0443564 0.0345973 0.0335412 0.0504434 0.0087865 0.00646788 0.00311195 0.0068012 0.000685316 0.00448259 0.0144204 
2007 0 0 0.0209995 0.0687185 0.0858312 0.11677 0.0887714 0.0877156 0.0769345 0.0455239 0.0962428 0.0259771 0.0176974 0.055653 0.190018 0.00188775 0 0.0037755 0.00519884 0.00362069 0.00866473 
2008 0 0 0.000186236 0.0130399 0.0264763 0.0236358 0.028897 0.0076418 0.0109175 0.0125318 0.0027607 0.017471 0.00305541 0.00322573 0.00433043 0.00425241 0.00134469 0.00265185 0.00265185 0.000662963 0.834267 
2009 0 0.018917 0.0484522 0.0367521 0.0740604 0.162162 0.162442 0.155348 0.0803816 0.0645018 0.0730635 0.0215029 0.0565753 0.0152001 0.00268859 0.00590527 0.00806577 0 0 0 0.0139817 
2010 0 0.0691483 0.0123584 0.057993 0.0356821 0.112649 0.132798 0.0950108 0.0818691 0.0294272 0.0654815 0.0776005 0.0417248 0.102231 0.0153287 0.0194871 0.0179598 0.0152037 0 0 0.018047 
2011 0 0.0125237 0.0545786 0.0350236 0.066542 0.0459555 0.0904525 0.10768 0.105197 0.0847118 0.0583075 0.0609969 0.043363 0.023246 0.0585016 0.0253059 0.0131031 0 0.0620472 0.00660546 0.0458588 
2012 0 0.0087243 0.0796726 0.260455 0.0375166 0.0477423 0.0230208 0.0381884 0.106799 0.121157 0.081921 0.0407375 0.0541019 0.0201976 0.0159958 0.0317843 0.00439186 0.00405919 0.0107977 0.0028306 0.00990709 
2013 0 0.00588663 0.0581474 0.179102 0.255757 0.0477962 0.0790078 0.0364161 0.0758793 0.0513279 0.0428515 0.0291284 0.042951 0.0155928 0.00107468 0.0059235 0.0182157 0.00469572 0.00469572 0.00349882 0.0420519 
end_table
table error_values
1990 0 0 0 0 0 0 0 0 0 0 0 0 0 0 0 0 0 0 0 0 0 
1991 0 0 0 0 0 0 0 0 0 0 0 0 0 0 0 0 0 0 0 0 0 
1992 0 0 0 0 0 0 0 0 0 0 0 0 0 0 0 0 0 0 0 0 0 
1993 0 0 0 0 0 0 0 0 0 0 0 0 0 0 0 0 0 0 0 0 0 
1994 0 0 0 0 0 0 0 0 0 0 0 0 0 0 0 0 0 0 0 0 0 
1995 0 0 0 0 0 0 0 0 0 0 0 0 0 0 0 0 0 0 0 0 0 
1996 0 0 0 0 0 0 0 0 0 0 0 0 0 0 0 0 0 0 0 0 0 
1997 0 0 0 0 0 0 0 0 0 0 0 0 0 0 0 0 0 0 0 0 0 
1998 0 0 0 0 0 0 0 0 0 0 0 0 0 0 0 0 0 0 0 0 0 
1999 0 0 0 0 0 0 0 0 0 0 0 0 0 0 0 0 0 0 0 0 0 
2000 0 0 0 0 0 0 0 0 0 0 0 0 0 0 0 0 0 0 0 0 0 
2001 0 0 0 0 0 0 0 0 0 0 0 0 0 0 0 0 0 0 0 0 0 
2002 0 0 0 0 0 0 0 0 0 0 0 0 0 0 0 0 0 0 0 0 0 
2003 0 0 0 0 0 0 0 0 0 0 0 0 0 0 0 0 0 0 0 0 0 
2004 0 0 0 0 0 0 0 0 0 0 0 0 0 0 0 0 0 0 0 0 0 
2005 0 0 0 0 0 0 0 0 0 0 0 0 0 0 0 0 0 0 0 0 0 
2006 0 0 0 0 0 0 0 0 0 0 0 0 0 0 0 0 0 0 0 0 0 
2007 0 0 0 0 0 0 0 0 0 0 0 0 0 0 0 0 0 0 0 0 0 
2008 0 0 0 0 0 0 0 0 0 0 0 0 0 0 0 0 0 0 0 0 0 
2009 0 0 0 0 0 0 0 0 0 0 0 0 0 0 0 0 0 0 0 0 0 
2010 0 0 0 0 0 0 0 0 0 0 0 0 0 0 0 0 0 0 0 0 0 
2011 0 0 0 0 0 0 0 0 0 0 0 0 0 0 0 0 0 0 0 0 0 
2012 0 0 0 0 0 0 0 0 0 0 0 0 0 0 0 0 0 0 0 0 0 
2013 0 0 0 0 0 0 0 0 0 0 0 0 0 0 0 0 0 0 0 0 0 
end_table

