@observation BP_age_sample_sim
age_samples_per_cluster 10 
ageing_error age_error 
average_cluster_weight 6 
cluster_cv 0.6 
cluster_sigma 1.1 
fishery_label Fishing_LL 
layer_of_stratum_definitions area_definition 
max_age 20 
min_age 0 
process_label fishing 
strata_to_include BP 
type mortality_event_biomass_age_clusters 
years 1990 1991 1992 1993 1994 1995 1996 1997 1998 1999 2000 2001 2002 2003 2004 2005 2006 2007 2008 2009 2010 2011 2012 2013 
table obs
1990 0 0.0129576 0.0794569 0.0844015 0.121298 0.129756 0.0977368 0.057691 0.0242509 0.0284945 0.0304261 0.0557091 0.0272168 0.0254181 0.02666 0.0265892 0.0187997 0.0121612 0.0103607 0.0156314 0.114986 
1991 0 0.0018024 0.0207962 0.0554164 0.106391 0.0636242 0.0833833 0.0893579 0.0515996 0.0373582 0.0445734 0.0420975 0.0778041 0.0723321 0.0415477 0.0163991 0.0101538 0.0208037 0.0114898 0.0143536 0.138716 
1992 0 0.00721889 0.0206894 0.0714241 0.113394 0.0972997 0.0720613 0.0746835 0.0827993 0.0710434 0.0575245 0.0655208 0.0265573 0.0169077 0.0241414 0.0118356 0.021053 0.00671542 0.00665175 0.0241736 0.128305 
1993 0 0.00102419 0.0248205 0.0571265 0.0831092 0.0918173 0.0952794 0.101276 0.0473853 0.0475276 0.0465007 0.100499 0.0412295 0.0638265 0.0357751 0.0309602 0.0173808 0.0225462 0.0141605 0.00100057 0.0767553 
1994 0 0.0596498 0.020296 0.0477171 0.100987 0.0909915 0.0991152 0.0922189 0.0777558 0.0700987 0.0460312 0.0255618 0.054067 0.0272487 0.0530614 0.0270039 0.0292993 0.0197226 0.00444125 0.0078071 0.046926 
1995 0 0.00995089 0.0588015 0.00807184 0.113375 0.179413 0.145054 0.0524111 0.0456974 0.0405661 0.0392935 0.0433353 0.0385503 0.0207819 0.0181727 0.0210721 0.00876574 0.0107772 0.0103717 0.00696098 0.128578 
1996 0 0.0105414 0.0933638 0.276127 0.045577 0.089779 0.0804291 0.0496679 0.0365526 0.0253732 0.0241679 0.0453484 0.066308 0.0533365 0.0264975 0.0193099 0.0263089 0.0088147 0 0.00249967 0.0199974 
1997 0 0.0130661 0.0297218 0.102833 0.258853 0.0559123 0.0930023 0.0763332 0.0459499 0.0613982 0.0159338 0.0384822 0.0409389 0.0630099 0.0446883 0.023645 0.00500657 0.00296971 0.0042309 0.00128797 0.0227361 
1998 0 0.00869686 0.00726483 0.0176826 0.0355407 0.0494428 0.00377468 0.00601155 0.00543138 0.00450457 0.00650193 0.0054076 0.00176682 0.00837115 0.00104781 0.00379553 0.00152165 0.00304331 0.00274347 0 0.827451 
1999 0 0.0084871 0.106474 0.10407 0.164136 0.194981 0.185916 0.0292902 0.02667 0.0239712 0.0184404 0.0298517 0.0266472 0.0123622 0.00743485 0.00513107 0.00210572 0.00315857 0.00210572 0 0.0487666 
2000 0 0.0237309 0.0183184 0.170306 0.11786 0.0888109 0.142897 0.114788 0.00595349 0.00815833 0.0239789 0.0466169 0.0413449 0.013664 0.0107402 0.00857891 0.00866173 0.00819895 0.0121129 0.0164933 0.118786 
2001 0 0.020681 0.0344116 0.0439261 0.377 0.0659804 0.0624497 0.100207 0.138942 0.00928845 0.0143374 0.0122785 0.00215946 0.00323919 0.00173465 0.000867324 0.00173465 0.000867324 0.00173465 0.000867324 0.107294 
2002 0 0.0099953 0.0456129 0.0736717 0.0767888 0.309416 0.0906099 0.0762559 0.116383 0.0931695 0.0119065 0.00717422 0.0305865 0.00522906 0.000709118 0.00200706 0.00171265 0.00442882 0.00200706 0.00100353 0.0413325 
2003 0 0.00256217 0.0183434 0.10126 0.161694 0.0933064 0.257021 0.0921231 0.0673425 0.0724137 0.0581798 0.00413334 0.0140606 0.0169843 0.00439266 0.00271592 0.00226233 0 0.00786431 0.0157286 0.00761206 
2004 0 0.025913 0.122379 0.0764047 0.152518 0.133538 0.0442955 0.166929 0.0385456 0.0256674 0.0524579 0.0320724 0.01078 0.012638 0.00194041 0.00388082 0.00194041 0 0 0 0.0980994 
2005 0 0.0144514 0.030538 0.0642788 0.0858206 0.15973 0.101366 0.0617966 0.134474 0.043562 0.037549 0.0575554 0.0541467 0.00261636 0.0182857 0.0650021 0.00324125 0.0163585 0.00917886 0.0026477 0.0374016 
2006 0 0 0.0162927 0.107317 0.170598 0.122231 0.183569 0.129131 0.0489086 0.0868511 0.0252843 0.0134154 0.0340996 0.0287778 0.00114005 0 0.00136301 0.00319419 0.00395211 0.000757917 0.0231172 
2007 0 0.006015 0.0368797 0.10013 0.199275 0.160272 0.0805158 0.0816383 0.0531926 0.0260481 0.0782681 0.0346824 0.0331817 0.0273554 0.046721 0.0181235 0 0.00137928 0.00206892 0.00196687 0.0122868 
2008 0 0.000718227 0.00775493 0.0330839 0.0459244 0.0623111 0.0652019 0.0358503 0.0224721 0.0194166 0.0147886 0.0296343 0.00497764 0.00364145 0.00326883 0.0231004 0.0259491 0.00318713 0.00287555 0.00251573 0.593328 
2009 0 0 0.0403087 0.0444915 0.0816723 0.134717 0.13735 0.177598 0.0983926 0.0915568 0.0471305 0.0250004 0.0398135 0.0113835 0.00520862 0.0355389 0.0022048 0 0 0 0.0276325 
2010 0 0.0316113 0.0259659 0.0684438 0.0586898 0.168062 0.124019 0.154144 0.119735 0.041501 0.0477833 0.0337902 0.0150479 0.0283804 0.0119504 0.0094788 0.0311001 0.024096 0.00257164 0.00298674 0.00064291 
2011 0 0.0244719 0.129419 0.107933 0.119058 0.0534778 0.129778 0.115946 0.0830302 0.0809121 0.0295487 0.0355187 0.0280668 0.0128974 0.0118648 0.00788123 0.00178077 0.00284069 0.000710172 0.00854341 0.016321 
2012 0 0.00661287 0.0825205 0.144596 0.041025 0.101004 0.0473223 0.0503767 0.0885728 0.0939713 0.0685886 0.0249734 0.0455251 0.00834705 0.0185462 0.0374007 0.0104307 0.0238542 0.031276 0.0234353 0.051621 
2013 0 0.0236094 0.109501 0.253584 0.190475 0.0262134 0.0405076 0.0455671 0.051117 0.0383624 0.0465704 0.0258179 0.0310605 0.0327984 0 0.00420807 0.0220899 0.00711439 0 0.00171205 0.0496908 
end_table
table error_values
1990 0 0 0 0 0 0 0 0 0 0 0 0 0 0 0 0 0 0 0 0 0 
1991 0 0 0 0 0 0 0 0 0 0 0 0 0 0 0 0 0 0 0 0 0 
1992 0 0 0 0 0 0 0 0 0 0 0 0 0 0 0 0 0 0 0 0 0 
1993 0 0 0 0 0 0 0 0 0 0 0 0 0 0 0 0 0 0 0 0 0 
1994 0 0 0 0 0 0 0 0 0 0 0 0 0 0 0 0 0 0 0 0 0 
1995 0 0 0 0 0 0 0 0 0 0 0 0 0 0 0 0 0 0 0 0 0 
1996 0 0 0 0 0 0 0 0 0 0 0 0 0 0 0 0 0 0 0 0 0 
1997 0 0 0 0 0 0 0 0 0 0 0 0 0 0 0 0 0 0 0 0 0 
1998 0 0 0 0 0 0 0 0 0 0 0 0 0 0 0 0 0 0 0 0 0 
1999 0 0 0 0 0 0 0 0 0 0 0 0 0 0 0 0 0 0 0 0 0 
2000 0 0 0 0 0 0 0 0 0 0 0 0 0 0 0 0 0 0 0 0 0 
2001 0 0 0 0 0 0 0 0 0 0 0 0 0 0 0 0 0 0 0 0 0 
2002 0 0 0 0 0 0 0 0 0 0 0 0 0 0 0 0 0 0 0 0 0 
2003 0 0 0 0 0 0 0 0 0 0 0 0 0 0 0 0 0 0 0 0 0 
2004 0 0 0 0 0 0 0 0 0 0 0 0 0 0 0 0 0 0 0 0 0 
2005 0 0 0 0 0 0 0 0 0 0 0 0 0 0 0 0 0 0 0 0 0 
2006 0 0 0 0 0 0 0 0 0 0 0 0 0 0 0 0 0 0 0 0 0 
2007 0 0 0 0 0 0 0 0 0 0 0 0 0 0 0 0 0 0 0 0 0 
2008 0 0 0 0 0 0 0 0 0 0 0 0 0 0 0 0 0 0 0 0 0 
2009 0 0 0 0 0 0 0 0 0 0 0 0 0 0 0 0 0 0 0 0 0 
2010 0 0 0 0 0 0 0 0 0 0 0 0 0 0 0 0 0 0 0 0 0 
2011 0 0 0 0 0 0 0 0 0 0 0 0 0 0 0 0 0 0 0 0 0 
2012 0 0 0 0 0 0 0 0 0 0 0 0 0 0 0 0 0 0 0 0 0 
2013 0 0 0 0 0 0 0 0 0 0 0 0 0 0 0 0 0 0 0 0 0 
end_table

