@observation BP_age_sample_sim
age_samples_per_cluster 10 
ageing_error age_error 
average_cluster_weight 6 
cluster_cv 0.6 
cluster_sigma 1.1 
fishery_label Fishing_LL 
layer_of_stratum_definitions area_definition 
max_age 20 
min_age 0 
process_label fishing 
strata_to_include BP 
type mortality_event_biomass_age_clusters 
years 1990 1991 1992 1993 1994 1995 1996 1997 1998 1999 2000 2001 2002 2003 2004 2005 2006 2007 2008 2009 2010 2011 2012 2013 
table obs
1990 0 0.00720899 0.0368608 0.0499997 0.0954607 0.103314 0.0915111 0.0790184 0.0509411 0.0529268 0.0170848 0.0350458 0.0357764 0.0454975 0.061438 0.0820526 0.0439361 0.0112583 0.00562785 0.00175061 0.0932907 
1991 0 0.00466383 0.0282381 0.0468406 0.127727 0.0820486 0.0877867 0.0938576 0.0408369 0.0472627 0.071162 0.0565916 0.0370638 0.0494801 0.0269734 0.0397649 0.0128399 0.0165651 0.01143 0.00830858 0.110559 
1992 0 0.00403174 0.0722481 0.0489718 0.0460919 0.0745243 0.0785277 0.0767571 0.093041 0.0966225 0.0380204 0.0367303 0.0308589 0.0309828 0.0354048 0.0376058 0.0399211 0.0393086 0.016096 0.0192065 0.0850487 
1993 0 0.0147759 0.0191922 0.0243622 0.0849088 0.116976 0.0634306 0.0718902 0.0488384 0.0721786 0.0812966 0.0858785 0.0483215 0.0509047 0.0220391 0.020039 0.0273681 0.0342873 0.0153189 0.00561347 0.09238 
1994 0 0.0252916 0.0160555 0.049688 0.108214 0.0668796 0.0693525 0.0411926 0.0613423 0.0699841 0.0516272 0.0318753 0.02107 0.0208707 0.0267934 0.0183572 0.0224805 0.0207765 0.0233215 0.0152766 0.239551 
1995 0 0.00865405 0.0747815 0.0110076 0.0731302 0.115208 0.0834562 0.10988 0.0754896 0.0595261 0.0484546 0.0593306 0.0390631 0.0201636 0.0150571 0.0248761 0.00833293 0.0177432 0.0149604 0.0130402 0.127845 
1996 0 0 0.0526974 0.113757 0.0331807 0.0867407 0.082086 0.0511677 0.0452771 0.0449972 0.0496227 0.0416583 0.169527 0.0739597 0.00897172 0.0116028 0.0180731 0.00339724 0.0145982 0.0120765 0.0866092 
1997 0 0.00160509 0.0639262 0.177936 0.36516 0.0321454 0.0329759 0.0341731 0.059435 0.0286937 0.0168822 0.0195385 0.019875 0.00810853 0.00747563 0.0249483 0.00751682 0.0220903 0.00952058 0.0111813 0.0568121 
1998 0 0.0049992 0.0118307 0.0216106 0.0275067 0.0422932 0.00274854 0.00534942 0.00376759 0.00643307 0.00677478 0.00562665 0.00709494 0.0033564 0.00247451 0.00257096 0.000986838 0.00629967 0.00333113 0.000614719 0.83433 
1999 0 0.0130665 0.0935867 0.0794116 0.134132 0.15413 0.200091 0.0232546 0.0598858 0.0495458 0.0376662 0.0193931 0.0251981 0.0194375 0.027711 0.0168331 0.0135832 0.00304808 0.00205721 0.00320318 0.024766 
2000 0 0.00834598 0.0213336 0.230407 0.144268 0.117094 0.117194 0.162305 0.00938366 0.0276127 0.0406867 0.0184841 0.0090181 0.00216023 0.0121509 0.00721698 0.00745285 0.00114153 0.00251892 0 0.0612276 
2001 0 0.0130571 0.0514206 0.0474802 0.324007 0.0695984 0.0866333 0.107199 0.108415 0.00635262 0.00700999 0.019343 0.0265713 0.0350913 0.0304703 0.00749949 0 0.00187827 0.0118629 0.012725 0.0333855 
2002 0 0.00353546 0.0855994 0.0838016 0.0634842 0.325699 0.0971326 0.0717485 0.0995394 0.0832799 0.0139476 0.0149147 0.012158 0.00249067 0.00498133 0 0 0.00402779 0.00526301 0.00773345 0.0206632 
2003 0 0.00328481 0.0203253 0.131414 0.189648 0.0791315 0.191715 0.054075 0.0688821 0.0906175 0.0461346 0.00219669 0.0166063 0.00211268 0.00233988 0.00327131 0.00262103 0.00918355 0.00262103 0.00425668 0.0795625 
2004 0 0.0115381 0.0455619 0.0445121 0.146937 0.151346 0.084955 0.256256 0.035907 0.0646908 0.0339152 0.0315428 0.0019714 0.00524203 0.0162285 0.00923889 0.00598574 0.00518775 0.00201894 0 0.0469648 
2005 0 0.00622559 0.0295235 0.0371378 0.093172 0.132187 0.147856 0.0586527 0.153991 0.0655496 0.0508238 0.0540145 0.0662653 0.00590667 0.00757361 0.0114402 0.0114402 0.00762679 0.00179463 0 0.0588197 
2006 0 0.000957816 0.0149058 0.0352697 0.487651 0.077987 0.223437 0.0551863 0.0131472 0.0403898 0.00746486 0.0057644 0.00808068 0.012737 0.00115943 0.000579714 0.00231886 0.000366838 0.00110051 0.00265981 0.00883668 
2007 0 0.00387338 0.030879 0.0553484 0.146494 0.155595 0.0677508 0.100054 0.0988001 0.0659804 0.11829 0.0372959 0.0195272 0.0312394 0.0364896 0.00466208 0.00233104 0 0 0.00564221 0.0197477 
2008 0 0.00108357 0.00147339 0.0165678 0.032747 0.0264699 0.0426511 0.0111073 0.00818774 0.0154442 0.0107828 0.0275999 0.00418595 0.00144349 0.00113785 0.00513357 0 0.000245042 0 0 0.79374 
2009 0 0.00235368 0.0484307 0.0660753 0.126689 0.196795 0.159089 0.10717 0.0464039 0.0515773 0.0263598 0.00655707 0.0473922 0.00784013 0.00286673 0.0110896 0.016197 0.00249172 0.00883073 0 0.0657905 
2010 0 0.0212901 0.017896 0.0456326 0.0214364 0.139444 0.172062 0.147755 0.109065 0.059146 0.0526814 0.0321176 0.0255617 0.0684654 0.00232331 0.043023 0.00640584 0.00277107 0 0 0.0329222 
2011 0 0.0423913 0.150618 0.0547228 0.057247 0.0545399 0.11517 0.124121 0.10748 0.0494893 0.0213281 0.0219008 0.0229014 0.0184052 0.0315566 0.0391974 0.0181066 0.0198194 0.0176467 0.00563682 0.0277216 
2012 0 0.0137689 0.0795997 0.132458 0.0310914 0.0953206 0.0146762 0.098739 0.0667323 0.108184 0.112362 0.0177297 0.0422135 0.0251697 0.0122421 0.0279653 0.0223062 0.0252927 0.0233862 0.0114638 0.0392991 
2013 0 0.00384265 0.10704 0.214148 0.288255 0.084099 0.0760407 0.0323122 0.0389969 0.0327017 0.0258297 0.0190151 0.0133481 0.0127566 0.00351704 0.0123171 0.0139768 0.0109059 0.00242173 0.00363259 0.00484346 
end_table
table error_values
1990 0 0 0 0 0 0 0 0 0 0 0 0 0 0 0 0 0 0 0 0 0 
1991 0 0 0 0 0 0 0 0 0 0 0 0 0 0 0 0 0 0 0 0 0 
1992 0 0 0 0 0 0 0 0 0 0 0 0 0 0 0 0 0 0 0 0 0 
1993 0 0 0 0 0 0 0 0 0 0 0 0 0 0 0 0 0 0 0 0 0 
1994 0 0 0 0 0 0 0 0 0 0 0 0 0 0 0 0 0 0 0 0 0 
1995 0 0 0 0 0 0 0 0 0 0 0 0 0 0 0 0 0 0 0 0 0 
1996 0 0 0 0 0 0 0 0 0 0 0 0 0 0 0 0 0 0 0 0 0 
1997 0 0 0 0 0 0 0 0 0 0 0 0 0 0 0 0 0 0 0 0 0 
1998 0 0 0 0 0 0 0 0 0 0 0 0 0 0 0 0 0 0 0 0 0 
1999 0 0 0 0 0 0 0 0 0 0 0 0 0 0 0 0 0 0 0 0 0 
2000 0 0 0 0 0 0 0 0 0 0 0 0 0 0 0 0 0 0 0 0 0 
2001 0 0 0 0 0 0 0 0 0 0 0 0 0 0 0 0 0 0 0 0 0 
2002 0 0 0 0 0 0 0 0 0 0 0 0 0 0 0 0 0 0 0 0 0 
2003 0 0 0 0 0 0 0 0 0 0 0 0 0 0 0 0 0 0 0 0 0 
2004 0 0 0 0 0 0 0 0 0 0 0 0 0 0 0 0 0 0 0 0 0 
2005 0 0 0 0 0 0 0 0 0 0 0 0 0 0 0 0 0 0 0 0 0 
2006 0 0 0 0 0 0 0 0 0 0 0 0 0 0 0 0 0 0 0 0 0 
2007 0 0 0 0 0 0 0 0 0 0 0 0 0 0 0 0 0 0 0 0 0 
2008 0 0 0 0 0 0 0 0 0 0 0 0 0 0 0 0 0 0 0 0 0 
2009 0 0 0 0 0 0 0 0 0 0 0 0 0 0 0 0 0 0 0 0 0 
2010 0 0 0 0 0 0 0 0 0 0 0 0 0 0 0 0 0 0 0 0 0 
2011 0 0 0 0 0 0 0 0 0 0 0 0 0 0 0 0 0 0 0 0 0 
2012 0 0 0 0 0 0 0 0 0 0 0 0 0 0 0 0 0 0 0 0 0 
2013 0 0 0 0 0 0 0 0 0 0 0 0 0 0 0 0 0 0 0 0 0 
end_table

