@observation BP_age_sample_sim
age_samples_per_cluster 10 
ageing_error age_error 
average_cluster_weight 6 
cluster_cv 0.6 
cluster_sigma 1.1 
fishery_label Fishing_LL 
layer_of_stratum_definitions area_definition 
max_age 20 
min_age 0 
process_label fishing 
strata_to_include BP 
type mortality_event_biomass_age_clusters 
years 1990 1991 1992 1993 1994 1995 1996 1997 1998 1999 2000 2001 2002 2003 2004 2005 2006 2007 2008 2009 2010 2011 2012 2013 
table obs
1990 0 0.00173663 0.0177179 0.0488885 0.0521799 0.0737165 0.0578825 0.0634092 0.0477803 0.0435616 0.027634 0.0393009 0.103967 0.0866976 0.0481057 0.0566175 0.0188831 0.00753311 0.00562437 0.0226981 0.176066 
1991 0 0.0127323 0.0153423 0.0433752 0.120161 0.0728483 0.104929 0.0840998 0.0665449 0.069863 0.0368336 0.0377506 0.0292766 0.00765693 0.0215067 0.0113928 0.00675454 0.0193285 0.0195581 0.0181813 0.201864 
1992 0 0.00636112 0.00952002 0.107599 0.104704 0.115114 0.0864879 0.0788863 0.028547 0.0423766 0.0409094 0.0714293 0.061583 0.0393723 0.0231138 0.00967798 0.0215961 0.016076 0.0153806 0.0292166 0.0920496 
1993 0 0 0.00867359 0.0517625 0.121883 0.14174 0.0944392 0.0554533 0.0503268 0.0595859 0.0511945 0.0384325 0.0242561 0.0423255 0.03915 0.0330812 0.0320181 0.0140006 0.0286979 0.0308239 0.0821557 
1994 0 0.0173324 0.0196603 0.0647944 0.131766 0.0680767 0.0988776 0.0846088 0.0621788 0.051536 0.0454384 0.0558419 0.0619441 0.042469 0.0156 0.0198501 0.0234105 0.00651208 0.00747873 0.00332352 0.119301 
1995 0 0.0117152 0.0335876 0.0436057 0.0703214 0.133775 0.0731238 0.0991426 0.0551292 0.0638163 0.072969 0.0664376 0.0580416 0.0347817 0.0389691 0.0193906 0.0123719 0.0257744 0.0160002 0.0031276 0.0679192 
1996 0 0.00554073 0.0850972 0.200785 0.0659013 0.082826 0.0933959 0.0983731 0.037982 0.0293346 0.030899 0.030311 0.0336467 0.025472 0.0101514 0.0283192 0.0431967 0.0149192 0.0124007 0.0106309 0.0608177 
1997 0 0.00393156 0.037629 0.183862 0.360416 0.0388016 0.0676281 0.0359577 0.0532877 0.0416578 0.022667 0.0083122 0.0110108 0.0229899 0.0120993 0.0161799 0.00750142 0.00249338 0.00249338 0.00258408 0.0684974 
1998 0 0.00343046 0.00570533 0.0202364 0.0221692 0.0423552 0.00604134 0.0114757 0.0165469 0.020673 0.00690031 0.00558087 0.00254104 0.00193469 0.0101527 0.0062362 0.00267557 0.00190761 0.00643442 0.000573582 0.80643 
1999 0 0.00287229 0.122727 0.0674994 0.124033 0.163782 0.266351 0.0277464 0.048258 0.036667 0.0329321 0.019795 0.0110138 0.0105316 0.0194519 0.0134987 0.00910431 0.000517314 0.00194609 0.0026391 0.018634 
2000 0 0.00313832 0.0464097 0.199795 0.0889757 0.0893104 0.162574 0.144802 0.0136122 0.0262284 0.0498401 0.0367424 0.0313676 0.0122607 0.0190609 0.00713581 0.00296483 0 0 0.00991616 0.0558657 
2001 0 0.0220339 0.0532389 0.063754 0.407576 0.123335 0.0719442 0.0820213 0.059214 0.00580657 0.0197543 0.003389 0.00151676 0.0142507 0.0139916 0.0077303 0 0 0.00204498 0 0.0483993 
2002 0 0 0.0628811 0.0891393 0.129963 0.233793 0.0847263 0.0811887 0.0688499 0.110061 0.0105613 0.0106563 0.0357053 0.00862947 0.00713621 0.00664815 0.0108012 0.0252284 0.00323042 0 0.0208012 
2003 0 0.0144866 0.0406585 0.138011 0.125796 0.0996753 0.234586 0.076795 0.0716151 0.0628106 0.0576222 0.00200966 0.00727033 0.00256526 0.0073745 0.00335664 0.000951285 0.00191566 0.00464511 0.00648075 0.041374 
2004 0 0.0246395 0.0847431 0.0796466 0.194338 0.1077 0.0598298 0.21902 0.0314547 0.0434937 0.0806127 0.0487466 0.00512264 0.0110313 0.00481056 0.00219612 0.00261445 0 0 0 0 
2005 0 0.00728418 0.0265236 0.0843786 0.0990566 0.144882 0.126393 0.058893 0.173536 0.0337251 0.0336112 0.045963 0.0401465 0.00195813 0 0.006176 0.00596755 0.0119351 0.00277533 0.00678231 0.0900136 
2006 0 0.00117847 0.00784545 0.0448062 0.573677 0.0351308 0.248794 0.0315783 0.0110051 0.0296054 0.00417577 0.0015837 0.00291696 0.00263255 0.000789932 0 0 0.000951341 0.00190268 0.00047567 0.000951341 
2007 0 0 0.0121216 0.073164 0.187078 0.10022 0.0584242 0.0879247 0.0687816 0.0403641 0.157938 0.0140995 0.0245759 0.0716542 0.0545745 0 0 0.00315919 0.0015796 0.004241 0.0400992 
2008 0 5.04589e-005 0.000444962 0.00941557 0.0148018 0.0227337 0.0329736 0.0058908 0.013697 0.0101117 0.00531993 0.0145348 0.00592748 0.00454959 0.00292689 0.00391595 0.000118741 0.00140395 0.00210593 0.0492974 0.79978 
2009 0 0.0195259 0.0506035 0.0613471 0.132823 0.131109 0.160572 0.150335 0.0514147 0.055469 0.0561717 0.0386577 0.0427985 0.00810097 0 0.0225217 0.00524415 0 0 0 0.0133065 
2010 0 0.0111316 0.0287608 0.0887402 0.0450859 0.141173 0.163302 0.0966036 0.0644205 0.0215824 0.0416255 0.0581899 0.0434548 0.114437 0.00606529 0.0158423 0.0367536 0.00573197 0.00449473 0.00689405 0.00571043 
2011 0 0.0281388 0.133673 0.0828979 0.0942849 0.0422871 0.0903226 0.104325 0.0794632 0.0743399 0.0221775 0.0522729 0.0807093 0.0219068 0.0465408 0.0054037 0.00415917 0.0266265 0.0104715 0 0 
2012 0 0.0158639 0.147362 0.158783 0.059715 0.0686563 0.0445916 0.0580197 0.0958975 0.10593 0.0812631 0.0342334 0.060984 0.0222235 0.0178483 0.00363638 0.00121213 0.00340112 0.00437798 0.00218899 0.013812 
2013 0 0.00839158 0.0613641 0.272592 0.292942 0.0430494 0.0577157 0.0304935 0.0355609 0.036525 0.0222045 0.0126194 0.0230097 0.0389788 0.00464481 0.00602319 0.0358161 0.0103609 0.00154175 0.00462524 0.00154175 
end_table
table error_values
1990 0 0 0 0 0 0 0 0 0 0 0 0 0 0 0 0 0 0 0 0 0 
1991 0 0 0 0 0 0 0 0 0 0 0 0 0 0 0 0 0 0 0 0 0 
1992 0 0 0 0 0 0 0 0 0 0 0 0 0 0 0 0 0 0 0 0 0 
1993 0 0 0 0 0 0 0 0 0 0 0 0 0 0 0 0 0 0 0 0 0 
1994 0 0 0 0 0 0 0 0 0 0 0 0 0 0 0 0 0 0 0 0 0 
1995 0 0 0 0 0 0 0 0 0 0 0 0 0 0 0 0 0 0 0 0 0 
1996 0 0 0 0 0 0 0 0 0 0 0 0 0 0 0 0 0 0 0 0 0 
1997 0 0 0 0 0 0 0 0 0 0 0 0 0 0 0 0 0 0 0 0 0 
1998 0 0 0 0 0 0 0 0 0 0 0 0 0 0 0 0 0 0 0 0 0 
1999 0 0 0 0 0 0 0 0 0 0 0 0 0 0 0 0 0 0 0 0 0 
2000 0 0 0 0 0 0 0 0 0 0 0 0 0 0 0 0 0 0 0 0 0 
2001 0 0 0 0 0 0 0 0 0 0 0 0 0 0 0 0 0 0 0 0 0 
2002 0 0 0 0 0 0 0 0 0 0 0 0 0 0 0 0 0 0 0 0 0 
2003 0 0 0 0 0 0 0 0 0 0 0 0 0 0 0 0 0 0 0 0 0 
2004 0 0 0 0 0 0 0 0 0 0 0 0 0 0 0 0 0 0 0 0 0 
2005 0 0 0 0 0 0 0 0 0 0 0 0 0 0 0 0 0 0 0 0 0 
2006 0 0 0 0 0 0 0 0 0 0 0 0 0 0 0 0 0 0 0 0 0 
2007 0 0 0 0 0 0 0 0 0 0 0 0 0 0 0 0 0 0 0 0 0 
2008 0 0 0 0 0 0 0 0 0 0 0 0 0 0 0 0 0 0 0 0 0 
2009 0 0 0 0 0 0 0 0 0 0 0 0 0 0 0 0 0 0 0 0 0 
2010 0 0 0 0 0 0 0 0 0 0 0 0 0 0 0 0 0 0 0 0 0 
2011 0 0 0 0 0 0 0 0 0 0 0 0 0 0 0 0 0 0 0 0 0 
2012 0 0 0 0 0 0 0 0 0 0 0 0 0 0 0 0 0 0 0 0 0 
2013 0 0 0 0 0 0 0 0 0 0 0 0 0 0 0 0 0 0 0 0 0 
end_table

