@observation BP_age_sample_sim
age_samples_per_cluster 10 
ageing_error age_error 
average_cluster_weight 6 
cluster_cv 0.6 
cluster_sigma 1.1 
fishery_label Fishing_LL 
layer_of_stratum_definitions area_definition 
max_age 20 
min_age 0 
process_label fishing 
strata_to_include BP 
type mortality_event_biomass_age_clusters 
years 1990 1991 1992 1993 1994 1995 1996 1997 1998 1999 2000 2001 2002 2003 2004 2005 2006 2007 2008 2009 2010 2011 2012 2013 
table obs
1990 0 0.0295917 0.0557949 0.146271 0.114268 0.123645 0.0760545 0.0791836 0.0359517 0.0292581 0.0297103 0.0408745 0.0137515 0.0253879 0.0305178 0.0338417 0.0229949 0.00882959 0.0126992 0.00646563 0.0849083 
1991 0 0.00174231 0.032865 0.0519534 0.12255 0.139896 0.151274 0.11719 0.0628185 0.0373213 0.0237228 0.0404329 0.0289997 0.0736436 0.0331737 0.0251136 0.00848343 0.00966408 0.0125187 0.00506732 0.02157 
1992 0 0 0.0360285 0.0402338 0.0904155 0.0637288 0.0967802 0.125489 0.0724054 0.0738909 0.0434727 0.0443676 0.0217104 0.0286564 0.0216363 0.0547745 0.0181088 0.0373895 0.0297924 0.0114596 0.0896593 
1993 0 0 0.0277145 0.0556973 0.115868 0.11509 0.071134 0.0484354 0.0683542 0.0512558 0.0501045 0.0440194 0.0459711 0.016613 0.0251056 0.0357096 0.0210134 0.0188335 0.0277346 0.027161 0.134185 
1994 0 0.0247028 0.0280205 0.0580581 0.136532 0.146648 0.101654 0.0626855 0.0351021 0.0495923 0.0582701 0.046258 0.0562957 0.0378149 0.0226846 0.0219782 0.028286 0.0155693 0.00343565 0.00210618 0.0643055 
1995 0 0.0224671 0.143117 0.0265993 0.0533253 0.0895534 0.0846398 0.0969003 0.0683412 0.0553911 0.0699619 0.0622665 0.0238833 0.040468 0.0312432 0.0219425 0.0184804 0.0103804 0.00592801 0.016318 0.0587931 
1996 0 0.00380786 0.0497248 0.153354 0.0375571 0.0509464 0.064473 0.0597122 0.0590246 0.0492569 0.0439823 0.0498641 0.0461128 0.0624992 0.0399148 0.0356771 0.0225486 0.0213765 0.0125863 0.0107369 0.126845 
1997 0 0.0100773 0.0197882 0.138169 0.26664 0.0363601 0.056931 0.0731671 0.0697557 0.0337262 0.0396025 0.0437549 0.0254988 0.0238928 0.0136903 0.0162696 0.0179088 0.0155512 0.0139386 0.0275752 0.0577029 
1998 0 0.00182625 0.00254931 0.0119165 0.0230411 0.0322908 0.00255283 0.00235757 0.00213501 0.00344904 0.00382363 0.00187975 0.00153086 0.00258968 0.00162893 0.00220638 0.00205342 0.00310579 0.00135944 0.00242317 0.89528 
1999 0 0.0177103 0.0953262 0.07548 0.12225 0.14512 0.194978 0.0249388 0.0558941 0.0495159 0.0208865 0.0245707 0.0193448 0.0207844 0.0181232 0.0187737 0.00420561 0.00599565 0.00188326 0.00188326 0.0823361 
2000 0 0.00323936 0.010933 0.213499 0.121359 0.132559 0.176832 0.226818 0.00599961 0.0124857 0.0295433 0.00687424 0.00599966 0.00450861 0 0.000562088 0.00393461 0.000562088 0.00692629 0.0016114 0.0357529 
2001 0 0.0469087 0.0858382 0.0615659 0.316386 0.0684858 0.0754138 0.074378 0.135899 0.0481146 0.0210703 0.00224241 0.00203048 0.0011212 0 0.00471973 0 0.00821961 0.0097412 0.00497529 0.0328895 
2002 0 0.0146623 0.0227727 0.0761028 0.0896598 0.317224 0.0980307 0.10327 0.103479 0.0593125 0.00465348 0 0.00340683 0.00216019 0.00495837 0.00619796 0 0 0.0010132 0.0185557 0.0745405 
2003 0 0.00749238 0.031903 0.0990336 0.150266 0.104756 0.181376 0.0997706 0.0443837 0.0712836 0.0357772 0.007456 0.00542787 0.0113266 0.0158947 0.0264754 0.0166452 0.0245181 0.0147859 0.0215687 0.0298595 
2004 0 0.0244023 0.029096 0.0861411 0.197913 0.160823 0.0786116 0.165869 0.0354154 0.0274815 0.0526511 0.0541588 0.0120833 0 0.0091374 0.00357359 0.00975036 0.00335744 0.00098672 0.00394688 0.0446018 
2005 0 0.0309401 0.0352247 0.0912259 0.114659 0.166055 0.0884461 0.0821189 0.166511 0.0375562 0.0564754 0.0387062 0.036479 0.00251687 0.00249554 0.000976253 0.00316828 0.00796226 0.00765989 0.00764767 0.0231763 
2006 0 0.00846398 0.0369469 0.143156 0.189348 0.124969 0.127684 0.0896435 0.0280538 0.116773 0.0219049 0.0199095 0.0410774 0.0492913 0.00277736 0 0 0 0 0 0 
2007 0 0 0.0138718 0.0308933 0.0774807 0.0965819 0.0642212 0.0805497 0.0440538 0.0208676 0.129186 0.0692872 0.0360956 0.113169 0.18631 0 0 0.00760307 0.0126718 0.00354718 0.0136091 
2008 0 0.000325851 0.012324 0.0327349 0.0632401 0.0553811 0.138744 0.0407477 0.0396634 0.0215605 0.00702016 0.0170917 0.0123232 0.0101676 0.00488305 0.00575469 0.00222988 0.000666039 0 0.0596696 0.475473 
2009 0 0.00564587 0.0482083 0.0533269 0.0583016 0.12834 0.170565 0.149047 0.0492104 0.0421378 0.0418626 0.0178134 0.0792866 0.0335461 0.00643388 0.0534959 0.0215169 0.00170913 0.012593 0 0.0269606 
2010 0 0.0140184 0.00949641 0.0860562 0.0416578 0.167298 0.182769 0.140656 0.0543839 0.0426637 0.0602109 0.0506321 0.0374853 0.0601578 0.008783 0.0130496 0.0113581 0.00822368 0 0 0.0111002 
2011 0 0.0253372 0.140864 0.0838383 0.102127 0.0456934 0.112466 0.0864484 0.101614 0.0922551 0.0448705 0.0465292 0.0562458 0.00758072 0.0149975 0.00345845 0.0217813 0.00664977 0.0040529 0.00319132 0 
2012 0 0.0289401 0.0954294 0.222813 0.0730608 0.141716 0.0451521 0.0712454 0.113405 0.0901759 0.0132926 0.0131426 0.0219995 0.00906244 0.0117419 0.00934306 0 0.0114206 0.00522871 0 0.0228308 
2013 0 0 0.112097 0.171976 0.235929 0.090255 0.133784 0.0494947 0.0507294 0.0436696 0.0256195 0.0205101 0.0342456 0.0126404 0.00180413 0.00541239 0 0 0 0 0.0118348 
end_table
table error_values
1990 0 0 0 0 0 0 0 0 0 0 0 0 0 0 0 0 0 0 0 0 0 
1991 0 0 0 0 0 0 0 0 0 0 0 0 0 0 0 0 0 0 0 0 0 
1992 0 0 0 0 0 0 0 0 0 0 0 0 0 0 0 0 0 0 0 0 0 
1993 0 0 0 0 0 0 0 0 0 0 0 0 0 0 0 0 0 0 0 0 0 
1994 0 0 0 0 0 0 0 0 0 0 0 0 0 0 0 0 0 0 0 0 0 
1995 0 0 0 0 0 0 0 0 0 0 0 0 0 0 0 0 0 0 0 0 0 
1996 0 0 0 0 0 0 0 0 0 0 0 0 0 0 0 0 0 0 0 0 0 
1997 0 0 0 0 0 0 0 0 0 0 0 0 0 0 0 0 0 0 0 0 0 
1998 0 0 0 0 0 0 0 0 0 0 0 0 0 0 0 0 0 0 0 0 0 
1999 0 0 0 0 0 0 0 0 0 0 0 0 0 0 0 0 0 0 0 0 0 
2000 0 0 0 0 0 0 0 0 0 0 0 0 0 0 0 0 0 0 0 0 0 
2001 0 0 0 0 0 0 0 0 0 0 0 0 0 0 0 0 0 0 0 0 0 
2002 0 0 0 0 0 0 0 0 0 0 0 0 0 0 0 0 0 0 0 0 0 
2003 0 0 0 0 0 0 0 0 0 0 0 0 0 0 0 0 0 0 0 0 0 
2004 0 0 0 0 0 0 0 0 0 0 0 0 0 0 0 0 0 0 0 0 0 
2005 0 0 0 0 0 0 0 0 0 0 0 0 0 0 0 0 0 0 0 0 0 
2006 0 0 0 0 0 0 0 0 0 0 0 0 0 0 0 0 0 0 0 0 0 
2007 0 0 0 0 0 0 0 0 0 0 0 0 0 0 0 0 0 0 0 0 0 
2008 0 0 0 0 0 0 0 0 0 0 0 0 0 0 0 0 0 0 0 0 0 
2009 0 0 0 0 0 0 0 0 0 0 0 0 0 0 0 0 0 0 0 0 0 
2010 0 0 0 0 0 0 0 0 0 0 0 0 0 0 0 0 0 0 0 0 0 
2011 0 0 0 0 0 0 0 0 0 0 0 0 0 0 0 0 0 0 0 0 0 
2012 0 0 0 0 0 0 0 0 0 0 0 0 0 0 0 0 0 0 0 0 0 
2013 0 0 0 0 0 0 0 0 0 0 0 0 0 0 0 0 0 0 0 0 0 
end_table

