@observation BP_age_sample_sim
age_samples_per_cluster 10 
ageing_error age_error 
average_cluster_weight 6 
cluster_cv 0.6 
cluster_sigma 1.1 
fishery_label Fishing_LL 
layer_of_stratum_definitions area_definition 
max_age 20 
min_age 0 
process_label fishing 
strata_to_include BP 
type mortality_event_biomass_age_clusters 
years 1990 1991 1992 1993 1994 1995 1996 1997 1998 1999 2000 2001 2002 2003 2004 2005 2006 2007 2008 2009 2010 2011 2012 2013 
table obs
1990 0 0.0044303 0.0520258 0.0656765 0.0981524 0.0635669 0.0699589 0.0579153 0.0664995 0.0706455 0.0432023 0.0477611 0.0403379 0.0381751 0.036472 0.0246247 0.0183678 0.0187579 0.0372699 0.0332971 0.112863 
1991 0 0.00669487 0.0330502 0.0339815 0.0847767 0.103352 0.107454 0.108115 0.0695439 0.0410013 0.0299281 0.032434 0.0189131 0.0479609 0.0574646 0.0291228 0.0357982 0.0118997 0.0133191 0.0039363 0.131254 
1992 0 0.0117726 0.0276579 0.0548163 0.0849601 0.0994366 0.0977647 0.125606 0.0625675 0.0928507 0.0427193 0.0501139 0.0429307 0.026034 0.0200466 0.0177926 0.00760894 0.0116794 0.020626 0.011787 0.0912291 
1993 0 0 0.0219119 0.0915042 0.0833145 0.0944914 0.0576894 0.0393432 0.0626238 0.0738555 0.0556653 0.0415457 0.0373997 0.0259901 0.0265517 0.0399685 0.0439743 0.0613679 0.0303955 0.0135547 0.0988526 
1994 0 0.00853131 0.0079126 0.0303955 0.0752817 0.0842901 0.0937219 0.0619373 0.0567704 0.0575252 0.0298297 0.0542708 0.0267179 0.0394796 0.0245189 0.0335253 0.0157616 0.0162046 0.0106522 0.0185383 0.254135 
1995 0 0.0167512 0.0845663 0.0267576 0.0542416 0.0790897 0.0577941 0.0577866 0.0654884 0.060737 0.0484252 0.0297103 0.0274989 0.0500125 0.0272482 0.0239585 0.0148141 0.0128987 0.0304052 0.0054713 0.226345 
1996 0 0.0209047 0.0556885 0.148699 0.0290947 0.069346 0.102286 0.0544715 0.0758424 0.0576355 0.0309058 0.0327074 0.0340526 0.0434944 0.0235331 0.0158753 0.0074089 0.00324348 0.00773278 0.00587031 0.181208 
1997 0 0.00869119 0.0504356 0.134206 0.245949 0.0946201 0.084189 0.0303301 0.0205996 0.0337824 0.0389869 0.0259876 0.028162 0.023695 0.040527 0.0188907 0.00284393 0.0115775 0.00928198 0.0242768 0.072968 
1998 0 0.00264778 0.00292933 0.00798807 0.0139235 0.0154092 0.000587716 0.00242689 0.00244404 0.00379166 0.00165996 0.000905205 0.000757144 0.000258769 0.000347316 5.63043e-005 0.00115867 0.00170985 0.00132758 0.000403211 0.939268 
1999 0 0.00502186 0.0952918 0.0841151 0.130716 0.164077 0.226897 0.0496597 0.0445214 0.0665147 0.0267029 0.0209603 0.0124753 0.00695037 0.00671079 0.00586397 0.00237401 0.00600727 0.00688581 0.0052553 0.0329993 
2000 0 0.00664754 0.0503844 0.27238 0.112942 0.133694 0.134808 0.148654 0.0112149 0.0236823 0.0183248 0.00427005 0.0073478 0.00955094 0.0104951 0.0048273 0.00101925 0 0 0 0.0497574 
2001 0 0.0296235 0.0630183 0.0842135 0.375286 0.0948241 0.0908525 0.0836883 0.0936929 0.0108475 0.00822419 0.0145492 0.00422753 0.00264694 0.0030558 0.0109202 0.00326688 0.00217792 0.00112874 0.00056437 0.0231914 
2002 0 0.0137176 0.0750263 0.110071 0.120513 0.295505 0.0470517 0.0381856 0.0582588 0.0896393 0.0255659 0.00721259 0.00887676 0.0191759 0.00372988 0.00244969 0.00817472 0.00827395 0.00337457 0.0114326 0.0537648 
2003 0 0.0141769 0.0194679 0.0946847 0.164231 0.0832737 0.124316 0.0800058 0.0606367 0.111019 0.115657 0.0127391 0.0193544 0.00745737 0.00982435 0.00735094 0.019282 0.0146676 0.00477474 0.00585647 0.0312246 
2004 0 0.037407 0.0844306 0.107867 0.211611 0.1428 0.0552498 0.144862 0.0401591 0.0272866 0.0344111 0.059211 0.00649852 0.0217748 0.00698236 0.00424179 0.0128391 0.000583345 0.00178637 0 0 
2005 0 0.0200217 0.0434531 0.100344 0.0980123 0.117175 0.0858486 0.0552582 0.219258 0.072248 0.0402051 0.0571141 0.044313 0.0024319 0.00492411 0.0196964 0.00984822 0.00492411 0.00492411 0 0 
2006 0 0.00586896 0.0358665 0.0928553 0.243127 0.130307 0.170908 0.0950668 0.0340262 0.0783579 0.0137624 0.012199 0.0148169 0.00744781 0.0105955 0.00443095 0.0206033 0.0224038 0.000606378 0.00553717 0.00121276 
2007 0 0.000935843 0.0112318 0.0483822 0.11122 0.119712 0.0672837 0.090639 0.0972769 0.0608389 0.128192 0.040941 0.0305488 0.047947 0.13863 0 0.000691136 0.00276454 0.00207341 0.000691136 0 
2008 0 0 0.00189256 0.0158517 0.0233143 0.0303309 0.0414132 0.0143158 0.0227704 0.0118472 0.00488739 0.0176666 0.00586882 0.00246935 0.00303984 0.0109231 0.00240755 0 0 0.111905 0.679096 
2009 0 0.00176691 0.0260503 0.0321465 0.108698 0.17206 0.184343 0.152849 0.074219 0.0522036 0.0404811 0.0133739 0.0532688 0.0188351 0.00837907 0.0444075 0.0140118 0.00145367 0.00145367 0 0 
2010 0 0.0536575 0.0325427 0.127834 0.0735584 0.126174 0.0908545 0.111425 0.0914944 0.0321426 0.046923 0.0720017 0.0401552 0.0791431 0.0072601 0.0085206 0.00631339 0 0 0 0 
2011 0 0.0487609 0.127173 0.0818508 0.0915578 0.064951 0.0586588 0.101317 0.0601409 0.0620896 0.0653584 0.0676967 0.0510265 0.0308211 0.0596628 0.00463544 0 0 0 0 0.0242998 
2012 0 0.0730224 0.0852724 0.18771 0.0472191 0.105994 0.0158675 0.0737026 0.0685799 0.0794931 0.0622845 0.0302039 0.0853549 0.0301946 0.0124159 0.0162322 0 0 0.00259458 0.0114434 0.0124151 
2013 0 0.0177585 0.0539197 0.175456 0.328908 0.034139 0.0770889 0.0289869 0.0468073 0.0687908 0.0512137 0.0313353 0.0141935 0.0212801 0.00127668 0.00182639 0.0366927 0.0103254 0 0 0 
end_table
table error_values
1990 0 0 0 0 0 0 0 0 0 0 0 0 0 0 0 0 0 0 0 0 0 
1991 0 0 0 0 0 0 0 0 0 0 0 0 0 0 0 0 0 0 0 0 0 
1992 0 0 0 0 0 0 0 0 0 0 0 0 0 0 0 0 0 0 0 0 0 
1993 0 0 0 0 0 0 0 0 0 0 0 0 0 0 0 0 0 0 0 0 0 
1994 0 0 0 0 0 0 0 0 0 0 0 0 0 0 0 0 0 0 0 0 0 
1995 0 0 0 0 0 0 0 0 0 0 0 0 0 0 0 0 0 0 0 0 0 
1996 0 0 0 0 0 0 0 0 0 0 0 0 0 0 0 0 0 0 0 0 0 
1997 0 0 0 0 0 0 0 0 0 0 0 0 0 0 0 0 0 0 0 0 0 
1998 0 0 0 0 0 0 0 0 0 0 0 0 0 0 0 0 0 0 0 0 0 
1999 0 0 0 0 0 0 0 0 0 0 0 0 0 0 0 0 0 0 0 0 0 
2000 0 0 0 0 0 0 0 0 0 0 0 0 0 0 0 0 0 0 0 0 0 
2001 0 0 0 0 0 0 0 0 0 0 0 0 0 0 0 0 0 0 0 0 0 
2002 0 0 0 0 0 0 0 0 0 0 0 0 0 0 0 0 0 0 0 0 0 
2003 0 0 0 0 0 0 0 0 0 0 0 0 0 0 0 0 0 0 0 0 0 
2004 0 0 0 0 0 0 0 0 0 0 0 0 0 0 0 0 0 0 0 0 0 
2005 0 0 0 0 0 0 0 0 0 0 0 0 0 0 0 0 0 0 0 0 0 
2006 0 0 0 0 0 0 0 0 0 0 0 0 0 0 0 0 0 0 0 0 0 
2007 0 0 0 0 0 0 0 0 0 0 0 0 0 0 0 0 0 0 0 0 0 
2008 0 0 0 0 0 0 0 0 0 0 0 0 0 0 0 0 0 0 0 0 0 
2009 0 0 0 0 0 0 0 0 0 0 0 0 0 0 0 0 0 0 0 0 0 
2010 0 0 0 0 0 0 0 0 0 0 0 0 0 0 0 0 0 0 0 0 0 
2011 0 0 0 0 0 0 0 0 0 0 0 0 0 0 0 0 0 0 0 0 0 
2012 0 0 0 0 0 0 0 0 0 0 0 0 0 0 0 0 0 0 0 0 0 
2013 0 0 0 0 0 0 0 0 0 0 0 0 0 0 0 0 0 0 0 0 0 
end_table

