@observation BP_age_sample_sim
age_samples_per_cluster 10 
ageing_error age_error 
average_cluster_weight 6 
cluster_cv 0.6 
cluster_sigma 1.1 
fishery_label Fishing_LL 
layer_of_stratum_definitions area_definition 
max_age 20 
min_age 0 
process_label fishing 
strata_to_include BP 
type mortality_event_biomass_age_clusters 
years 1990 1991 1992 1993 1994 1995 1996 1997 1998 1999 2000 2001 2002 2003 2004 2005 2006 2007 2008 2009 2010 2011 2012 2013 
table obs
1990 0 0.014435 0.0232408 0.0244495 0.0788309 0.141123 0.0974666 0.0577162 0.0779448 0.0587853 0.0317119 0.0436149 0.0372707 0.0671567 0.0682318 0.0416859 0.030705 0.00900385 0.00723094 0.00655431 0.082842 
1991 0 0.020416 0.0533743 0.151125 0.097163 0.132184 0.0896128 0.0845907 0.0482918 0.0455015 0.016703 0.019786 0.0249849 0.0450548 0.018291 0.00773123 0.0104462 0.0101478 0.00905356 0.0102796 0.105263 
1992 0 0.0129081 0.024668 0.0672067 0.121277 0.118772 0.108738 0.0719227 0.0697981 0.081581 0.0448348 0.0298705 0.0281954 0.0194811 0.00672318 0.0111848 0.00955532 0.0293876 0.0173236 0.0147784 0.111794 
1993 0 0.00141443 0.0246772 0.0651773 0.0925149 0.106837 0.085552 0.0580829 0.0369643 0.0404768 0.041837 0.0373861 0.0343581 0.0151061 0.00845204 0.0438426 0.0309731 0.0402721 0.0297409 0.0151755 0.19116 
1994 0 0.00901013 0.0189037 0.059175 0.161644 0.101857 0.0830823 0.053183 0.0448401 0.0819929 0.0379704 0.0506021 0.0545646 0.0312634 0.0254866 0.0220994 0.00516554 0.0150329 0.0198179 0.0110084 0.113301 
1995 0 0.0132657 0.151054 0.0263971 0.0649585 0.132452 0.0817832 0.102066 0.0833318 0.0415829 0.0340279 0.0357798 0.020057 0.025652 0.00843917 0.020664 0.0263856 0.0239407 0.0231169 0.0323943 0.0526521 
1996 0 0.0108641 0.0800912 0.248494 0.0187932 0.0446773 0.0813789 0.0590902 0.0364809 0.0393653 0.0378332 0.052651 0.0442314 0.024311 0.0206402 0.0132465 0.0269132 0.0407727 0.0313939 0.00403003 0.0847422 
1997 0 0.00126633 0.0425538 0.164194 0.271372 0.0698064 0.0766044 0.103615 0.0442547 0.0500751 0.0317738 0.0182216 0.0154274 0.00974566 0.00220477 0.00139739 0.0032968 0.000502025 0.00692075 0.00234225 0.0844252 
1998 0 0.00142353 0.0040115 0.0188133 0.0566752 0.080887 0.00865096 0.00997473 0.0148746 0.00685324 0.00240407 0.00166172 0.00184217 0.00307061 0.00369375 0.00378749 0.00195547 0.00349815 0.00289134 0.00567037 0.767361 
1999 0 0.00040079 0.105488 0.0448016 0.124525 0.142134 0.14303 0.0173777 0.0464122 0.0781611 0.063271 0.0293827 0.019962 0.0427677 0.0243498 0.038406 0.0114692 0.00740771 0.0101771 0.00218778 0.0482885 
2000 0 0.0129047 0.0346383 0.309223 0.106299 0.0805202 0.088588 0.123767 0.0219382 0.0221629 0.0550292 0.0245001 0.031084 0.0212646 0.0078613 0.00447832 0.0113345 0.00462818 0.0142754 0.00459803 0.0209049 
2001 0 0.0208661 0.0648779 0.0723889 0.43691 0.076512 0.054738 0.0631883 0.0561343 0.00643515 0.0137815 0.0274353 0.0259354 0.00371011 0.020096 0.00371011 0 0.00358349 0.00895874 0.00405513 0.0366842 
2002 0 0.0289148 0.0626418 0.0897578 0.096915 0.287808 0.0549582 0.0726377 0.0847574 0.0923714 0.012755 0.0321826 0.013059 0.0271195 0.00743792 0.00232603 0 0 0 0.00364322 0.030715 
2003 0 0.00554754 0.0563934 0.14102 0.142135 0.0859665 0.201938 0.0759139 0.0597603 0.0476181 0.0588545 0.000662136 0.00495947 0.011808 0.0157281 0.0142482 0.0116772 0.0352075 0.0106113 0.00126958 0.0186823 
2004 0 0.00340594 0.032917 0.0645795 0.26789 0.158629 0.1242 0.152413 0.0409135 0.0181046 0.0219609 0.0488078 0.0100594 0.00724175 0.00593024 0.0214798 0.00334413 0.00790267 0 0 0.0102223 
2005 0 0.00482952 0.060692 0.0960044 0.109495 0.133241 0.0822627 0.0306971 0.13998 0.0930974 0.0637054 0.0535467 0.0389928 0.00347975 0.03048 0.0359681 0.023527 0 0 0 0 
2006 0 0.00329404 0.0316757 0.134191 0.205449 0.127296 0.117792 0.0946622 0.0638924 0.139475 0.0334377 0.0155299 0.0154415 0.0131304 0 0 0 0 0 0 0.00473267 
2007 0 0 0.0252312 0.0594447 0.132586 0.091089 0.0658993 0.0419948 0.0538377 0.0404107 0.0546516 0.038328 0.0248033 0.0559015 0.259686 0 0 0.0157536 0.00934903 0.00147222 0.029561 
2008 0 0.000553585 0.00137431 0.0121792 0.0156304 0.0215574 0.0320751 0.00892396 0.0147574 0.00935948 0.00255178 0.00414687 0.00204063 0.00209107 0.00378794 0.00633454 0.00046451 0.000309673 0.000154837 0 0.861707 
2009 0 0.00526608 0.0847145 0.0847445 0.143208 0.133693 0.117019 0.0913085 0.0433775 0.0744063 0.0532644 0.027627 0.0869944 0.0230978 0.00125187 0.0100149 0 0 0 0 0.0200126 
2010 0 0.00648222 0.00318553 0.0382866 0.0324856 0.111981 0.15912 0.103472 0.0664686 0.0715718 0.0952619 0.059522 0.0347378 0.0293641 0.0147132 0.0194506 0.0360587 0.0192208 0.0160902 0.000892536 0.0816348 
2011 0 0.0536749 0.110519 0.0239003 0.129692 0.0484259 0.096118 0.118408 0.100727 0.0800204 0.0328487 0.0367352 0.0437901 0.0142437 0.0394993 0.0142358 0.0151184 0.00996451 0.0280327 0 0.00404646 
2012 0 0.0123592 0.115607 0.175953 0.039524 0.123392 0.0321357 0.0960947 0.166425 0.0919703 0.0293845 0.00792747 0.0274373 0.00881446 0.00706299 0.0181964 0.00586332 0.0234373 0.000820651 0.00170894 0.0158863 
2013 0 0.0118265 0.0358167 0.19472 0.231673 0.0686395 0.0749529 0.0284901 0.0374264 0.0537027 0.0604522 0.028924 0.0259823 0.0176563 0.00935508 0.0266883 0.0282765 0.0196879 0.00645606 0.0191294 0.0201442 
end_table
table error_values
1990 0 0 0 0 0 0 0 0 0 0 0 0 0 0 0 0 0 0 0 0 0 
1991 0 0 0 0 0 0 0 0 0 0 0 0 0 0 0 0 0 0 0 0 0 
1992 0 0 0 0 0 0 0 0 0 0 0 0 0 0 0 0 0 0 0 0 0 
1993 0 0 0 0 0 0 0 0 0 0 0 0 0 0 0 0 0 0 0 0 0 
1994 0 0 0 0 0 0 0 0 0 0 0 0 0 0 0 0 0 0 0 0 0 
1995 0 0 0 0 0 0 0 0 0 0 0 0 0 0 0 0 0 0 0 0 0 
1996 0 0 0 0 0 0 0 0 0 0 0 0 0 0 0 0 0 0 0 0 0 
1997 0 0 0 0 0 0 0 0 0 0 0 0 0 0 0 0 0 0 0 0 0 
1998 0 0 0 0 0 0 0 0 0 0 0 0 0 0 0 0 0 0 0 0 0 
1999 0 0 0 0 0 0 0 0 0 0 0 0 0 0 0 0 0 0 0 0 0 
2000 0 0 0 0 0 0 0 0 0 0 0 0 0 0 0 0 0 0 0 0 0 
2001 0 0 0 0 0 0 0 0 0 0 0 0 0 0 0 0 0 0 0 0 0 
2002 0 0 0 0 0 0 0 0 0 0 0 0 0 0 0 0 0 0 0 0 0 
2003 0 0 0 0 0 0 0 0 0 0 0 0 0 0 0 0 0 0 0 0 0 
2004 0 0 0 0 0 0 0 0 0 0 0 0 0 0 0 0 0 0 0 0 0 
2005 0 0 0 0 0 0 0 0 0 0 0 0 0 0 0 0 0 0 0 0 0 
2006 0 0 0 0 0 0 0 0 0 0 0 0 0 0 0 0 0 0 0 0 0 
2007 0 0 0 0 0 0 0 0 0 0 0 0 0 0 0 0 0 0 0 0 0 
2008 0 0 0 0 0 0 0 0 0 0 0 0 0 0 0 0 0 0 0 0 0 
2009 0 0 0 0 0 0 0 0 0 0 0 0 0 0 0 0 0 0 0 0 0 
2010 0 0 0 0 0 0 0 0 0 0 0 0 0 0 0 0 0 0 0 0 0 
2011 0 0 0 0 0 0 0 0 0 0 0 0 0 0 0 0 0 0 0 0 0 
2012 0 0 0 0 0 0 0 0 0 0 0 0 0 0 0 0 0 0 0 0 0 
2013 0 0 0 0 0 0 0 0 0 0 0 0 0 0 0 0 0 0 0 0 0 
end_table

