@observation BP_age_sample_sim
age_samples_per_cluster 10 
ageing_error age_error 
average_cluster_weight 6 
cluster_cv 0.6 
cluster_sigma 1.1 
fishery_label Fishing_LL 
layer_of_stratum_definitions area_definition 
max_age 20 
min_age 0 
process_label fishing 
strata_to_include BP 
type mortality_event_biomass_age_clusters 
years 1990 1991 1992 1993 1994 1995 1996 1997 1998 1999 2000 2001 2002 2003 2004 2005 2006 2007 2008 2009 2010 2011 2012 2013 
table obs
1990 0 0.00385971 0.0339578 0.0949098 0.0889219 0.0787812 0.0911725 0.0575614 0.0676389 0.102805 0.0574008 0.03342 0.0150357 0.0145867 0.0169638 0.0528457 0.0184801 0.0213008 0.00885759 0.0158337 0.125667 
1991 0 0.00249657 0.00507342 0.0538975 0.0575394 0.0747873 0.108943 0.0798258 0.0668103 0.081506 0.0407685 0.0274451 0.030314 0.0332148 0.0373396 0.0321672 0.0507269 0.0384671 0.0346437 0.0138589 0.130175 
1992 0 0 0.0258541 0.0706318 0.106888 0.094785 0.0735929 0.0693522 0.0404843 0.0626613 0.0506796 0.0297197 0.0326946 0.0292438 0.0353903 0.0120093 0.018613 0.023306 0.0327995 0.0155948 0.1757 
1993 0 0.00139133 0.0172479 0.0519717 0.0670421 0.0820212 0.0883694 0.0588485 0.0591443 0.0673553 0.0655823 0.0790211 0.0431693 0.0205043 0.0200539 0.0223356 0.0136294 0.021451 0.0305298 0.0206389 0.169693 
1994 0 0.01982 0.0191163 0.0811393 0.103436 0.0836923 0.0705094 0.0526091 0.0799058 0.0696523 0.0492265 0.029666 0.0224994 0.0390711 0.0299017 0.0205328 0.0068809 0.0160918 0.0295117 0.0199337 0.156804 
1995 0 0.0277258 0.111276 0.0355567 0.0830686 0.115431 0.0794133 0.0631323 0.0910908 0.0800446 0.057119 0.0471346 0.025238 0.00835825 0.0103927 0.00718779 0.0100789 0.0226743 0.0215 0.00503907 0.0985391 
1996 0 0.00554416 0.0645406 0.274955 0.0570946 0.0680159 0.0824566 0.0721432 0.0812258 0.0564939 0.0181365 0.0176243 0.0172232 0.0261425 0.0287178 0.0151756 0.00418951 0.00107635 0.0117775 0.00650607 0.0909612 
1997 0 0.0194151 0.0359562 0.10972 0.319762 0.0612991 0.0656828 0.0453901 0.0497644 0.041005 0.0284439 0.0385784 0.0167117 0.0172998 0.0105611 0.0320122 0.0172049 0.0145378 0.0134443 0.0145248 0.0486872 
1998 0 0.00187543 0.00153794 0.00508401 0.0103943 0.0167889 0.000831036 0.0039033 0.00696334 0.00847999 0.0036939 0.00327114 0.00264885 0.0021662 0.00221135 0.00246948 0.000527329 0.000367027 0.00116264 0.00199708 0.923627 
1999 0 0.00636826 0.211715 0.09524 0.0803226 0.132365 0.0794695 0.0238308 0.034403 0.0480146 0.0579814 0.0245279 0.0180856 0.0157919 0.0196753 0.0126937 0.0199559 0.0144715 0.0287678 0.0212699 0.0550504 
2000 0 0.0135228 0.040435 0.228007 0.121386 0.115565 0.101131 0.143335 0.0157583 0.0247095 0.0632593 0.013915 0.0140357 0.0267182 0.01962 0.00517292 0.00947062 0.0132859 0.000699919 0.00209976 0.0278733 
2001 0 0.0271267 0.0618499 0.109047 0.28228 0.125905 0.103125 0.0710902 0.101657 0.00168663 0.015198 0.0266012 0.00667619 0.00681426 0.0121475 0.0121029 0.00524611 0.00139599 0 0.00104271 0.0290077 
2002 0 0.0166352 0.059757 0.105701 0.103304 0.315893 0.0335453 0.0480638 0.0776448 0.0859148 0.0215881 0.0134053 0.0270634 0.0173892 0.0227011 0.00548317 0.00289217 0.00103017 0.00206033 0.00163955 0.0382892 
2003 0 0.0088804 0.0183113 0.12503 0.188296 0.110552 0.270758 0.0863676 0.0529273 0.0767756 0.0437841 0.00126379 0 0.00947416 0.00568449 0.00189483 0 0 0 0 0 
2004 0 0.0288176 0.0402352 0.0591879 0.173288 0.104722 0.0613557 0.169964 0.0400659 0.0638365 0.0690117 0.0856252 0 0 0.0107845 0.00808841 0 0.0106452 0.00315178 0.00105059 0.0701698 
2005 0 0.00340432 0.0445126 0.109042 0.127397 0.176214 0.144311 0.0399612 0.0900643 0.0847854 0.035229 0.0232356 0.0689021 0.00112638 0.0053049 0.00499624 0.00804838 0.00101738 0.0017261 0.00500475 0.0257171 
2006 0 0.000440317 0.0286591 0.10757 0.267135 0.130416 0.239946 0.0598886 0.0255367 0.0622442 0.027209 0.00931579 0.0111465 0.0160844 0 0 0 0 0.00066516 0.00066516 0.0130783 
2007 0 0 0.0221975 0.0948581 0.173552 0.120837 0.0814669 0.0867767 0.0691857 0.0375345 0.102068 0.0289209 0.0571981 0.0277006 0.0635766 0.0060495 0.00302475 0.00907425 0.00907425 0 0.00690494 
2008 0 0.00117101 0.00014967 0.0175824 0.0369214 0.030383 0.0397224 0.0194038 0.0188375 0.015126 0.00698825 0.0114446 0.00629224 0.0023185 0.00322684 0.00648462 0.00189669 0.00463395 0.000290548 0.00124253 0.775884 
2009 0 0.00362581 0.0253429 0.0360336 0.11463 0.189911 0.100174 0.184521 0.0835673 0.0822659 0.0629293 0.0266057 0.0232829 0.0203971 0.0117138 0.00629845 0.00856461 0.00453232 0.00453232 0 0.011071 
2010 0 0.0591016 0.0111083 0.0572996 0.0212943 0.0901156 0.161922 0.177131 0.12553 0.0468589 0.0411667 0.0340167 0.0436167 0.0377624 0.00793262 0.0291604 0.0161947 0.030565 0.00493471 0 0.00428951 
2011 0 0.0472603 0.084916 0.0431191 0.110174 0.0530448 0.0793719 0.112163 0.0979861 0.101452 0.0540484 0.0425635 0.0274772 0.0225188 0.0506239 0.0214065 0.00404712 0.0274539 0.0121339 0 0.00823985 
2012 0 0.0350735 0.139336 0.236754 0.0550523 0.077612 0.0235193 0.043667 0.0630151 0.0860433 0.0485927 0.0234813 0.0541664 0.0194013 0.031076 0 0.00147414 0.0046706 0.00976401 0.00449595 0.0428056 
2013 0 0.00492142 0.0699575 0.187431 0.297593 0.0336816 0.0452671 0.0386287 0.0417139 0.0603599 0.077723 0.0434088 0.034374 0.0158591 0.00436552 0.00873103 0.00734671 0.00771917 0 0.00252847 0.0183901 
end_table
table error_values
1990 0 0 0 0 0 0 0 0 0 0 0 0 0 0 0 0 0 0 0 0 0 
1991 0 0 0 0 0 0 0 0 0 0 0 0 0 0 0 0 0 0 0 0 0 
1992 0 0 0 0 0 0 0 0 0 0 0 0 0 0 0 0 0 0 0 0 0 
1993 0 0 0 0 0 0 0 0 0 0 0 0 0 0 0 0 0 0 0 0 0 
1994 0 0 0 0 0 0 0 0 0 0 0 0 0 0 0 0 0 0 0 0 0 
1995 0 0 0 0 0 0 0 0 0 0 0 0 0 0 0 0 0 0 0 0 0 
1996 0 0 0 0 0 0 0 0 0 0 0 0 0 0 0 0 0 0 0 0 0 
1997 0 0 0 0 0 0 0 0 0 0 0 0 0 0 0 0 0 0 0 0 0 
1998 0 0 0 0 0 0 0 0 0 0 0 0 0 0 0 0 0 0 0 0 0 
1999 0 0 0 0 0 0 0 0 0 0 0 0 0 0 0 0 0 0 0 0 0 
2000 0 0 0 0 0 0 0 0 0 0 0 0 0 0 0 0 0 0 0 0 0 
2001 0 0 0 0 0 0 0 0 0 0 0 0 0 0 0 0 0 0 0 0 0 
2002 0 0 0 0 0 0 0 0 0 0 0 0 0 0 0 0 0 0 0 0 0 
2003 0 0 0 0 0 0 0 0 0 0 0 0 0 0 0 0 0 0 0 0 0 
2004 0 0 0 0 0 0 0 0 0 0 0 0 0 0 0 0 0 0 0 0 0 
2005 0 0 0 0 0 0 0 0 0 0 0 0 0 0 0 0 0 0 0 0 0 
2006 0 0 0 0 0 0 0 0 0 0 0 0 0 0 0 0 0 0 0 0 0 
2007 0 0 0 0 0 0 0 0 0 0 0 0 0 0 0 0 0 0 0 0 0 
2008 0 0 0 0 0 0 0 0 0 0 0 0 0 0 0 0 0 0 0 0 0 
2009 0 0 0 0 0 0 0 0 0 0 0 0 0 0 0 0 0 0 0 0 0 
2010 0 0 0 0 0 0 0 0 0 0 0 0 0 0 0 0 0 0 0 0 0 
2011 0 0 0 0 0 0 0 0 0 0 0 0 0 0 0 0 0 0 0 0 0 
2012 0 0 0 0 0 0 0 0 0 0 0 0 0 0 0 0 0 0 0 0 0 
2013 0 0 0 0 0 0 0 0 0 0 0 0 0 0 0 0 0 0 0 0 0 
end_table

