@observation BP_age_sample_sim
age_samples_per_cluster 10 
ageing_error age_error 
average_cluster_weight 6 
cluster_cv 0.6 
cluster_sigma 1.1 
fishery_label Fishing_LL 
layer_of_stratum_definitions area_definition 
max_age 20 
min_age 0 
process_label fishing 
strata_to_include BP 
type mortality_event_biomass_age_clusters 
years 1990 1991 1992 1993 1994 1995 1996 1997 1998 1999 2000 2001 2002 2003 2004 2005 2006 2007 2008 2009 2010 2011 2012 2013 
table obs
1990 0 0.00894957 0.0467411 0.0453085 0.0770192 0.0855942 0.0907023 0.0635525 0.0649449 0.0667074 0.0172225 0.01809 0.0442366 0.0315529 0.033023 0.030986 0.0282446 0.0136994 0.0175969 0.0468087 0.16902 
1991 0 0.0184377 0.0550516 0.0850594 0.110977 0.0834428 0.0860568 0.077365 0.0447899 0.036794 0.032 0.04595 0.0425801 0.0469091 0.0199701 0.0175271 0.0139521 0.00447553 0.00909873 0.0191441 0.150419 
1992 0 0.00199019 0.0626612 0.0637998 0.0913198 0.0857012 0.0779571 0.0829661 0.108627 0.0721216 0.0370295 0.0332612 0.0349936 0.0321648 0.0351519 0.0169025 0.0198825 0.00702602 0.0200746 0.0286741 0.0876956 
1993 0 0.0264161 0.0242642 0.10374 0.10324 0.0933946 0.0886427 0.0822514 0.0478107 0.040825 0.0593719 0.0212932 0.024914 0.0383507 0.0161269 0.0122504 0.00321238 0.00635247 0.0191841 0.00227276 0.186086 
1994 0 0.0266186 0.0222062 0.065798 0.134456 0.100631 0.106915 0.153021 0.0699056 0.0463817 0.0397511 0.0749206 0.0101157 0.0129714 0.00480238 0.00622902 0.00847417 0.012073 0.00833817 0.00430898 0.0920818 
1995 0 0.0665674 0.082326 0.0159636 0.0930364 0.110067 0.0671687 0.0733194 0.0599566 0.0568891 0.0689393 0.0561139 0.0366594 0.0251219 0.014929 0.0146344 0.0110884 0.0141452 0.0100616 0.00552425 0.117488 
1996 0 0.00802533 0.0816451 0.166142 0.036119 0.0568338 0.075518 0.070323 0.0504119 0.0510888 0.0301292 0.0534777 0.0252881 0.0328357 0.0525193 0.0225769 0.0301745 0.0097508 0.00918521 0.022003 0.115952 
1997 0 0.0269229 0.0528818 0.118925 0.270335 0.0481721 0.039736 0.0604134 0.0306267 0.0297762 0.0236514 0.0230849 0.0237526 0.0285645 0.0663106 0.0473343 0.0219004 0.0154111 0.00304845 0.00689148 0.062261 
1998 0 0.00944428 0.00750563 0.0176132 0.025651 0.0561204 0.00258083 0.00366879 0.00575091 0.0062759 0.00499194 0.00437197 0.00271446 0.00401177 0.0123435 0.0119827 0.00566288 0.0199988 0.00780752 0.00541998 0.786084 
1999 0 0.00257574 0.108579 0.109268 0.124096 0.14785 0.174391 0.017887 0.0125059 0.0306591 0.030472 0.0125217 0.0276762 0.029397 0.0227254 0.00444837 0.0146826 0.00690545 0.00417878 0.0145146 0.104666 
2000 0 0.0187916 0.0717684 0.202946 0.0957209 0.073821 0.132746 0.11341 0.0122003 0.0373182 0.0358199 0.0179424 0.0270613 0.0224821 0.0181894 0.0113007 0.0186403 0.0217573 0.0121445 0.021089 0.0348506 
2001 0 0.0110973 0.0208262 0.0405756 0.367722 0.0791491 0.082697 0.0896522 0.0775849 0.0161992 0.0311277 0.0483195 0.0227591 0.0173039 0.0128329 0.00289411 0.00431323 0.00573235 0.0165894 0.0097664 0.042858 
2002 0 0.0146319 0.0755749 0.0799516 0.12334 0.324934 0.111231 0.0737223 0.0611414 0.050193 0.00593932 0.015796 0.0179427 0.0122649 0.00516627 0.00309747 0.00411467 0 0 0 0.0209593 
2003 0 0.028489 0.0137242 0.131887 0.142889 0.0902082 0.213992 0.0940593 0.073075 0.0868171 0.0542929 0 0.0154009 0.0193112 0.00614556 0.00608908 0 0 0 0.0104975 0.0131219 
2004 0 0.0192905 0.0426917 0.031263 0.194093 0.127266 0.073806 0.21275 0.0518137 0.0567642 0.0513915 0.0435141 0.0102229 0.0216461 0.0218451 0.00669423 0.0177442 0.0172043 0 0 0 
2005 0 0.00104 0.0748579 0.141591 0.093328 0.147043 0.0825637 0.0387803 0.135287 0.0705227 0.045283 0.0459632 0.0516243 0.000917375 0.0232412 0.0168295 0.00534658 0.0035717 0.00177488 0.00177488 0.01866 
2006 0 0.0113693 0.0304258 0.11717 0.209368 0.116019 0.179646 0.0862796 0.0380921 0.0899303 0.025936 0.00765708 0.0122669 0.0257762 0.00279124 0.00234366 0.00139562 0.00189609 0.00826253 0.00922422 0.0241499 
2007 0 0.000320569 0.00582641 0.0205443 0.0359244 0.0290056 0.0170243 0.0191447 0.0156402 0.012298 0.017703 0.00315457 0.00272782 0.00531186 0.810581 0 0 0 0 0 0.00479357 
2008 0 0.000488957 0.00373289 0.0184259 0.0372385 0.0417805 0.0488153 0.0165256 0.031125 0.0146009 0.00462749 0.0100596 0.00680593 0.00299424 0.00519049 0.0224014 0.0050906 0.00148459 0.00208411 0.117094 0.609434 
2009 0 0.00622757 0.0251778 0.0419344 0.0962401 0.129258 0.200568 0.177464 0.0602084 0.0404354 0.0389155 0.0168131 0.126992 0.0153236 0.00171356 0.00395339 0.00533645 0.00447967 0.00895934 0 0 
2010 0 0.0311386 0.0224051 0.0618295 0.049904 0.107668 0.112036 0.0836446 0.119361 0.0892664 0.0948361 0.0457999 0.0340646 0.0392022 0.0132751 0.0188754 0.0132498 0.00858147 0.00172072 0 0.0531411 
2011 0 0.0595794 0.119311 0.0409605 0.094027 0.0285114 0.0863437 0.107903 0.0866395 0.0750694 0.0391685 0.0584386 0.0516333 0.0120803 0.0221444 0.00230067 0.00919888 0.0100729 0.019286 0.00571692 0.0716143 
2012 0 0.0332974 0.095896 0.181621 0.0626091 0.0775639 0.0231364 0.0424136 0.106095 0.0945632 0.0904173 0.0467316 0.0474493 0.0235182 0.0195002 0.0338974 0.00308249 0.00442035 0.0059357 0.00660688 0.00124447 
2013 0 0.00661629 0.0530083 0.19758 0.202216 0.0431849 0.0720246 0.0489338 0.0654446 0.0760831 0.0930277 0.0307832 0.014811 0.00176339 0.00501541 0.000896817 0.013132 0.0146505 0.0212504 0.00296991 0.0366083 
end_table
table error_values
1990 0 0 0 0 0 0 0 0 0 0 0 0 0 0 0 0 0 0 0 0 0 
1991 0 0 0 0 0 0 0 0 0 0 0 0 0 0 0 0 0 0 0 0 0 
1992 0 0 0 0 0 0 0 0 0 0 0 0 0 0 0 0 0 0 0 0 0 
1993 0 0 0 0 0 0 0 0 0 0 0 0 0 0 0 0 0 0 0 0 0 
1994 0 0 0 0 0 0 0 0 0 0 0 0 0 0 0 0 0 0 0 0 0 
1995 0 0 0 0 0 0 0 0 0 0 0 0 0 0 0 0 0 0 0 0 0 
1996 0 0 0 0 0 0 0 0 0 0 0 0 0 0 0 0 0 0 0 0 0 
1997 0 0 0 0 0 0 0 0 0 0 0 0 0 0 0 0 0 0 0 0 0 
1998 0 0 0 0 0 0 0 0 0 0 0 0 0 0 0 0 0 0 0 0 0 
1999 0 0 0 0 0 0 0 0 0 0 0 0 0 0 0 0 0 0 0 0 0 
2000 0 0 0 0 0 0 0 0 0 0 0 0 0 0 0 0 0 0 0 0 0 
2001 0 0 0 0 0 0 0 0 0 0 0 0 0 0 0 0 0 0 0 0 0 
2002 0 0 0 0 0 0 0 0 0 0 0 0 0 0 0 0 0 0 0 0 0 
2003 0 0 0 0 0 0 0 0 0 0 0 0 0 0 0 0 0 0 0 0 0 
2004 0 0 0 0 0 0 0 0 0 0 0 0 0 0 0 0 0 0 0 0 0 
2005 0 0 0 0 0 0 0 0 0 0 0 0 0 0 0 0 0 0 0 0 0 
2006 0 0 0 0 0 0 0 0 0 0 0 0 0 0 0 0 0 0 0 0 0 
2007 0 0 0 0 0 0 0 0 0 0 0 0 0 0 0 0 0 0 0 0 0 
2008 0 0 0 0 0 0 0 0 0 0 0 0 0 0 0 0 0 0 0 0 0 
2009 0 0 0 0 0 0 0 0 0 0 0 0 0 0 0 0 0 0 0 0 0 
2010 0 0 0 0 0 0 0 0 0 0 0 0 0 0 0 0 0 0 0 0 0 
2011 0 0 0 0 0 0 0 0 0 0 0 0 0 0 0 0 0 0 0 0 0 
2012 0 0 0 0 0 0 0 0 0 0 0 0 0 0 0 0 0 0 0 0 0 
2013 0 0 0 0 0 0 0 0 0 0 0 0 0 0 0 0 0 0 0 0 0 
end_table

