@observation BP_age_sample_sim
age_samples_per_cluster 10 
ageing_error age_error 
average_cluster_weight 6 
cluster_cv 0.6 
cluster_sigma 1.1 
fishery_label Fishing_LL 
layer_of_stratum_definitions area_definition 
max_age 20 
min_age 0 
process_label fishing 
strata_to_include BP 
type mortality_event_biomass_age_clusters 
years 1990 1991 1992 1993 1994 1995 1996 1997 1998 1999 2000 2001 2002 2003 2004 2005 2006 2007 2008 2009 2010 2011 2012 2013 
table obs
1990 0 0.00210847 0.0584947 0.0580136 0.134147 0.100404 0.068417 0.0608628 0.0257749 0.0385154 0.0218165 0.0408157 0.0404676 0.012897 0.0235179 0.0281943 0.0241267 0.0236514 0.016421 0.0140214 0.207332 
1991 0 0.0105424 0.0314261 0.0354337 0.0804668 0.0976317 0.065657 0.0683358 0.0795211 0.0696573 0.0665805 0.0631978 0.0403521 0.0470024 0.0292349 0.0288865 0.0177513 0.0197203 0.0179334 0.016373 0.114296 
1992 0 0.0189339 0.022918 0.0454697 0.0657628 0.0711335 0.0846115 0.103198 0.0788974 0.0692897 0.0536012 0.0731185 0.02362 0.0352774 0.0181234 0.0115932 0.00586573 0.0132595 0.0238249 0.00724868 0.174252 
1993 0 0 0.00113951 0.0628659 0.108961 0.0927363 0.0892925 0.0730866 0.0779913 0.0695034 0.0391607 0.0535982 0.0527558 0.0394471 0.0198381 0.0158364 0.00953608 0.0273143 0.0192918 0.0230841 0.124561 
1994 0 0.0127627 0.0138122 0.036477 0.123335 0.125467 0.125451 0.118484 0.0517795 0.0310989 0.0548364 0.0357932 0.0581649 0.0280488 0.0105628 0.00493028 0.0192773 0.00904163 0.0173409 0.019032 0.104303 
1995 0 0.0428115 0.0860105 0.0257273 0.0770209 0.0923335 0.053948 0.0605901 0.0781284 0.0377758 0.0442718 0.0481711 0.0770017 0.0501746 0.0368205 0.0432532 0.0264665 0.030167 0.0313544 0.00886921 0.0491042 
1996 0 0.00663993 0.0585226 0.147894 0.044681 0.0408822 0.0609271 0.059245 0.0488817 0.0488488 0.0643696 0.0635036 0.0830582 0.0258801 0.033533 0.00897368 0.025387 0.0246675 0.0287724 0.0188965 0.106436 
1997 0 0.00581843 0.0747132 0.176403 0.283737 0.0737492 0.0463672 0.085026 0.0375265 0.0292921 0.0288133 0.0193541 0.0150426 0.021391 0.010878 0.021904 0.0093255 0.00449593 0.007616 0.0087374 0.0398099 
1998 0 0.00420746 0.0059279 0.00954583 0.0317181 0.0432668 0.00296944 0.00483242 0.00468136 0.00204207 0.00126196 0.00211743 0.00436609 0.00238238 0.00537058 0.00596857 0.00511663 0.0134538 0.00602116 0.00153236 0.843218 
1999 0 0.0188342 0.084644 0.0781095 0.129061 0.189326 0.196565 0.0329848 0.0509283 0.0249055 0.0172893 0.0163159 0.0129414 0.0144054 0.0296435 0.0201606 0.0113486 0.00799072 0.00799072 0.00616753 0.0503877 
2000 0 0.0138613 0.0360695 0.273903 0.0924742 0.143518 0.142114 0.138498 0.00986963 0.0107775 0.0192456 0.0133464 0.00854431 0.0152216 0.0133654 0.0112291 0.00390659 0.00651973 0.00847302 0.00282289 0.0362407 
2001 0 0.00704257 0.0331424 0.0527525 0.349911 0.113962 0.122078 0.100263 0.143678 0.00570157 0.00230261 0 0 0.0012841 0.00898871 0.0012841 0 0 0 0 0.0576099 
2002 0 0.0236293 0.0787047 0.0603181 0.117869 0.338627 0.0902172 0.0593277 0.0603477 0.0624611 0.00241035 0.00870227 0.00756102 0.0228584 0.00753425 0.00137017 0 0.0120127 0.00171609 0.00380168 0.0405317 
2003 0 0.0148555 0.0777157 0.108662 0.100432 0.0399919 0.196444 0.0492388 0.0300672 0.0606953 0.0965869 0.0058755 0.0184787 0.040117 0.031171 0.0151367 0.0190458 0.0118241 0.00433682 0.0165564 0.0627687 
2004 0 0.0770207 0.050663 0.0892202 0.144219 0.119214 0.0505196 0.168904 0.051531 0.0533399 0.0601492 0.0486713 0.00682095 0.0135477 0.0246053 0.00567002 0 0 0 0 0.0359037 
2005 0 0.011717 0.0507923 0.119988 0.127107 0.108702 0.0764837 0.064836 0.210481 0.0960759 0.031294 0.0279312 0.0277066 0.00123202 0.0204061 0.024725 0.000521765 0 0 0 0 
2006 0 0.00979023 0.0411303 0.16429 0.234685 0.127516 0.0958154 0.0998786 0.0522916 0.0713557 0.033192 0.0263026 0.0143171 0.0243244 0 0 0 0 0 0 0.00511125 
2007 0 0 0.0402978 0.0804614 0.144087 0.124717 0.0932305 0.0664202 0.0695663 0.0330522 0.115275 0.00858856 0.026898 0.0465788 0.091956 0 0 0.00623067 0.009346 0.0116674 0.0316269 
2008 0 0.000121338 0.00728154 0.0291461 0.0392647 0.0374597 0.0428652 0.0192562 0.0267602 0.0236656 0.00487361 0.0122016 0.00572674 0.00514965 0.00977561 0.0164319 0.00439542 0.000148662 0.000992929 0 0.714483 
2009 0 0 0.0367836 0.0585868 0.127648 0.178329 0.147449 0.118336 0.0551088 0.083066 0.0562214 0.0154777 0.0230529 0.0158085 0 0.0173653 0.00564858 0.00124632 0 0 0.0598725 
2010 0 0.018807 0.0380868 0.0837087 0.0579805 0.139653 0.123239 0.072828 0.055845 0.0511994 0.0387981 0.0595424 0.0330392 0.0462293 0.0146563 0.0388849 0.0574272 0.0580379 0.00139157 0 0.0106462 
2011 0 0.0259729 0.127228 0.0465735 0.0856182 0.0510364 0.0877576 0.0975563 0.0773202 0.110605 0.0491301 0.0800219 0.058244 0.0322235 0.0312383 0.00926036 0.00227327 0.00693373 0.0112295 0.002882 0.00689503 
2012 0 0.00350113 0.120989 0.153661 0.0509806 0.172008 0.0323522 0.0804197 0.0542099 0.0662281 0.0417848 0.0523938 0.0379908 0.022657 0.0135779 0.00999434 0.00271014 0.0209501 0.00543946 0.00690801 0.0512444 
2013 0 0.00960618 0.0747025 0.198775 0.202516 0.033453 0.0851535 0.029122 0.0658499 0.0918563 0.0560018 0.046187 0.042188 0.00993549 0 0.00142819 0.030747 0.00682722 0.0140726 0.00157847 0 
end_table
table error_values
1990 0 0 0 0 0 0 0 0 0 0 0 0 0 0 0 0 0 0 0 0 0 
1991 0 0 0 0 0 0 0 0 0 0 0 0 0 0 0 0 0 0 0 0 0 
1992 0 0 0 0 0 0 0 0 0 0 0 0 0 0 0 0 0 0 0 0 0 
1993 0 0 0 0 0 0 0 0 0 0 0 0 0 0 0 0 0 0 0 0 0 
1994 0 0 0 0 0 0 0 0 0 0 0 0 0 0 0 0 0 0 0 0 0 
1995 0 0 0 0 0 0 0 0 0 0 0 0 0 0 0 0 0 0 0 0 0 
1996 0 0 0 0 0 0 0 0 0 0 0 0 0 0 0 0 0 0 0 0 0 
1997 0 0 0 0 0 0 0 0 0 0 0 0 0 0 0 0 0 0 0 0 0 
1998 0 0 0 0 0 0 0 0 0 0 0 0 0 0 0 0 0 0 0 0 0 
1999 0 0 0 0 0 0 0 0 0 0 0 0 0 0 0 0 0 0 0 0 0 
2000 0 0 0 0 0 0 0 0 0 0 0 0 0 0 0 0 0 0 0 0 0 
2001 0 0 0 0 0 0 0 0 0 0 0 0 0 0 0 0 0 0 0 0 0 
2002 0 0 0 0 0 0 0 0 0 0 0 0 0 0 0 0 0 0 0 0 0 
2003 0 0 0 0 0 0 0 0 0 0 0 0 0 0 0 0 0 0 0 0 0 
2004 0 0 0 0 0 0 0 0 0 0 0 0 0 0 0 0 0 0 0 0 0 
2005 0 0 0 0 0 0 0 0 0 0 0 0 0 0 0 0 0 0 0 0 0 
2006 0 0 0 0 0 0 0 0 0 0 0 0 0 0 0 0 0 0 0 0 0 
2007 0 0 0 0 0 0 0 0 0 0 0 0 0 0 0 0 0 0 0 0 0 
2008 0 0 0 0 0 0 0 0 0 0 0 0 0 0 0 0 0 0 0 0 0 
2009 0 0 0 0 0 0 0 0 0 0 0 0 0 0 0 0 0 0 0 0 0 
2010 0 0 0 0 0 0 0 0 0 0 0 0 0 0 0 0 0 0 0 0 0 
2011 0 0 0 0 0 0 0 0 0 0 0 0 0 0 0 0 0 0 0 0 0 
2012 0 0 0 0 0 0 0 0 0 0 0 0 0 0 0 0 0 0 0 0 0 
2013 0 0 0 0 0 0 0 0 0 0 0 0 0 0 0 0 0 0 0 0 0 
end_table

