@observation BP_age_sample_sim
age_samples_per_cluster 10 
ageing_error age_error 
average_cluster_weight 6 
cluster_cv 0.6 
cluster_sigma 1.1 
fishery_label Fishing_LL 
layer_of_stratum_definitions area_definition 
max_age 20 
min_age 0 
process_label fishing 
strata_to_include BP 
type mortality_event_biomass_age_clusters 
years 1990 1991 1992 1993 1994 1995 1996 1997 1998 1999 2000 2001 2002 2003 2004 2005 2006 2007 2008 2009 2010 2011 2012 2013 
table obs
1990 0 0.00143552 0.0198401 0.0463483 0.0636581 0.0674692 0.0520149 0.0930256 0.0646432 0.0487252 0.0360764 0.0755535 0.0519582 0.0506391 0.0305595 0.0301037 0.0228766 0.0205544 0.0202086 0.0310624 0.173248 
1991 0 0 0 0.0621135 0.107068 0.100659 0.0724644 0.0492325 0.0326669 0.0254908 0.0436758 0.0352654 0.0406154 0.0294288 0.0546093 0.0634039 0.0515793 0.0225902 0.0431786 0.0086985 0.15726 
1992 0 0.00260789 0.0318693 0.091497 0.137731 0.105008 0.069725 0.0734695 0.0451885 0.0452138 0.0284992 0.0203044 0.0425838 0.0292451 0.047894 0.0181823 0.0195714 0.0270096 0.00741886 0.00877864 0.148203 
1993 0 0 0.0291161 0.0829764 0.0966724 0.0962878 0.0640442 0.0496521 0.0574164 0.077647 0.0646275 0.0373372 0.0137329 0.0230987 0.0321421 0.0472598 0.021939 0.0360253 0.0233881 0.0187745 0.127863 
1994 0 0.0080411 0.00630381 0.053404 0.203809 0.123771 0.104407 0.0707814 0.0493858 0.0459545 0.0433926 0.0278855 0.0386149 0.0257629 0.0227147 0.0249017 0.0190788 0.00939617 0.00417581 0.00626551 0.111953 
1995 0 0.0545512 0.10667 0.0500717 0.132895 0.127561 0.129995 0.0710537 0.0608036 0.0454048 0.0340838 0.0198647 0.00364775 0.0254714 0.0351172 0.0193022 0.0069382 0.00708036 0.00713767 0.00156044 0.0607906 
1996 0 0.0176148 0.0956992 0.24107 0.0380379 0.0561718 0.0618463 0.059654 0.0427896 0.0546043 0.0346274 0.0676113 0.0609633 0.042599 0.0278131 0.0126139 0.00323473 0.019014 0.0190423 0.0100477 0.0349453 
1997 0 0.00809665 0.0420986 0.124993 0.301858 0.0523468 0.0382532 0.0647087 0.0309201 0.0654113 0.0335491 0.0275208 0.0281088 0.016112 0.0213116 0.00672873 0.0163665 0.0144378 0.0181083 0.0093065 0.0797636 
1998 0 0.0642159 0.0483458 0.0741803 0.158833 0.220588 0.0213897 0.0119325 0.0318925 0.0285031 0.0404097 0.024876 0.0149151 0.016445 0.0249452 0.0057005 0.00754689 0.0112397 0.0112397 0.0194787 0.163323 
1999 0 0 0.025585 0.0408504 0.15273 0.191648 0.193961 0.0389983 0.0710316 0.0642379 0.0238602 0.0231994 0.0134465 0.0301408 0.0192662 0.00591573 0.00441348 0.0165341 0.0172929 0.00331995 0.0635681 
2000 0 0.000833833 0.0358053 0.27894 0.101169 0.155295 0.142 0.150418 0.0134273 0.00942803 0.0114755 0.010337 0.0132489 0.00916632 0.0167993 0.00424064 0.00755874 0.00960267 0.00750849 0.00611082 0.0166343 
2001 0 0 0.0337504 0.0914149 0.308298 0.122934 0.0889944 0.13122 0.126842 0.00613668 0.00127874 0.000639368 0.000639368 0.012139 0.0137127 0.00676866 0 0 0 0.00182313 0.053408 
2002 0 0.0106704 0.0312215 0.100304 0.110951 0.267211 0.115644 0.105391 0.0857478 0.0912455 0.0113236 0.0108372 0.0194538 0.0131952 0 0.00144218 0.00288436 0.00432655 0.00144218 0.00442055 0.0122895 
2003 0 0.00147361 0.0158815 0.104826 0.128207 0.104422 0.248096 0.0702022 0.0398704 0.0892624 0.0576396 0.00266947 0.00493826 0.00266947 0.00955714 0.0170202 0.00798211 0.023474 0.00563569 0.0104224 0.0557514 
2004 0 0.0230746 0.0683104 0.0673813 0.171935 0.132761 0.0694972 0.242574 0.0632524 0.0429098 0.0261857 0.0376069 0.00227245 0.00326349 0.00632887 0.0100197 0.0075148 0.001319 0 0 0.0237928 
2005 0 0.0116064 0.0817859 0.0930067 0.106058 0.101074 0.0809143 0.0349374 0.122316 0.0602093 0.0291315 0.0760634 0.066818 0.00140971 0.00396513 0.00329042 0.00779111 0.0260352 0.00994772 0.0217372 0.061902 
2006 0 0.00696543 0.023194 0.09779 0.279853 0.106385 0.137319 0.0958238 0.0456813 0.0606037 0.0360709 0.0136708 0.0140596 0.00755019 0.0196497 0.0101551 0 0.0271009 0.0101551 0.00174816 0.00622402 
2007 0 0 0.0135499 0.0587298 0.154716 0.112525 0.088835 0.131783 0.0694385 0.0474773 0.105046 0.0377432 0.0243418 0.0222929 0.123682 0 0 0 0 0 0.00984049 
2008 0 0.00438387 0.00732141 0.0226247 0.0523947 0.0427305 0.055079 0.0143963 0.01129 0.0164257 0.00797565 0.015905 0.0113548 0.00216896 0.00245288 0.00918446 0.000366192 0.00185618 0.00268392 0.00240173 0.717004 
2009 0 0.00576783 0.0380096 0.0478656 0.098948 0.187521 0.155079 0.108492 0.0682352 0.0692994 0.0518313 0.0251678 0.0586527 0.0193332 0.000904017 0.00180803 0 0 0.00199692 0 0.0610876 
2010 0 0.0491526 0.0244829 0.0727144 0.0165652 0.0994302 0.159268 0.177385 0.142273 0.0714405 0.106146 0.0307542 0.011742 0.0228813 0.00191336 0.000854054 0 0 0 0 0.0129981 
2011 0 0.0397825 0.133257 0.0474906 0.0780878 0.0273425 0.0753377 0.126468 0.106742 0.0724116 0.0712643 0.0479211 0.0343741 0.0284915 0.0486277 0.0220249 0 0.009811 0.00893677 0.00137232 0.0202568 
2012 0 0.0134974 0.0867152 0.171339 0.0484405 0.151462 0.0274583 0.0734795 0.111511 0.121931 0.0502277 0.0180454 0.0436629 0.0202673 0.0155929 0.0252722 0.00638184 0.00647698 0.00134092 0.00153283 0.00536492 
2013 0 0.00481842 0.0848155 0.240827 0.238472 0.0683438 0.0718028 0.0316984 0.0472398 0.0616053 0.0697958 0.0329425 0.0166005 0.0124121 0.00279241 0 0 0 0 0.000564426 0.0152693 
end_table
table error_values
1990 0 0 0 0 0 0 0 0 0 0 0 0 0 0 0 0 0 0 0 0 0 
1991 0 0 0 0 0 0 0 0 0 0 0 0 0 0 0 0 0 0 0 0 0 
1992 0 0 0 0 0 0 0 0 0 0 0 0 0 0 0 0 0 0 0 0 0 
1993 0 0 0 0 0 0 0 0 0 0 0 0 0 0 0 0 0 0 0 0 0 
1994 0 0 0 0 0 0 0 0 0 0 0 0 0 0 0 0 0 0 0 0 0 
1995 0 0 0 0 0 0 0 0 0 0 0 0 0 0 0 0 0 0 0 0 0 
1996 0 0 0 0 0 0 0 0 0 0 0 0 0 0 0 0 0 0 0 0 0 
1997 0 0 0 0 0 0 0 0 0 0 0 0 0 0 0 0 0 0 0 0 0 
1998 0 0 0 0 0 0 0 0 0 0 0 0 0 0 0 0 0 0 0 0 0 
1999 0 0 0 0 0 0 0 0 0 0 0 0 0 0 0 0 0 0 0 0 0 
2000 0 0 0 0 0 0 0 0 0 0 0 0 0 0 0 0 0 0 0 0 0 
2001 0 0 0 0 0 0 0 0 0 0 0 0 0 0 0 0 0 0 0 0 0 
2002 0 0 0 0 0 0 0 0 0 0 0 0 0 0 0 0 0 0 0 0 0 
2003 0 0 0 0 0 0 0 0 0 0 0 0 0 0 0 0 0 0 0 0 0 
2004 0 0 0 0 0 0 0 0 0 0 0 0 0 0 0 0 0 0 0 0 0 
2005 0 0 0 0 0 0 0 0 0 0 0 0 0 0 0 0 0 0 0 0 0 
2006 0 0 0 0 0 0 0 0 0 0 0 0 0 0 0 0 0 0 0 0 0 
2007 0 0 0 0 0 0 0 0 0 0 0 0 0 0 0 0 0 0 0 0 0 
2008 0 0 0 0 0 0 0 0 0 0 0 0 0 0 0 0 0 0 0 0 0 
2009 0 0 0 0 0 0 0 0 0 0 0 0 0 0 0 0 0 0 0 0 0 
2010 0 0 0 0 0 0 0 0 0 0 0 0 0 0 0 0 0 0 0 0 0 
2011 0 0 0 0 0 0 0 0 0 0 0 0 0 0 0 0 0 0 0 0 0 
2012 0 0 0 0 0 0 0 0 0 0 0 0 0 0 0 0 0 0 0 0 0 
2013 0 0 0 0 0 0 0 0 0 0 0 0 0 0 0 0 0 0 0 0 0 
end_table

