@observation BP_age_sample_sim
age_samples_per_cluster 10 
ageing_error age_error 
average_cluster_weight 6 
cluster_cv 0.6 
cluster_sigma 1.1 
fishery_label Fishing_LL 
layer_of_stratum_definitions area_definition 
max_age 20 
min_age 0 
process_label fishing 
strata_to_include BP 
type mortality_event_biomass_age_clusters 
years 1990 1991 1992 1993 1994 1995 1996 1997 1998 1999 2000 2001 2002 2003 2004 2005 2006 2007 2008 2009 2010 2011 2012 2013 
table obs
1990 0 0.00988304 0.0184367 0.0429378 0.0910852 0.131228 0.085126 0.0709967 0.0681814 0.0700193 0.0400415 0.0428638 0.0256428 0.0269748 0.0191128 0.0287481 0.032602 0.00943834 0.0108226 0.0354832 0.140376 
1991 0 0.0117295 0.0306538 0.0588954 0.111888 0.103452 0.117992 0.101416 0.0582194 0.0681284 0.0488331 0.0466443 0.0394429 0.0252656 0.0339921 0.0304277 0.0243402 0.00316759 0.0107673 0.00926298 0.0654822 
1992 0 0.00323024 0.0343818 0.0448981 0.120449 0.0581521 0.0559187 0.0566032 0.0697234 0.0469787 0.0422837 0.0178444 0.0744715 0.0560102 0.0214307 0.030729 0.0307107 0.04453 0.0322601 0.0318016 0.127593 
1993 0 0 0.0229915 0.0879988 0.0763753 0.0773416 0.0591429 0.0647563 0.077439 0.0544225 0.0312808 0.030005 0.0681336 0.064363 0.0429588 0.0598908 0.0261029 0.0287258 0.0468142 0.0158181 0.0654389 
1994 0 0.100519 0.0298666 0.0715144 0.109738 0.12681 0.114815 0.0630298 0.0514491 0.0591093 0.0535583 0.0431712 0.0314329 0.0230474 0.0206349 0.0265339 0.0263477 0.0079085 0.00771195 0.0032749 0.0295273 
1995 0 0.00517115 0.0632795 0.0175102 0.0848059 0.102887 0.124513 0.0656319 0.082438 0.0633864 0.0286666 0.0371092 0.0364845 0.024175 0.0143666 0.0126108 0.0227979 0.0370165 0.0172305 0.014188 0.145732 
1996 0 0.00715375 0.0727107 0.219825 0.028214 0.0701389 0.0660349 0.0806623 0.0522746 0.0639789 0.0408571 0.0403414 0.0385245 0.0359118 0.0265928 0.0152793 0.0264513 0.00654199 0.00878765 0.0151816 0.0845383 
1997 0 0.00437374 0.0384743 0.146707 0.273897 0.0301001 0.0599034 0.0868343 0.066732 0.0550494 0.0124791 0.00960848 0.00973512 0.0583519 0.00966565 0.0140818 0.0210186 0.010826 0.0227044 0.0122382 0.05722 
1998 0 0.00789861 0.00422189 0.00863467 0.0173578 0.0339153 0.00323658 0.0105599 0.00689643 0.0165103 0.00968763 0.00719917 0.00390732 0.0018426 0.000515387 0.000294922 0.000294922 0.00067053 0.00274322 0.00067053 0.862942 
1999 0 0.0106523 0.140991 0.101746 0.131335 0.185485 0.136132 0.00861701 0.0150079 0.0293506 0.0285708 0.0108685 0.012476 0.0068454 0.0338615 0.0337285 0.0112115 0.0129811 0.0216442 0.0196276 0.0488674 
2000 0 0.00131695 0.0042662 0.200571 0.117056 0.104386 0.102736 0.130446 0.0286078 0.0175042 0.0330534 0.0280902 0.0704256 0.0425104 0.0479762 0.0130988 0.00205361 0.00608961 0.00860358 0.0178526 0.0233558 
2001 0 0.00846374 0.0245664 0.0567709 0.330291 0.0877637 0.113623 0.111143 0.120145 0.0129731 0.00489025 0.0183841 0.01555 0.0126156 0.012949 0.00887585 0.000907997 0.000907997 0.0107784 0.0107784 0.0376229 
2002 0 0 0.0868657 0.063107 0.111334 0.272791 0.100743 0.0538094 0.0995835 0.0751993 0.00758804 0.0186264 0.0178086 0.015251 0.00181169 0.0033106 0.0127394 0.0119526 0.00319955 0.0274847 0.0167945 
2003 0 0.00558075 0.00904312 0.123273 0.168509 0.0868875 0.218756 0.0597013 0.0800632 0.0793883 0.0860189 0 0.00834951 0.000679323 0.012439 0.00767019 0.00669978 0.0132822 0.00680676 0.00402921 0.0228237 
2004 0 0.0238481 0.0535298 0.0772653 0.185545 0.126227 0.0685017 0.146559 0.0650965 0.0443013 0.048985 0.0654373 0.00668013 0.00239654 0.0042143 0.027178 0.00936314 0.00889587 0.00093965 0 0.035035 
2005 0 0.0174651 0.038836 0.108892 0.0873812 0.132396 0.053562 0.0292884 0.14423 0.0752946 0.0793897 0.10732 0.0866292 0.00559182 0.00318164 0.00318164 0.0021211 0 0 0 0.0252395 
2006 0 0.00552908 0.0169401 0.122494 0.178294 0.148143 0.141998 0.0952824 0.051559 0.110238 0.0283464 0.0314615 0.0159977 0.0232778 0 0 0 0 0 0 0.0304389 
2007 0 0 0.0192065 0.042733 0.207219 0.10902 0.0903803 0.114866 0.0916778 0.0453989 0.160658 0.0122043 0.011923 0.0301605 0.0446536 0 0 0 0 0 0.0198991 
2008 0 0 0.0185995 0.083419 0.104456 0.132151 0.252749 0.041522 0.0606973 0.0743554 0.0225313 0.110579 0.0528048 0.00637546 0.0290367 0.0084551 0.00226783 0 0 0 0 
2009 0 0.00948721 0.0248951 0.0352108 0.169207 0.183347 0.178505 0.110975 0.0549336 0.0632427 0.0267965 0.0148027 0.073544 0.00888883 0.00214239 0.0135024 0.00642343 0.00779671 0.00584753 0 0.0104524 
2010 0 0.0405753 0.0526347 0.142238 0.0621013 0.125114 0.0978807 0.127561 0.0514463 0.0516724 0.0835577 0.033826 0.0256585 0.0630831 0.00165474 0.0025644 0.00317148 0.00951445 0.00158574 0 0.0241603 
2011 0 0.0847432 0.0601218 0.0685657 0.0510029 0.0387492 0.0694566 0.106192 0.149314 0.113795 0.0450168 0.0583614 0.0412662 0.0172395 0.0344387 0.00728121 0.00216122 0.00620549 0.0212365 0.00194824 0.0229039 
2012 0 0.0407273 0.158704 0.250047 0.0478976 0.0687103 0.00804736 0.0647192 0.0584069 0.0730588 0.0440814 0.0175807 0.0255153 0.00689535 0.0104113 0.0629303 0.00426884 0.0270974 0.00727031 0.00574088 0.01789 
2013 0 0.0201843 0.0479618 0.201215 0.244284 0.0577079 0.0738033 0.0223906 0.0408607 0.0483151 0.0493021 0.0296718 0.0246851 0.025834 0.00233504 0 0.0529457 0.025876 0.00358664 0.00358664 0.0254542 
end_table
table error_values
1990 0 0 0 0 0 0 0 0 0 0 0 0 0 0 0 0 0 0 0 0 0 
1991 0 0 0 0 0 0 0 0 0 0 0 0 0 0 0 0 0 0 0 0 0 
1992 0 0 0 0 0 0 0 0 0 0 0 0 0 0 0 0 0 0 0 0 0 
1993 0 0 0 0 0 0 0 0 0 0 0 0 0 0 0 0 0 0 0 0 0 
1994 0 0 0 0 0 0 0 0 0 0 0 0 0 0 0 0 0 0 0 0 0 
1995 0 0 0 0 0 0 0 0 0 0 0 0 0 0 0 0 0 0 0 0 0 
1996 0 0 0 0 0 0 0 0 0 0 0 0 0 0 0 0 0 0 0 0 0 
1997 0 0 0 0 0 0 0 0 0 0 0 0 0 0 0 0 0 0 0 0 0 
1998 0 0 0 0 0 0 0 0 0 0 0 0 0 0 0 0 0 0 0 0 0 
1999 0 0 0 0 0 0 0 0 0 0 0 0 0 0 0 0 0 0 0 0 0 
2000 0 0 0 0 0 0 0 0 0 0 0 0 0 0 0 0 0 0 0 0 0 
2001 0 0 0 0 0 0 0 0 0 0 0 0 0 0 0 0 0 0 0 0 0 
2002 0 0 0 0 0 0 0 0 0 0 0 0 0 0 0 0 0 0 0 0 0 
2003 0 0 0 0 0 0 0 0 0 0 0 0 0 0 0 0 0 0 0 0 0 
2004 0 0 0 0 0 0 0 0 0 0 0 0 0 0 0 0 0 0 0 0 0 
2005 0 0 0 0 0 0 0 0 0 0 0 0 0 0 0 0 0 0 0 0 0 
2006 0 0 0 0 0 0 0 0 0 0 0 0 0 0 0 0 0 0 0 0 0 
2007 0 0 0 0 0 0 0 0 0 0 0 0 0 0 0 0 0 0 0 0 0 
2008 0 0 0 0 0 0 0 0 0 0 0 0 0 0 0 0 0 0 0 0 0 
2009 0 0 0 0 0 0 0 0 0 0 0 0 0 0 0 0 0 0 0 0 0 
2010 0 0 0 0 0 0 0 0 0 0 0 0 0 0 0 0 0 0 0 0 0 
2011 0 0 0 0 0 0 0 0 0 0 0 0 0 0 0 0 0 0 0 0 0 
2012 0 0 0 0 0 0 0 0 0 0 0 0 0 0 0 0 0 0 0 0 0 
2013 0 0 0 0 0 0 0 0 0 0 0 0 0 0 0 0 0 0 0 0 0 
end_table

