@observation BP_age_sample_sim
age_samples_per_cluster 10 
ageing_error age_error 
average_cluster_weight 6 
cluster_cv 0.6 
cluster_sigma 1.1 
fishery_label Fishing_LL 
layer_of_stratum_definitions area_definition 
max_age 20 
min_age 0 
process_label fishing 
strata_to_include BP 
type mortality_event_biomass_age_clusters 
years 1990 1991 1992 1993 1994 1995 1996 1997 1998 1999 2000 2001 2002 2003 2004 2005 2006 2007 2008 2009 2010 2011 2012 2013 
table obs
1990 0 0 0.0393263 0.104715 0.103103 0.0878453 0.0736615 0.0701411 0.0338812 0.0668808 0.0610885 0.0383952 0.0369658 0.0239629 0.0146483 0.0240885 0.0251773 0.0098302 0.0185687 0.0143173 0.153403 
1991 0 0.0053325 0.0203445 0.104977 0.151829 0.0987652 0.0923751 0.0581698 0.0467845 0.0394795 0.0256048 0.0282722 0.0264931 0.0166949 0.0567282 0.0333322 0.0357682 0.0230524 0.0139404 0.0083326 0.113724 
1992 0 0.00551247 0.00413435 0.0241092 0.0479343 0.0598319 0.0916374 0.0771963 0.0873354 0.100796 0.0447076 0.052211 0.0537761 0.104937 0.0267108 0.0214376 0.028189 0.0163577 0.0180724 0.00693683 0.128176 
1993 0 0.0155497 0.0299306 0.109237 0.176621 0.138743 0.0609731 0.0527462 0.0332935 0.0575977 0.0387666 0.0269951 0.0202046 0.0190278 0.0315429 0.0265344 0.0270571 0.0149751 0.025398 0.014442 0.080365 
1994 0 0.0226755 0.0082337 0.0547248 0.0912815 0.0621319 0.119858 0.101471 0.074129 0.0618461 0.0457328 0.0703932 0.0324272 0.0347894 0.0253503 0.0280677 0.0207575 0.0142884 0.014203 0.00651056 0.111129 
1995 0 0.0121265 0.103597 0.0120945 0.0800521 0.117508 0.0847907 0.0755334 0.0542995 0.044073 0.0468255 0.0342786 0.0406933 0.054125 0.0335091 0.0351524 0.0264502 0.0133418 0.0262934 0.0177954 0.0874597 
1996 0 0.0059958 0.0600998 0.178409 0.0296182 0.0484427 0.0365718 0.0692926 0.031555 0.0913199 0.0462326 0.0608673 0.0565269 0.0562347 0.0411012 0.0153469 0.00404115 0.00891424 0.00303343 0.0181254 0.138271 
1997 0 0.00454094 0.0500571 0.15521 0.2361 0.0608412 0.0685899 0.0897974 0.038514 0.0469617 0.0152937 0.0222189 0.0339048 0.0430279 0.052918 0.034504 0.00844158 0.00857814 0.00151004 0.000359391 0.0286313 
1998 0 0.00467976 0.011256 0.0206216 0.0401638 0.039939 0.00342242 0.00541802 0.009372 0.0136288 0.00766398 0.0040343 0.00128138 0.00287692 0.00551183 0.00423987 0.001628 0.00307056 0.00112148 0.00342644 0.816644 
1999 0 0.034423 0.153974 0.0821509 0.11437 0.12912 0.184296 0.00583465 0.0134587 0.0188489 0.026495 0.0142524 0.0123949 0.02169 0.018354 0.00894816 0.00714409 0.0157289 0.0113368 0.0190814 0.108099 
2000 0 0 0.0169823 0.194082 0.118519 0.130905 0.138423 0.15084 0.0100395 0.0100785 0.0437453 0.033953 0.0192533 0.0185238 0.0123518 0.0189631 0.0106784 0.01478 0.0074927 0.00612761 0.0442628 
2001 0 0.0111408 0.0659108 0.0656431 0.235391 0.0716472 0.0835835 0.168594 0.0991293 0.0183776 0.0231043 0.02517 0.0247055 0.0114248 0.0140621 0.0191665 0.00825725 0.00626319 0.0034701 0.00192706 0.0430314 
2002 0 0.00495635 0.0854905 0.110818 0.0905565 0.263857 0.0689157 0.0774903 0.0577612 0.0318368 0.014408 0.00899961 0.114181 0.0265988 0.00857727 0.000648893 0.00293616 0.00197896 0.00296844 0.00831345 0.0187076 
2003 0 0.0151201 0.0254101 0.151268 0.168497 0.0871371 0.212358 0.0591502 0.0328236 0.0432685 0.0461853 0.0191882 0.0144066 0.0100451 0.00894594 0.032233 0.0198506 0 0.00347918 0.00695836 0.0436755 
2004 0 0.0321908 0.0476248 0.108738 0.190426 0.114337 0.0953502 0.226595 0.0495352 0.0257241 0.0420118 0.0236841 0.00183141 0.00549423 0.00213166 0.00213166 0.00639497 0.00639497 0.00213166 0.00576685 0.0115053 
2005 0 0.00400971 0.0511432 0.15466 0.139588 0.118177 0.0936728 0.0533776 0.250332 0.057267 0.0210682 0.0275815 0.0198208 0 0 0 0 0 0 0 0.00930218 
2006 0 0.0123753 0.0388533 0.143239 0.187078 0.143672 0.14517 0.115637 0.0464792 0.0842349 0.0104777 0.00940718 0.0159521 0.00876974 0 0 0.00541746 0.0119455 0.00604042 0.00555282 0.00969836 
2007 0 0.00433237 0.0530885 0.0904223 0.130822 0.105796 0.0946306 0.125585 0.103452 0.0604882 0.0840696 0.0251962 0.0184511 0.0376167 0.0660499 0 0 0 0 0 0 
2008 0 0 0.00774171 0.0246843 0.0376874 0.0467323 0.0637787 0.014147 0.0132487 0.0124792 0.00485695 0.0281099 0.0133566 0.0045888 0.00099675 0.00315896 0.000953759 0.000953759 0.000953759 0 0.721572 
2009 0 0.000868474 0.0407775 0.0428862 0.127304 0.160235 0.138517 0.165234 0.113595 0.0861453 0.0438042 0.0136121 0.0426216 0.00577754 0 0 0 0.00110349 0.00110349 0 0.016415 
2010 0 0.048261 0.0227927 0.0687307 0.0378005 0.113205 0.139523 0.136429 0.12131 0.0485068 0.0969324 0.0382856 0.0176134 0.0778299 0.00360724 0.00958367 0.0035288 0.00233351 0 0 0.0137276 
2011 0 0.0238767 0.121373 0.03197 0.161255 0.0566034 0.100249 0.0910787 0.0714629 0.0476633 0.0462415 0.0844791 0.0581007 0.013868 0.0506955 0.0095937 0.0102061 0.00305084 0.00792591 0 0.0103071 
2012 0 0.0292849 0.0812367 0.257134 0.0662684 0.0997556 0.0236481 0.0618088 0.0833374 0.0608313 0.052755 0.0203991 0.0495881 0.0243145 0.0183534 0.0402669 0.0142627 0.0167554 0 0 0 
2013 0 0.0030458 0.0395946 0.231688 0.317274 0.0836724 0.0928252 0.038067 0.0574275 0.0413074 0.0144374 0.0155731 0.0109121 0.0168178 0.00284616 0.00516731 0.0083032 0.00107412 0 0.00214824 0.0178185 
end_table
table error_values
1990 0 0 0 0 0 0 0 0 0 0 0 0 0 0 0 0 0 0 0 0 0 
1991 0 0 0 0 0 0 0 0 0 0 0 0 0 0 0 0 0 0 0 0 0 
1992 0 0 0 0 0 0 0 0 0 0 0 0 0 0 0 0 0 0 0 0 0 
1993 0 0 0 0 0 0 0 0 0 0 0 0 0 0 0 0 0 0 0 0 0 
1994 0 0 0 0 0 0 0 0 0 0 0 0 0 0 0 0 0 0 0 0 0 
1995 0 0 0 0 0 0 0 0 0 0 0 0 0 0 0 0 0 0 0 0 0 
1996 0 0 0 0 0 0 0 0 0 0 0 0 0 0 0 0 0 0 0 0 0 
1997 0 0 0 0 0 0 0 0 0 0 0 0 0 0 0 0 0 0 0 0 0 
1998 0 0 0 0 0 0 0 0 0 0 0 0 0 0 0 0 0 0 0 0 0 
1999 0 0 0 0 0 0 0 0 0 0 0 0 0 0 0 0 0 0 0 0 0 
2000 0 0 0 0 0 0 0 0 0 0 0 0 0 0 0 0 0 0 0 0 0 
2001 0 0 0 0 0 0 0 0 0 0 0 0 0 0 0 0 0 0 0 0 0 
2002 0 0 0 0 0 0 0 0 0 0 0 0 0 0 0 0 0 0 0 0 0 
2003 0 0 0 0 0 0 0 0 0 0 0 0 0 0 0 0 0 0 0 0 0 
2004 0 0 0 0 0 0 0 0 0 0 0 0 0 0 0 0 0 0 0 0 0 
2005 0 0 0 0 0 0 0 0 0 0 0 0 0 0 0 0 0 0 0 0 0 
2006 0 0 0 0 0 0 0 0 0 0 0 0 0 0 0 0 0 0 0 0 0 
2007 0 0 0 0 0 0 0 0 0 0 0 0 0 0 0 0 0 0 0 0 0 
2008 0 0 0 0 0 0 0 0 0 0 0 0 0 0 0 0 0 0 0 0 0 
2009 0 0 0 0 0 0 0 0 0 0 0 0 0 0 0 0 0 0 0 0 0 
2010 0 0 0 0 0 0 0 0 0 0 0 0 0 0 0 0 0 0 0 0 0 
2011 0 0 0 0 0 0 0 0 0 0 0 0 0 0 0 0 0 0 0 0 0 
2012 0 0 0 0 0 0 0 0 0 0 0 0 0 0 0 0 0 0 0 0 0 
2013 0 0 0 0 0 0 0 0 0 0 0 0 0 0 0 0 0 0 0 0 0 
end_table

