@observation BP_age_sample_sim
age_samples_per_cluster 10 
ageing_error age_error 
average_cluster_weight 6 
cluster_cv 0.6 
cluster_sigma 1.1 
fishery_label Fishing_LL 
layer_of_stratum_definitions area_definition 
max_age 20 
min_age 0 
process_label fishing 
strata_to_include BP 
type mortality_event_biomass_age_clusters 
years 1990 1991 1992 1993 1994 1995 1996 1997 1998 1999 2000 2001 2002 2003 2004 2005 2006 2007 2008 2009 2010 2011 2012 2013 
table obs
1990 0 0.00909352 0.039399 0.0629429 0.113925 0.100339 0.11451 0.0762673 0.0990229 0.0602991 0.0352671 0.0379514 0.0426741 0.0187249 0.0201398 0.037151 0.0256113 0.0170318 0.00288504 0.0159858 0.0707785 
1991 0 0.00110074 0.00710003 0.0665114 0.148881 0.144211 0.0564692 0.0593961 0.067474 0.0461069 0.0395415 0.0707678 0.048387 0.0284907 0.0185884 0.00960349 0.00519699 0.0188549 0.00212275 0.0131255 0.14807 
1992 0 0 0.0521199 0.050706 0.102144 0.0879085 0.0668262 0.0748045 0.0624846 0.0451845 0.0397361 0.0514147 0.052483 0.0335457 0.0243719 0.0249541 0.0132678 0.0173874 0.0152307 0.0253723 0.160059 
1993 0 0 0.00122872 0.0363937 0.126041 0.10729 0.119522 0.0904926 0.0616481 0.0724349 0.0996882 0.0620643 0.053046 0.0332575 0.00986658 0.0124752 0.00737378 0.00786675 0.0160542 0.00957045 0.0736863 
1994 0 0.0579505 0.0119284 0.0682465 0.108725 0.114258 0.0747868 0.0690718 0.0728442 0.0327912 0.0332061 0.0385036 0.0356944 0.0158592 0.0128349 0.017969 0.00948267 0.00930763 0.0181644 0.0270338 0.171341 
1995 0 0.0224127 0.12047 0.0234871 0.0892961 0.125182 0.0838399 0.0597063 0.0615476 0.0469491 0.0262983 0.0304868 0.0395374 0.0235632 0.0367865 0.0451971 0.0176154 0.0320609 0.0143696 0.0131974 0.0879966 
1996 0 0.0150274 0.0664302 0.274207 0.0430283 0.103084 0.074384 0.0422637 0.0353442 0.0331739 0.0195458 0.058826 0.0439234 0.0622539 0.00729279 0.0314717 0.019682 0.0155579 0.01197 0.011247 0.0312871 
1997 0 0.0215679 0.0658356 0.184506 0.222595 0.0432794 0.0534282 0.0601795 0.0466888 0.0182078 0.0300242 0.0330124 0.0167711 0.00193893 0.0370052 0.00550513 0.00890484 0.0242637 0.00690818 0.00115869 0.118219 
1998 0 0.0027835 0.00370558 0.00689443 0.0150741 0.0216359 0.00182681 0.00211219 0.00209506 0.00467745 0.00279976 0.00270826 0.00192527 0.002806 0.00111004 0.00171013 0.00101315 0.00373332 0.00589238 0.000826005 0.914671 
1999 0 0 0.146851 0.0974931 0.128811 0.201269 0.154837 0.0238916 0.0298737 0.0274935 0.00951961 0.0270973 0.0279979 0.0245301 0.0257586 0.0123267 0.00490938 0.00684025 0.00492825 0.00271586 0.0428548 
2000 0 0.00280587 0.0217975 0.255794 0.129517 0.148718 0.150027 0.117947 0.00428034 0.029605 0.0169811 0.0372521 0.0302562 0.00365637 0.00620293 0 0 0 0 0 0.0451607 
2001 0 0.0157398 0.0237215 0.0543607 0.311722 0.0746098 0.0765796 0.0804825 0.115124 0.0140376 0.0317429 0.0371455 0.0399318 0.00974436 0.00858589 0.00390534 0.00309381 0.0076434 0.00243433 0.00973733 0.0796578 
2002 0 0.0137047 0.0360189 0.0597704 0.135638 0.369528 0.0912162 0.0501774 0.0456851 0.0420564 0.00222149 0.00142753 0.0300242 0.0164397 0.00571012 0.00208514 0.00993687 0.00993687 0.00818607 0.00543715 0.0647994 
2003 0 0.0127814 0.0312827 0.0979157 0.149509 0.0718253 0.23325 0.0582658 0.0470886 0.0922176 0.0835594 0.0126506 0.0140007 0.0174699 0.0187278 0.0144623 0.0126046 0.0117217 0.00836177 0.000810682 0.0114939 
2004 0 0.0309409 0.0530425 0.0856818 0.182537 0.114422 0.0785348 0.180161 0.0394131 0.0264788 0.0301332 0.0515111 0.00186072 0.00920393 0.0363174 0.0178333 0.025287 0.00793684 0.0044062 0 0.0242984 
2005 0 0.00924535 0.0166479 0.075559 0.0949872 0.148739 0.116111 0.0355807 0.193941 0.0510926 0.0320146 0.0508154 0.070958 0.00387057 0.0108043 0.0279648 0.00759113 0.00674304 0.00545861 0.0106007 0.031275 
2006 0 0.00185701 0.00673449 0.0301629 0.0855497 0.0598224 0.727556 0.0255889 0.00652864 0.0188187 0.00813849 0.00633927 0.0115089 0.00855661 0.000372709 0 0.000547918 0 0.000273959 0 0.00164376 
2007 0 0 0.0436992 0.0480295 0.149869 0.144076 0.10661 0.0837229 0.0866046 0.0538268 0.130053 0.012919 0.0239066 0.017893 0.0586133 0.00139509 0.0099181 0.00418527 0.00279018 0 0.0218883 
2008 0 0.00331361 0.00615567 0.038277 0.04885 0.0750958 0.0701219 0.0277435 0.0175265 0.0156837 0.00656972 0.0256565 0.00537663 0.00175142 0.00166432 0.00757295 0.000919053 0.000643394 0 0 0.647078 
2009 0 0.00216935 0.0390154 0.0482016 0.16562 0.168783 0.19681 0.136614 0.0432199 0.0371539 0.0246315 0.0114528 0.0680628 0.00754151 0 0.0128892 0.00880112 0 0 0 0.0290337 
2010 0 0.0312139 0.0368166 0.0941533 0.0568019 0.158856 0.165311 0.0984811 0.0831807 0.0428872 0.0358465 0.0279654 0.0250594 0.0948051 0.00326896 0.0107751 0.018896 0.0069402 0 0 0.00874218 
2011 0 0.0225396 0.118872 0.0731472 0.0915694 0.0466845 0.0765748 0.105172 0.0984506 0.0898182 0.0561614 0.0529304 0.0370267 0.0114626 0.0450259 0.0129457 0.0153217 0.0153338 0.0139299 0.00360698 0.0134271 
2012 0 0.00891983 0.0933321 0.155109 0.0844651 0.102149 0.0390773 0.0908774 0.0905544 0.102406 0.056593 0.0211353 0.0411119 0.0120299 0.00582468 0.00417745 0.00880033 0.0211626 0.0184259 0.00818258 0.0356672 
2013 0 0 0.016982 0.165306 0.191196 0.0523847 0.0728342 0.0387045 0.0768424 0.118307 0.118343 0.0246183 0.0200571 0.0215617 0.0109384 0.0132434 0.0131102 0.00840807 0.00354394 0.00284515 0.0307737 
end_table
table error_values
1990 0 0 0 0 0 0 0 0 0 0 0 0 0 0 0 0 0 0 0 0 0 
1991 0 0 0 0 0 0 0 0 0 0 0 0 0 0 0 0 0 0 0 0 0 
1992 0 0 0 0 0 0 0 0 0 0 0 0 0 0 0 0 0 0 0 0 0 
1993 0 0 0 0 0 0 0 0 0 0 0 0 0 0 0 0 0 0 0 0 0 
1994 0 0 0 0 0 0 0 0 0 0 0 0 0 0 0 0 0 0 0 0 0 
1995 0 0 0 0 0 0 0 0 0 0 0 0 0 0 0 0 0 0 0 0 0 
1996 0 0 0 0 0 0 0 0 0 0 0 0 0 0 0 0 0 0 0 0 0 
1997 0 0 0 0 0 0 0 0 0 0 0 0 0 0 0 0 0 0 0 0 0 
1998 0 0 0 0 0 0 0 0 0 0 0 0 0 0 0 0 0 0 0 0 0 
1999 0 0 0 0 0 0 0 0 0 0 0 0 0 0 0 0 0 0 0 0 0 
2000 0 0 0 0 0 0 0 0 0 0 0 0 0 0 0 0 0 0 0 0 0 
2001 0 0 0 0 0 0 0 0 0 0 0 0 0 0 0 0 0 0 0 0 0 
2002 0 0 0 0 0 0 0 0 0 0 0 0 0 0 0 0 0 0 0 0 0 
2003 0 0 0 0 0 0 0 0 0 0 0 0 0 0 0 0 0 0 0 0 0 
2004 0 0 0 0 0 0 0 0 0 0 0 0 0 0 0 0 0 0 0 0 0 
2005 0 0 0 0 0 0 0 0 0 0 0 0 0 0 0 0 0 0 0 0 0 
2006 0 0 0 0 0 0 0 0 0 0 0 0 0 0 0 0 0 0 0 0 0 
2007 0 0 0 0 0 0 0 0 0 0 0 0 0 0 0 0 0 0 0 0 0 
2008 0 0 0 0 0 0 0 0 0 0 0 0 0 0 0 0 0 0 0 0 0 
2009 0 0 0 0 0 0 0 0 0 0 0 0 0 0 0 0 0 0 0 0 0 
2010 0 0 0 0 0 0 0 0 0 0 0 0 0 0 0 0 0 0 0 0 0 
2011 0 0 0 0 0 0 0 0 0 0 0 0 0 0 0 0 0 0 0 0 0 
2012 0 0 0 0 0 0 0 0 0 0 0 0 0 0 0 0 0 0 0 0 0 
2013 0 0 0 0 0 0 0 0 0 0 0 0 0 0 0 0 0 0 0 0 0 
end_table

