@observation BP_age_sample_sim
age_samples_per_cluster 10 
ageing_error age_error 
average_cluster_weight 6 
cluster_cv 0.6 
cluster_sigma 1.1 
fishery_label Fishing_LL 
layer_of_stratum_definitions area_definition 
max_age 20 
min_age 0 
process_label fishing 
strata_to_include BP 
type mortality_event_biomass_age_clusters 
years 1990 1991 1992 1993 1994 1995 1996 1997 1998 1999 2000 2001 2002 2003 2004 2005 2006 2007 2008 2009 2010 2011 2012 2013 
table obs
1990 0 0.00123132 0.018875 0.0569655 0.129754 0.123507 0.133026 0.0886943 0.046289 0.0339074 0.013219 0.0394111 0.0506745 0.0415374 0.018107 0.00855661 0.0108872 0.0222895 0.0186817 0.0266853 0.117701 
1991 0 0.00661901 0.00975181 0.0439171 0.0787802 0.073548 0.0681721 0.0838348 0.0553483 0.0430484 0.0432667 0.0754788 0.0589637 0.0658419 0.0271418 0.0183893 0.0132778 0.0200183 0.0141013 0.0169643 0.183537 
1992 0 0.00140539 0.0105555 0.0886008 0.103698 0.102544 0.0829065 0.0763599 0.0587728 0.0873127 0.0395453 0.0479191 0.0387647 0.0214006 0.0243711 0.0143274 0.0251593 0.0201408 0.0259815 0.0200534 0.110181 
1993 0 0.00116828 0.0182997 0.0613246 0.0949092 0.0925677 0.0661583 0.065313 0.0380694 0.0491256 0.0601431 0.0781027 0.0165652 0.0131542 0.0232218 0.0228075 0.0255774 0.0151072 0.0150876 0.0277088 0.215589 
1994 0 0.0182221 0.00707091 0.10141 0.116267 0.106576 0.119416 0.0657147 0.0498944 0.0285739 0.0253652 0.0230489 0.0283849 0.0113874 0.0193921 0.0242026 0.025202 0.0226779 0.0403988 0.0336932 0.133103 
1995 0 0.0271388 0.0859172 0.0151608 0.0756687 0.106892 0.0548606 0.0684024 0.0573223 0.0835518 0.0619217 0.0721107 0.0585579 0.0377987 0.0429964 0.0336176 0.0110896 0.011248 0.0115719 0.0130647 0.071108 
1996 0 0.00698578 0.0487409 0.192411 0.0483567 0.0753832 0.0819632 0.0740308 0.0702519 0.0387824 0.023245 0.0257899 0.0221137 0.0405779 0.024743 0.0396895 0.0349932 0.00573895 0.0112766 0.0166787 0.118248 
1997 0 0.00757432 0.0497386 0.129763 0.255101 0.032312 0.0604452 0.0750329 0.0503305 0.0383752 0.0174634 0.020302 0.03617 0.0178275 0.0137325 0.00655466 0.00787801 0.0126246 0.0139187 0.0183598 0.136495 
1998 0 0.00416296 0.00546327 0.0270118 0.0483143 0.0505785 0.00633043 0.00461894 0.00674536 0.00430817 0.000887239 0.000347205 0.00257194 0.00282718 0.00328691 0.00270928 0.000985525 0.00469751 0.00325706 0.00753942 0.813357 
1999 0 0.0299705 0.0947801 0.0491885 0.120019 0.182202 0.229841 0.0290247 0.0398682 0.0311977 0.0197456 0.0141083 0.0157073 0.0206258 0.0274053 0.027911 0 0.00332674 0.00332674 0.00252113 0.0592302 
2000 0 0.00594526 0.0194681 0.30337 0.104857 0.0978108 0.152157 0.162536 0.0172551 0.0266718 0.0280368 0.00969935 0.00973982 0.00519267 0.00235837 0.0027493 0.00667566 0.00517489 0.00150693 0.00689415 0.0319015 
2001 0 0.00743671 0.0568041 0.112329 0.285588 0.0961234 0.0912068 0.109104 0.107239 0.0136698 0.0131585 0.010219 0.0261313 0.0117249 0.018842 0.00896927 0.00391523 0.000862148 0.00473034 0 0.021946 
2002 0 0.018597 0.0757343 0.0933991 0.0996819 0.257095 0.0963664 0.0742578 0.0756599 0.0773089 0.00724838 0.0166856 0.0164147 0.0074456 0.00854219 0.010351 0.00633376 0.0232287 0.00606904 0.00151726 0.028064 
2003 0 0.00609234 0.0450009 0.132985 0.195814 0.088505 0.251021 0.0567745 0.0444584 0.0460587 0.0391366 0 0 0.0047378 0.00579697 0.0125793 0.00329235 0.0193492 0.0102963 0.00343575 0.0346661 
2004 0 0.0122546 0.0856036 0.0831094 0.199864 0.117229 0.0658363 0.202328 0.0363963 0.038894 0.0614723 0.0632134 0.00824386 0.00313527 0.0074056 0.0055542 0.0037028 0 0.00063973 0 0.00511784 
2005 0 0 0.0251065 0.0863217 0.0984114 0.148763 0.0992871 0.0616236 0.170897 0.0577485 0.0308207 0.0186175 0.018398 0.00563391 0 0.0718852 0.0455499 0.0169398 0.00862513 0 0.0353711 
2006 0 0.0024442 0.0187992 0.0547601 0.62683 0.0791418 0.10068 0.0275686 0.0179992 0.0226901 0.00949884 0.00889831 0.00835389 0.0103747 0.000565312 0.000705278 0 0.00141056 0.0047926 0.000560925 0.00392647 
2007 0 0 0.0278638 0.0743136 0.180635 0.111895 0.0482439 0.0537781 0.109261 0.0383273 0.0767338 0.012403 0.0045445 0.0394433 0.179638 0 0.000791565 0.00539998 0.00842526 0.0167095 0.0115924 
2008 0 0.0019862 0.00555274 0.0702875 0.139719 0.146021 0.190629 0.0563189 0.0933111 0.0711439 0.0259143 0.100784 0.00497552 0.0138826 0.00708921 0.00899672 0 0 0.00704327 0.0140865 0.0422596 
2009 0 0.00449124 0.0275518 0.0408489 0.0800187 0.159319 0.126627 0.105306 0.0814425 0.0485012 0.0393724 0.0246414 0.109489 0.0246516 0 0.0149085 0.0180576 0.00535713 0.00754533 0 0.0818707 
2010 0 0.031682 0.0306519 0.104823 0.0350476 0.153838 0.175255 0.123126 0.0966876 0.0551275 0.0403555 0.0334796 0.0318303 0.0382705 0.00247738 0.00662055 0.0280114 0.00104458 0.00295704 0 0.00871343 
2011 0 0.0597806 0.118063 0.0547251 0.0919616 0.0389254 0.0652128 0.108771 0.0757686 0.0495719 0.0278786 0.068035 0.0753268 0.0210563 0.0556449 0.0172236 0.0127953 0.0140276 0.0317949 0.00341152 0.0100258 
2012 0 0.0431611 0.115611 0.258001 0.0569009 0.0664421 0.0185064 0.0601308 0.0636535 0.0941952 0.0519079 0.039409 0.0358083 0.0139493 0.0182321 0.0361074 0.00757694 0.00676895 0.00584501 0 0.00779334 
2013 0 0.0234879 0.0898315 0.176629 0.325252 0.0538951 0.0396708 0.0233617 0.0378726 0.0481631 0.0811277 0.0326934 0.0186079 0.0174033 0.00963771 0.0109893 0 0 0 0 0.0113772 
end_table
table error_values
1990 0 0 0 0 0 0 0 0 0 0 0 0 0 0 0 0 0 0 0 0 0 
1991 0 0 0 0 0 0 0 0 0 0 0 0 0 0 0 0 0 0 0 0 0 
1992 0 0 0 0 0 0 0 0 0 0 0 0 0 0 0 0 0 0 0 0 0 
1993 0 0 0 0 0 0 0 0 0 0 0 0 0 0 0 0 0 0 0 0 0 
1994 0 0 0 0 0 0 0 0 0 0 0 0 0 0 0 0 0 0 0 0 0 
1995 0 0 0 0 0 0 0 0 0 0 0 0 0 0 0 0 0 0 0 0 0 
1996 0 0 0 0 0 0 0 0 0 0 0 0 0 0 0 0 0 0 0 0 0 
1997 0 0 0 0 0 0 0 0 0 0 0 0 0 0 0 0 0 0 0 0 0 
1998 0 0 0 0 0 0 0 0 0 0 0 0 0 0 0 0 0 0 0 0 0 
1999 0 0 0 0 0 0 0 0 0 0 0 0 0 0 0 0 0 0 0 0 0 
2000 0 0 0 0 0 0 0 0 0 0 0 0 0 0 0 0 0 0 0 0 0 
2001 0 0 0 0 0 0 0 0 0 0 0 0 0 0 0 0 0 0 0 0 0 
2002 0 0 0 0 0 0 0 0 0 0 0 0 0 0 0 0 0 0 0 0 0 
2003 0 0 0 0 0 0 0 0 0 0 0 0 0 0 0 0 0 0 0 0 0 
2004 0 0 0 0 0 0 0 0 0 0 0 0 0 0 0 0 0 0 0 0 0 
2005 0 0 0 0 0 0 0 0 0 0 0 0 0 0 0 0 0 0 0 0 0 
2006 0 0 0 0 0 0 0 0 0 0 0 0 0 0 0 0 0 0 0 0 0 
2007 0 0 0 0 0 0 0 0 0 0 0 0 0 0 0 0 0 0 0 0 0 
2008 0 0 0 0 0 0 0 0 0 0 0 0 0 0 0 0 0 0 0 0 0 
2009 0 0 0 0 0 0 0 0 0 0 0 0 0 0 0 0 0 0 0 0 0 
2010 0 0 0 0 0 0 0 0 0 0 0 0 0 0 0 0 0 0 0 0 0 
2011 0 0 0 0 0 0 0 0 0 0 0 0 0 0 0 0 0 0 0 0 0 
2012 0 0 0 0 0 0 0 0 0 0 0 0 0 0 0 0 0 0 0 0 0 
2013 0 0 0 0 0 0 0 0 0 0 0 0 0 0 0 0 0 0 0 0 0 
end_table

