@observation BP_age_sample_sim
age_samples_per_cluster 10 
ageing_error age_error 
average_cluster_weight 6 
cluster_cv 0.6 
cluster_sigma 1.1 
fishery_label Fishing_LL 
layer_of_stratum_definitions area_definition 
max_age 20 
min_age 0 
process_label fishing 
strata_to_include BP 
type mortality_event_biomass_age_clusters 
years 1990 1991 1992 1993 1994 1995 1996 1997 1998 1999 2000 2001 2002 2003 2004 2005 2006 2007 2008 2009 2010 2011 2012 2013 
table obs
1990 0 0.0105604 0.0400001 0.0537402 0.111379 0.100123 0.05002 0.076119 0.0742996 0.0802957 0.0562779 0.0365783 0.0283495 0.0334722 0.0609316 0.0410444 0.0372967 0.0156592 0.00362764 0.0127025 0.0775236 
1991 0 0.0226615 0.0488424 0.0791793 0.0580106 0.0711823 0.075947 0.108247 0.0951511 0.0600965 0.0558695 0.0442526 0.0412488 0.0245166 0.0283758 0.0193765 0.0181756 0.0287379 0.0271185 0.0110787 0.0819315 
1992 0 0.00786273 0.013578 0.0602111 0.0983753 0.100836 0.0666431 0.0800435 0.0421124 0.0630311 0.0428781 0.0526019 0.0555865 0.0478808 0.0220857 0.0211119 0.0406958 0.0651898 0.0293525 0.0240303 0.0658931 
1993 0 0 0.0152579 0.0735925 0.118067 0.0882313 0.0810993 0.0481065 0.0467145 0.0556711 0.0787671 0.0763671 0.0620009 0.028836 0.0268646 0.0188612 0.0154352 0.0169252 0.0204832 0.00668918 0.12203 
1994 0 0.0176023 0.00547897 0.0433347 0.145575 0.10289 0.100444 0.0688079 0.0910493 0.0567548 0.0397919 0.0233697 0.0562809 0.0487964 0.0509062 0.025945 0.0324636 0.0213507 0.00489472 0.00391526 0.0603489 
1995 0 0.0140601 0.08966 0.0256856 0.0857176 0.0921314 0.073061 0.0981756 0.0874769 0.0611905 0.0362145 0.0419829 0.0149382 0.021843 0.0196447 0.0254278 0.0138416 0.0235168 0.0166103 0.0114937 0.147328 
1996 0 0.014921 0.130489 0.2192 0.0373982 0.0794489 0.100844 0.0855686 0.0710266 0.0281744 0.0302715 0.0143635 0.0388684 0.0488111 0.0197406 0.0124391 0.000482945 0.00381428 0.00487978 0.00985829 0.0494007 
1997 0 0.00909 0.0773615 0.120033 0.306295 0.018624 0.0465695 0.0393149 0.056385 0.0299798 0.036302 0.0248259 0.0284533 0.0299277 0.032192 0.0098944 0.0123819 0.00448759 0.0096419 0.00914001 0.0991005 
1998 0 0.00169211 0.0019414 0.0029234 0.0116732 0.0144873 0.00208511 0.00117484 0.00312841 0.00563662 0.00202356 0.000905319 0.00170894 0.00185994 0.00395078 0.00109104 0.00119719 0.00100493 0.00246657 0.00127976 0.93777 
1999 0 0.00132384 0.102081 0.0807444 0.127107 0.156634 0.213421 0.00737842 0.022854 0.0265617 0.0486261 0.0416228 0.0322077 0.0310129 0.0335329 0.0319524 0.0161543 0.00466919 0.00677077 0.00150035 0.0138459 
2000 0 0.0255883 0.0118424 0.26153 0.115455 0.101527 0.135942 0.162411 0.0152642 0.0149347 0.0255407 0.011673 0.00681342 0.00841053 0.00647358 0.00281845 0 0.0113591 0.0263318 0.00942328 0.0466624 
2001 0 0.0127159 0.0716257 0.064796 0.286096 0.104422 0.124466 0.0980968 0.0832772 0.00673513 0.0217355 0.0160036 0.0301695 0.0166406 0.0200512 0.00921616 0.00294093 0 0.00329116 0.00294093 0.0247798 
2002 0 0.00481367 0.0279813 0.0884915 0.114442 0.302626 0.0834251 0.0744272 0.0748752 0.0389863 0.0118274 0.0183906 0.0369748 0.0220912 0.00802816 0.00704042 0.00841232 0.0266003 0.00837826 0.0267836 0.0154054 
2003 0 0.0166395 0.0541947 0.142521 0.157862 0.0595846 0.197517 0.0671287 0.0506413 0.0572997 0.0981283 0.00598741 0.0186471 0.00824241 0.00891887 0.00921905 0.00345343 0 0 0.0130554 0.0309592 
2004 0 0.00580326 0.0143378 0.0468353 0.172088 0.192668 0.0895667 0.174733 0.0473488 0.0209647 0.049109 0.0676665 0.0042667 0.0152816 0.0343614 0.0124589 0.010102 0.00644485 0.00327874 0.00070279 0.0319819 
2005 0 0.00871988 0.0460906 0.0949914 0.107825 0.126359 0.113137 0.0399512 0.107455 0.0569156 0.0350979 0.0608986 0.0521089 0.0177137 0.0313814 0.0485423 0.00511207 0.0071544 0.011112 0.00691311 0.0225208 
2006 0 0.0167248 0.030016 0.0924928 0.264374 0.10101 0.181861 0.0869783 0.0244792 0.055345 0.0186686 0.0302845 0.0295137 0.0302044 0 0.00156289 0.00468866 0.00191401 0.0151601 0.0147218 0 
2007 0 0 0.0168258 0.0504346 0.14437 0.15015 0.0920052 0.0834835 0.075509 0.0396918 0.115217 0.0509931 0.0459578 0.0359855 0.0351787 0.00900499 0.00508211 0.0121061 0.0129052 0.00495111 0.0201479 
2008 0 0.00539179 0.000802208 0.024482 0.0340099 0.0379976 0.0484244 0.0241947 0.0235417 0.0128941 0.00333679 0.0125194 0.00478306 0.00517846 0.00622173 0.00763111 0.000399964 0 0 0.166265 0.581926 
2009 0 0 0.0493472 0.0736862 0.080347 0.166249 0.122925 0.0901136 0.048477 0.0254987 0.0403058 0.0401461 0.0792002 0.0326944 0.019447 0.0545232 0.00873955 0.00125775 0.00511539 0 0.0619267 
2010 0 0.0463848 0.00811083 0.0522564 0.0281868 0.155791 0.179577 0.128708 0.104852 0.0278521 0.0602252 0.0545432 0.0368232 0.0810929 0.0098425 0.00138162 0.00393628 0.0127733 0.00766397 0 0 
2011 0 0.0279269 0.158413 0.0534047 0.119454 0.0542474 0.105643 0.0936417 0.054347 0.0668081 0.0285184 0.0181339 0.0548723 0.0251898 0.0683054 0.0164625 0.00605612 0.0174566 0.0153802 0 0.0157391 
2012 0 0.0211612 0.0666532 0.157005 0.0344964 0.0923002 0.022309 0.0457554 0.0616894 0.0934375 0.0645398 0.0210628 0.103233 0.0225123 0.0154011 0.0560823 0.0180995 0.0380806 0.0236689 0.0127765 0.0297356 
2013 0 0.0079317 0.0636633 0.221019 0.178085 0.0629584 0.0881446 0.0372292 0.0586983 0.0557982 0.0615617 0.0377438 0.0306758 0.0175044 0.00334459 0.00738461 0.0119776 0.0113568 0.0115896 0.00779764 0.0255361 
end_table
table error_values
1990 0 0 0 0 0 0 0 0 0 0 0 0 0 0 0 0 0 0 0 0 0 
1991 0 0 0 0 0 0 0 0 0 0 0 0 0 0 0 0 0 0 0 0 0 
1992 0 0 0 0 0 0 0 0 0 0 0 0 0 0 0 0 0 0 0 0 0 
1993 0 0 0 0 0 0 0 0 0 0 0 0 0 0 0 0 0 0 0 0 0 
1994 0 0 0 0 0 0 0 0 0 0 0 0 0 0 0 0 0 0 0 0 0 
1995 0 0 0 0 0 0 0 0 0 0 0 0 0 0 0 0 0 0 0 0 0 
1996 0 0 0 0 0 0 0 0 0 0 0 0 0 0 0 0 0 0 0 0 0 
1997 0 0 0 0 0 0 0 0 0 0 0 0 0 0 0 0 0 0 0 0 0 
1998 0 0 0 0 0 0 0 0 0 0 0 0 0 0 0 0 0 0 0 0 0 
1999 0 0 0 0 0 0 0 0 0 0 0 0 0 0 0 0 0 0 0 0 0 
2000 0 0 0 0 0 0 0 0 0 0 0 0 0 0 0 0 0 0 0 0 0 
2001 0 0 0 0 0 0 0 0 0 0 0 0 0 0 0 0 0 0 0 0 0 
2002 0 0 0 0 0 0 0 0 0 0 0 0 0 0 0 0 0 0 0 0 0 
2003 0 0 0 0 0 0 0 0 0 0 0 0 0 0 0 0 0 0 0 0 0 
2004 0 0 0 0 0 0 0 0 0 0 0 0 0 0 0 0 0 0 0 0 0 
2005 0 0 0 0 0 0 0 0 0 0 0 0 0 0 0 0 0 0 0 0 0 
2006 0 0 0 0 0 0 0 0 0 0 0 0 0 0 0 0 0 0 0 0 0 
2007 0 0 0 0 0 0 0 0 0 0 0 0 0 0 0 0 0 0 0 0 0 
2008 0 0 0 0 0 0 0 0 0 0 0 0 0 0 0 0 0 0 0 0 0 
2009 0 0 0 0 0 0 0 0 0 0 0 0 0 0 0 0 0 0 0 0 0 
2010 0 0 0 0 0 0 0 0 0 0 0 0 0 0 0 0 0 0 0 0 0 
2011 0 0 0 0 0 0 0 0 0 0 0 0 0 0 0 0 0 0 0 0 0 
2012 0 0 0 0 0 0 0 0 0 0 0 0 0 0 0 0 0 0 0 0 0 
2013 0 0 0 0 0 0 0 0 0 0 0 0 0 0 0 0 0 0 0 0 0 
end_table

