@observation BP_age_sample_sim
age_samples_per_cluster 10 
ageing_error age_error 
average_cluster_weight 6 
cluster_cv 0.6 
cluster_sigma 1.1 
fishery_label Fishing_LL 
layer_of_stratum_definitions area_definition 
max_age 20 
min_age 0 
process_label fishing 
strata_to_include BP 
type mortality_event_biomass_age_clusters 
years 1990 1991 1992 1993 1994 1995 1996 1997 1998 1999 2000 2001 2002 2003 2004 2005 2006 2007 2008 2009 2010 2011 2012 2013 
table obs
1990 0 0.00625967 0.0378796 0.0605568 0.109411 0.0944351 0.0950707 0.0572975 0.0684492 0.0473703 0.0337331 0.0423692 0.0492116 0.0257139 0.049546 0.0259077 0.0210636 0.0148615 0.0223286 0.011889 0.126645 
1991 0 0.0140946 0.0651372 0.0921303 0.0728545 0.0907731 0.101695 0.067198 0.0439316 0.0503509 0.0584909 0.050166 0.0367361 0.023541 0.0232728 0.0184899 0.0169749 0.0230965 0.0378119 0.0212215 0.0920331 
1992 0 0.00390539 0.00650772 0.0639051 0.116346 0.127345 0.0998212 0.127245 0.0797588 0.0467962 0.0369612 0.0408834 0.0311895 0.0271987 0.0340176 0.0175987 0.0147442 0.0109045 0.00862466 0.00371235 0.102535 
1993 0 0 0.032348 0.107079 0.128567 0.134683 0.0847516 0.0713615 0.0539872 0.0392842 0.0530469 0.0525478 0.0332537 0.0234964 0.0287452 0.0149534 0.0044667 0.00223335 0.00432013 0.0201381 0.110737 
1994 0 0.0386853 0.0312938 0.0631973 0.120144 0.125123 0.123754 0.0812678 0.0542964 0.0458652 0.0463024 0.0274939 0.0250328 0.0154462 0.0246058 0.0247937 0.00585299 0.00830618 0.00357016 0.0204992 0.11447 
1995 0 0.0210522 0.0899258 0.0457334 0.0782915 0.10849 0.0665882 0.0513042 0.0750229 0.0747322 0.0948599 0.0855225 0.0673374 0.0479318 0.0214783 0.0109005 0.00722574 0 0.00191516 0 0.0516882 
1996 0 0.00718041 0.0432426 0.185964 0.0563288 0.0968307 0.0983342 0.0722027 0.0529227 0.0578477 0.0228048 0.0324973 0.0385125 0.0414976 0.0179321 0.0200171 0.0229349 0.0126401 0.0157194 0.0178542 0.086736 
1997 0 0.00233266 0.0169149 0.0986785 0.289342 0.0465953 0.0528917 0.0694295 0.0850664 0.0660758 0.032974 0.0166595 0.0248542 0.0235143 0.0086881 0.00525755 0.0178777 0.00608609 0.0262523 0.0243125 0.086197 
1998 0 0.0101709 0.0052698 0.012473 0.0212416 0.0210759 0.00145834 0.00453084 0.0034754 0.00364939 0.00572875 0.00374854 0.00390507 0.00240893 0.00187717 0.00568833 0.00116894 0.0061783 0.00604253 0.00187013 0.878038 
1999 0 0.0281251 0.150988 0.107929 0.134943 0.155625 0.181953 0.0105439 0.0247596 0.0280223 0.0348924 0.0177867 0.0112448 0.00907252 0.0121371 0.00261659 0 0.00544819 0.0027241 0.0176053 0.063584 
2000 0 0.00431753 0.0241877 0.337707 0.115172 0.114743 0.0854392 0.110523 0.0221873 0.0524125 0.0457735 0.012411 0.010486 0.00623168 0.0036015 0.00962334 0.00200728 0.00200728 0.00122566 0.00990617 0.0300386 
2001 0 0.0111594 0.0296372 0.0673478 0.362297 0.090914 0.0859139 0.0888999 0.0977479 0.00141634 0.0146433 0.0269972 0.0123539 0.0228362 0.0191868 0.00900356 0.00861165 0.00759821 0.00660794 0.00106617 0.0357614 
2002 0 0.0138001 0.0391577 0.118861 0.125393 0.241852 0.077885 0.0612129 0.103102 0.0673618 0.00520424 0.00264441 0.00868716 0.0120855 0.0113316 0.010195 0.00987902 0.00275259 0.00327587 0.00275259 0.0825657 
2003 0 0.00449057 0.022546 0.130492 0.185133 0.0568546 0.266735 0.0803028 0.0322629 0.0622269 0.0690082 0.0134531 0.0184023 0.00442557 0.00566976 0.0066575 0.0106892 0.00882163 0.00665008 0.000946841 0.0142322 
2004 0 0.0338073 0.083514 0.0919599 0.167324 0.135121 0.0500493 0.162738 0.0430152 0.0374251 0.0215162 0.036247 0.00577896 0.0127277 0.00777109 0.00223626 0.0081987 0.00534542 0.00723513 0 0.0879902 
2005 0 0.0203169 0.0468477 0.0926559 0.0899975 0.147103 0.103092 0.0470754 0.135588 0.0443943 0.02867 0.0562425 0.0641216 0.00767694 0.00943726 0.0211647 0.00833976 0.00396351 0.00132117 0.00485365 0.067139 
2006 0 0 0.0150978 0.106885 0.208817 0.140536 0.271741 0.0539778 0.0186213 0.0820257 0.018739 0.011437 0.0128246 0.00989906 0.00332277 0.000973722 0.0046102 0.00378653 0.00868443 0.00423094 0.02379 
2007 0 0.00985193 0.0237738 0.0748073 0.137552 0.155235 0.0837517 0.0965677 0.0835839 0.0348037 0.117942 0.0196432 0.0402746 0.0713057 0.0287508 0 0 0 0 0.00184359 0.0203129 
2008 0 0.00205631 0.00260518 0.0249553 0.0330265 0.0481045 0.0823332 0.0238326 0.0307595 0.0220627 0.0102874 0.0261695 0.00282398 0.00126662 0.00461324 0.0102108 0.00098434 0 0 0 0.673908 
2009 0 0.00334763 0.0416965 0.0510969 0.105633 0.13477 0.140286 0.13268 0.0622291 0.0614481 0.0432494 0.0655664 0.112395 0.0283785 0.00355549 0.00303752 0.0106313 0 0 0 0 
2010 0 0.0147365 0.0130528 0.0708342 0.0491574 0.109348 0.109397 0.160421 0.0908571 0.0714286 0.100212 0.0470358 0.0103455 0.0795757 0.00290712 0.0077702 0.0111283 0.0078471 0.000539171 0 0.0434072 
2011 0 0.0426932 0.0554696 0.0577882 0.111495 0.0780807 0.131047 0.108106 0.0930026 0.0568758 0.0645432 0.0418238 0.0639649 0.00569443 0.0394859 0.00220157 0.00110079 0.00110079 0.0174076 0 0.0281192 
2012 0 0.0278784 0.0835051 0.186849 0.0372182 0.0436788 0.0265419 0.0507169 0.0784007 0.0684567 0.0802099 0.0480133 0.0618314 0.0407817 0.0324446 0.0602146 0.00354364 0.0146183 0.00227138 0.00746449 0.0453615 
2013 0 0.0106105 0.0838645 0.179391 0.192844 0.0523746 0.0607007 0.0124201 0.0321809 0.046839 0.068388 0.0606009 0.0360574 0.0225983 0.0285091 0.0182224 0.041548 0.0196145 0.00405968 0.00322814 0.0259483 
end_table
table error_values
1990 0 0 0 0 0 0 0 0 0 0 0 0 0 0 0 0 0 0 0 0 0 
1991 0 0 0 0 0 0 0 0 0 0 0 0 0 0 0 0 0 0 0 0 0 
1992 0 0 0 0 0 0 0 0 0 0 0 0 0 0 0 0 0 0 0 0 0 
1993 0 0 0 0 0 0 0 0 0 0 0 0 0 0 0 0 0 0 0 0 0 
1994 0 0 0 0 0 0 0 0 0 0 0 0 0 0 0 0 0 0 0 0 0 
1995 0 0 0 0 0 0 0 0 0 0 0 0 0 0 0 0 0 0 0 0 0 
1996 0 0 0 0 0 0 0 0 0 0 0 0 0 0 0 0 0 0 0 0 0 
1997 0 0 0 0 0 0 0 0 0 0 0 0 0 0 0 0 0 0 0 0 0 
1998 0 0 0 0 0 0 0 0 0 0 0 0 0 0 0 0 0 0 0 0 0 
1999 0 0 0 0 0 0 0 0 0 0 0 0 0 0 0 0 0 0 0 0 0 
2000 0 0 0 0 0 0 0 0 0 0 0 0 0 0 0 0 0 0 0 0 0 
2001 0 0 0 0 0 0 0 0 0 0 0 0 0 0 0 0 0 0 0 0 0 
2002 0 0 0 0 0 0 0 0 0 0 0 0 0 0 0 0 0 0 0 0 0 
2003 0 0 0 0 0 0 0 0 0 0 0 0 0 0 0 0 0 0 0 0 0 
2004 0 0 0 0 0 0 0 0 0 0 0 0 0 0 0 0 0 0 0 0 0 
2005 0 0 0 0 0 0 0 0 0 0 0 0 0 0 0 0 0 0 0 0 0 
2006 0 0 0 0 0 0 0 0 0 0 0 0 0 0 0 0 0 0 0 0 0 
2007 0 0 0 0 0 0 0 0 0 0 0 0 0 0 0 0 0 0 0 0 0 
2008 0 0 0 0 0 0 0 0 0 0 0 0 0 0 0 0 0 0 0 0 0 
2009 0 0 0 0 0 0 0 0 0 0 0 0 0 0 0 0 0 0 0 0 0 
2010 0 0 0 0 0 0 0 0 0 0 0 0 0 0 0 0 0 0 0 0 0 
2011 0 0 0 0 0 0 0 0 0 0 0 0 0 0 0 0 0 0 0 0 0 
2012 0 0 0 0 0 0 0 0 0 0 0 0 0 0 0 0 0 0 0 0 0 
2013 0 0 0 0 0 0 0 0 0 0 0 0 0 0 0 0 0 0 0 0 0 
end_table

