@observation BP_age_sample_sim
age_samples_per_cluster 10 
ageing_error age_error 
average_cluster_weight 6 
cluster_cv 0.6 
cluster_sigma 1.1 
fishery_label Fishing_LL 
layer_of_stratum_definitions area_definition 
max_age 20 
min_age 0 
process_label fishing 
strata_to_include BP 
type mortality_event_biomass_age_clusters 
years 1990 1991 1992 1993 1994 1995 1996 1997 1998 1999 2000 2001 2002 2003 2004 2005 2006 2007 2008 2009 2010 2011 2012 2013 
table obs
1990 0 0.0117041 0.0469814 0.0566763 0.0922798 0.0880273 0.0512117 0.0618622 0.0543083 0.052684 0.0632497 0.066629 0.0284705 0.0358742 0.0294938 0.0186563 0.0466839 0.0170123 0.0331934 0.0416304 0.103371 
1991 0 0.0105241 0.0381149 0.0677755 0.0765373 0.0741369 0.0549164 0.0454638 0.0402703 0.0822938 0.0790192 0.064527 0.0544714 0.0340788 0.0210806 0.0255344 0.0430612 0.0690853 0.0341602 0.0431804 0.0417687 
1992 0 0.011991 0.0400596 0.0710537 0.0966574 0.0905728 0.0779875 0.0837095 0.0421279 0.0551308 0.066134 0.0451097 0.0421276 0.0189895 0.00786225 0.0228484 0.0272308 0.012549 0.0126324 0.0229791 0.152247 
1993 0 0 0.0124737 0.103237 0.108914 0.104411 0.0953425 0.106006 0.0873653 0.0717838 0.0663057 0.0403243 0.0355834 0.0135663 0.00621939 0.0136575 0.00777729 0.00477382 0.0107909 0.013441 0.098027 
1994 0 0.0109497 0.00932105 0.047789 0.110042 0.105086 0.0888183 0.0837336 0.0737263 0.0558698 0.0460086 0.0310324 0.0455289 0.0374677 0.0125028 0.0281455 0.0218955 0.00715942 0.0103646 0.00695653 0.167602 
1995 0 0.0174079 0.111024 0.0196417 0.0702417 0.0471974 0.0417173 0.0631907 0.0357336 0.0343833 0.0439753 0.07331 0.0767395 0.0504678 0.042053 0.0399828 0.0204798 0.0246117 0.0153824 0.0152369 0.157223 
1996 0 0.0101122 0.092387 0.299309 0.059787 0.0531991 0.0645757 0.0461396 0.0603486 0.0319271 0.0244966 0.0309855 0.0364301 0.0567745 0.0152756 0.000489979 0.0106701 0.0104319 0.00365446 0.00980617 0.0831999 
1997 0 0.00993038 0.0138788 0.199523 0.259624 0.0558376 0.0312754 0.0513821 0.0667683 0.0313024 0.0181956 0.0228883 0.0370559 0.0330393 0.0385206 0.0265955 0.0152959 0.0204153 0.00678749 0.00729018 0.0543942 
1998 0 0.00496408 0.00412728 0.0134256 0.0239847 0.027766 0.0021996 0.00410515 0.00654135 0.00760861 0.00741697 0.00530875 0.00320932 0.00455589 0.00439366 0.00118769 0.00200316 0.00378372 0.00320852 0.00114422 0.869066 
1999 0 0.0336663 0.150103 0.0956323 0.128472 0.183753 0.18348 0.0112071 0.0274633 0.0246611 0.0166656 0.0161001 0.00787291 0.0148866 0.0156661 0.012144 0.0050287 0.000813713 0 0.00167436 0.0707097 
2000 0 0.0130836 0.0320459 0.32177 0.134696 0.110826 0.128743 0.0938173 0.00503339 0.0165945 0.0187792 0.0110401 0.0242398 0.00754109 0.0201985 0.00673283 0 0 0 0.00184625 0.0530125 
2001 0 0.0411798 0.0389369 0.0499217 0.248899 0.0891298 0.0768734 0.0991988 0.0963289 0.00979573 0.0214825 0.0285153 0.0297671 0.0190417 0.0334768 0.051628 0.0200174 0.00991371 0.00159793 0 0.0342953 
2002 0 0.00718721 0.0427925 0.0751729 0.0993591 0.345886 0.0885392 0.0722818 0.0938036 0.0541753 0.0154157 0.0058301 0.00500098 0.0089095 0.00500098 0.00175411 0.00703065 0.0023318 0.000472033 0.0150108 0.0540458 
2003 0 0.0155262 0.0273029 0.0505692 0.118353 0.0725645 0.306555 0.0638091 0.0749611 0.136772 0.110945 0.00414795 0.0060062 0.00421391 0.00319522 0 0 0 0 0.000564343 0.00451474 
2004 0 0.0131737 0.0641713 0.0736303 0.224662 0.14874 0.0854198 0.148759 0.0403404 0.0539039 0.0701845 0.0272317 0.00158326 0.00348804 0.00169761 0.00679046 0 0.00339523 0.00169761 0.0127086 0.0184231 
2005 0 0.0151693 0.0435619 0.0783047 0.0919813 0.174784 0.101767 0.0379663 0.130275 0.0367041 0.0643404 0.0840287 0.0340906 0 0.00317058 0.0111714 0.00744762 0 0.00744762 0.00118035 0.076609 
2006 0 0.00168149 0.0212732 0.0439257 0.407123 0.0939637 0.275939 0.0274937 0.0125221 0.0496175 0.0108301 0.00617498 0.00959277 0.0118062 0.00073011 0 0.00177451 0.000443627 0.00133088 0.000443627 0.0233339 
2007 0 0.00277347 0.0263629 0.0413189 0.104156 0.103103 0.0937267 0.0871765 0.0768894 0.0386802 0.101212 0.0260813 0.0100455 0.046259 0.186808 0.0006895 0.00792094 0.00683374 0.00104859 0.00454204 0.0343717 
2008 0 0.00612979 0.0192948 0.125215 0.181997 0.124362 0.116941 0.054 0.0881917 0.0937436 0.0424037 0.0795088 0.0139509 0.0112509 0.0189316 0.0158573 0.00570532 0.00251593 0 0 0 
2009 0 0.00546826 0.0556072 0.0611696 0.090237 0.120503 0.110729 0.13177 0.0590501 0.0669041 0.062753 0.0170313 0.0680954 0.0271095 0.0159875 0.0275344 0.0120084 0.00387443 0.00751489 0 0.0566528 
2010 0 0.0414542 0.013746 0.0619828 0.0498495 0.076552 0.0839191 0.118237 0.134382 0.0531923 0.064585 0.0394182 0.0463576 0.11013 0.00203851 0.0162741 0.0150361 0.00203851 0.0037489 0.00112005 0.0659382 
2011 0 0.0114237 0.076274 0.0207521 0.101791 0.0476306 0.111533 0.172365 0.103214 0.10313 0.0490088 0.0428748 0.0401583 0.0152436 0.0241864 0.0291435 0.000916144 0.00870926 0.0154961 0 0.0261502 
2012 0 0.00922983 0.102392 0.205754 0.078719 0.117294 0.0325896 0.0389443 0.0779007 0.132392 0.0604171 0.0268308 0.0258111 0.00744208 0.00833859 0.00741247 0.00232467 0.00697402 0.0106855 0.00446167 0.0440868 
2013 0 0 0.0737852 0.23482 0.265149 0.0578055 0.0447892 0.0259726 0.0502524 0.044481 0.0283429 0.0241734 0.0218408 0.0610484 0.0258949 0.00866239 0.0124772 0 0.00143038 0.00286076 0.0162141 
end_table
table error_values
1990 0 0 0 0 0 0 0 0 0 0 0 0 0 0 0 0 0 0 0 0 0 
1991 0 0 0 0 0 0 0 0 0 0 0 0 0 0 0 0 0 0 0 0 0 
1992 0 0 0 0 0 0 0 0 0 0 0 0 0 0 0 0 0 0 0 0 0 
1993 0 0 0 0 0 0 0 0 0 0 0 0 0 0 0 0 0 0 0 0 0 
1994 0 0 0 0 0 0 0 0 0 0 0 0 0 0 0 0 0 0 0 0 0 
1995 0 0 0 0 0 0 0 0 0 0 0 0 0 0 0 0 0 0 0 0 0 
1996 0 0 0 0 0 0 0 0 0 0 0 0 0 0 0 0 0 0 0 0 0 
1997 0 0 0 0 0 0 0 0 0 0 0 0 0 0 0 0 0 0 0 0 0 
1998 0 0 0 0 0 0 0 0 0 0 0 0 0 0 0 0 0 0 0 0 0 
1999 0 0 0 0 0 0 0 0 0 0 0 0 0 0 0 0 0 0 0 0 0 
2000 0 0 0 0 0 0 0 0 0 0 0 0 0 0 0 0 0 0 0 0 0 
2001 0 0 0 0 0 0 0 0 0 0 0 0 0 0 0 0 0 0 0 0 0 
2002 0 0 0 0 0 0 0 0 0 0 0 0 0 0 0 0 0 0 0 0 0 
2003 0 0 0 0 0 0 0 0 0 0 0 0 0 0 0 0 0 0 0 0 0 
2004 0 0 0 0 0 0 0 0 0 0 0 0 0 0 0 0 0 0 0 0 0 
2005 0 0 0 0 0 0 0 0 0 0 0 0 0 0 0 0 0 0 0 0 0 
2006 0 0 0 0 0 0 0 0 0 0 0 0 0 0 0 0 0 0 0 0 0 
2007 0 0 0 0 0 0 0 0 0 0 0 0 0 0 0 0 0 0 0 0 0 
2008 0 0 0 0 0 0 0 0 0 0 0 0 0 0 0 0 0 0 0 0 0 
2009 0 0 0 0 0 0 0 0 0 0 0 0 0 0 0 0 0 0 0 0 0 
2010 0 0 0 0 0 0 0 0 0 0 0 0 0 0 0 0 0 0 0 0 0 
2011 0 0 0 0 0 0 0 0 0 0 0 0 0 0 0 0 0 0 0 0 0 
2012 0 0 0 0 0 0 0 0 0 0 0 0 0 0 0 0 0 0 0 0 0 
2013 0 0 0 0 0 0 0 0 0 0 0 0 0 0 0 0 0 0 0 0 0 
end_table

