@observation BP_age_sample_sim
age_samples_per_cluster 10 
ageing_error age_error 
average_cluster_weight 6 
cluster_cv 0.6 
cluster_sigma 1.1 
fishery_label Fishing_LL 
layer_of_stratum_definitions area_definition 
max_age 20 
min_age 0 
process_label fishing 
strata_to_include BP 
type mortality_event_biomass_age_clusters 
years 1990 1991 1992 1993 1994 1995 1996 1997 1998 1999 2000 2001 2002 2003 2004 2005 2006 2007 2008 2009 2010 2011 2012 2013 
table obs
1990 0 0.0113897 0.0345158 0.0471656 0.102456 0.0924184 0.0675904 0.0588447 0.0652242 0.0733682 0.0326348 0.0161775 0.0454211 0.0195351 0.0198876 0.0330524 0.0195535 0.0137631 0.0201176 0.0251774 0.201707 
1991 0 0.00547625 0.0363608 0.0869687 0.110236 0.099219 0.0932199 0.0729311 0.063083 0.0289109 0.0398033 0.0414743 0.0254884 0.0128745 0.0278034 0.0395179 0.0399104 0.0230951 0.0118426 0.0245013 0.117283 
1992 0 0.00634019 0.0220196 0.0651533 0.109403 0.135404 0.0976197 0.114552 0.0487245 0.0560766 0.0258819 0.0397614 0.0380054 0.0361859 0.0337078 0.0120733 0.00966206 0.0124823 0.0255599 0.0174069 0.0939807 
1993 0 0.00713741 0.0233666 0.0875753 0.100568 0.097349 0.0724863 0.0794428 0.0686875 0.041157 0.0460494 0.0575313 0.055881 0.0444716 0.0226796 0.0295138 0.0129199 0.00635536 0.0161825 0.0215143 0.109131 
1994 0 0.0157949 0.00564482 0.0468585 0.0684767 0.123488 0.154231 0.114412 0.0947688 0.0785299 0.0561705 0.0271229 0.0108652 0.0118684 0.0165785 0.0066565 0.00925999 0.00873861 0.0202323 0.0115272 0.118775 
1995 0 0.0187693 0.124654 0.0389946 0.0843938 0.102686 0.0793661 0.0752682 0.0435475 0.0492584 0.0485187 0.0186909 0.0236906 0.019139 0.0263047 0.01657 0.0148788 0.00833221 0.0133909 0.0343971 0.159149 
1996 0 0.00988081 0.0730664 0.214323 0.0535992 0.0874481 0.0752326 0.0495067 0.0364163 0.042793 0.0250892 0.0504646 0.0368048 0.0686965 0.0190198 0.0105387 0.00602357 0.0080843 0.0026309 0.0130592 0.117322 
1997 0 0.0065077 0.0582712 0.210011 0.313081 0.0215656 0.0386232 0.045632 0.0449447 0.0496419 0.0408317 0.0273043 0.0133744 0.0084568 0.0357086 0.0149497 0.0165111 0.00858832 0.00753942 0.00469973 0.0337572 
1998 0 0.00487403 0.0071459 0.0176326 0.0197459 0.0282214 0.00239024 0.00508243 0.00534986 0.0147131 0.00584967 0.00388878 0.00299864 0.00429274 0.000686946 0.000411584 0.00228351 0.00524731 0.00318015 0.00338351 0.862622 
1999 0 0.00185866 0.138656 0.0778562 0.142931 0.208126 0.183971 0.0254117 0.0281636 0.0289904 0.032495 0.0113275 0.0299676 0.0184639 0.0189525 0.0157836 0.0249614 0 0.000725153 0.00217546 0.00918317 
2000 0 0.0205016 0.0259429 0.149 0.103153 0.100102 0.126571 0.145436 0.0104206 0.0199 0.0432792 0.0288029 0.0171832 0.0255889 0.0144655 0.0156259 0.00559452 0.0078281 0.0127425 0.0210191 0.106844 
2001 0 0.0364139 0.0271591 0.0378631 0.261597 0.0951276 0.111438 0.151515 0.0989789 0.0337122 0.0140632 0.0320058 0.0128612 0.0148224 0.0175973 0.00442732 0.00144982 0.00764217 0.00164902 0.0045616 0.0351153 
2002 0 0.0296245 0.064208 0.0673117 0.078007 0.269931 0.05779 0.0703812 0.0701996 0.0900164 0.0131213 0.0184439 0.0297318 0.00769038 0.00520421 0.00664441 0.0242222 0.0220575 0 0.00766896 0.0677463 
2003 0 0.0361942 0.0276321 0.121455 0.161904 0.0867497 0.210479 0.0724976 0.0302586 0.0430484 0.0463979 0 0.00466097 0.0110908 0.00466097 0.0108476 0.0171348 0.0195482 0.00660498 0.00662702 0.0822092 
2004 0 0.0279596 0.0484173 0.083527 0.196838 0.136894 0.0574901 0.229769 0.0446672 0.024485 0.0259084 0.0306428 0.018853 0.00434619 0.0152192 0.00304384 0.00300451 0 0 0 0.0489348 
2005 0 0.0098598 0.048184 0.0904729 0.123273 0.118503 0.0950542 0.0388953 0.189229 0.0450746 0.0489925 0.050986 0.0489366 0.00372362 0.00791146 0.0422285 0.0187605 0.00204446 0.00226775 0 0.0156021 
2006 0 0.0010216 0.0188392 0.111579 0.180494 0.155296 0.189478 0.108247 0.0416188 0.116884 0.013495 0.0162763 0.0101942 0.0220591 0.0016975 0 0 0 0 0 0.0128199 
2007 0 0 0.016744 0.0205459 0.111452 0.150267 0.0940288 0.111725 0.0849103 0.0460147 0.135768 0.041869 0.0230422 0.0494089 0.100817 0.00128057 0.00256114 0.00128057 0.000640284 0 0.00764511 
2008 0 0.00542315 0.00730474 0.0124781 0.0305814 0.0343552 0.0440582 0.0140495 0.0132664 0.0132894 0.00504169 0.0134337 0.00784839 0.00214637 0.00349208 0.011224 0.00253909 0 0.000791766 0.094527 0.68415 
2009 0 0.0311288 0.0472543 0.0359398 0.0824141 0.165519 0.14504 0.167306 0.0575664 0.0901678 0.0878858 0.0190997 0.0373732 0.00242171 0.00700616 0.00844081 0.00678809 0 0 0 0.008649 
2010 0 0.0440141 0.0210578 0.0549346 0.0342283 0.105651 0.101329 0.14385 0.098152 0.0651769 0.044931 0.0602188 0.0613724 0.0862589 0.00894617 0.0108338 0.0335291 0.0165614 0 0.0039802 0.00497525 
2011 0 0.0471458 0.191447 0.0780156 0.115729 0.0792644 0.0888919 0.0656419 0.0619338 0.0618421 0.0241099 0.0404857 0.021815 0.014073 0.0546739 0.0224078 0.00213226 0.0052159 0.0128456 0.00124873 0.0110815 
2012 0 0.0179391 0.0959923 0.194041 0.0720275 0.118616 0.0250551 0.0421996 0.0814207 0.0652931 0.0243244 0.0100637 0.0361198 0.0280522 0.0291585 0.0798124 0.00446168 0.0366556 0.0141074 0.00827314 0.0163873 
2013 0 0.0011593 0.038575 0.266474 0.165022 0.033145 0.0660207 0.0149394 0.0640925 0.0941587 0.058289 0.0520626 0.0561019 0.0338887 0.00848326 0.00291949 0.0142329 0.00626497 0.00645504 0.00144912 0.0162669 
end_table
table error_values
1990 0 0 0 0 0 0 0 0 0 0 0 0 0 0 0 0 0 0 0 0 0 
1991 0 0 0 0 0 0 0 0 0 0 0 0 0 0 0 0 0 0 0 0 0 
1992 0 0 0 0 0 0 0 0 0 0 0 0 0 0 0 0 0 0 0 0 0 
1993 0 0 0 0 0 0 0 0 0 0 0 0 0 0 0 0 0 0 0 0 0 
1994 0 0 0 0 0 0 0 0 0 0 0 0 0 0 0 0 0 0 0 0 0 
1995 0 0 0 0 0 0 0 0 0 0 0 0 0 0 0 0 0 0 0 0 0 
1996 0 0 0 0 0 0 0 0 0 0 0 0 0 0 0 0 0 0 0 0 0 
1997 0 0 0 0 0 0 0 0 0 0 0 0 0 0 0 0 0 0 0 0 0 
1998 0 0 0 0 0 0 0 0 0 0 0 0 0 0 0 0 0 0 0 0 0 
1999 0 0 0 0 0 0 0 0 0 0 0 0 0 0 0 0 0 0 0 0 0 
2000 0 0 0 0 0 0 0 0 0 0 0 0 0 0 0 0 0 0 0 0 0 
2001 0 0 0 0 0 0 0 0 0 0 0 0 0 0 0 0 0 0 0 0 0 
2002 0 0 0 0 0 0 0 0 0 0 0 0 0 0 0 0 0 0 0 0 0 
2003 0 0 0 0 0 0 0 0 0 0 0 0 0 0 0 0 0 0 0 0 0 
2004 0 0 0 0 0 0 0 0 0 0 0 0 0 0 0 0 0 0 0 0 0 
2005 0 0 0 0 0 0 0 0 0 0 0 0 0 0 0 0 0 0 0 0 0 
2006 0 0 0 0 0 0 0 0 0 0 0 0 0 0 0 0 0 0 0 0 0 
2007 0 0 0 0 0 0 0 0 0 0 0 0 0 0 0 0 0 0 0 0 0 
2008 0 0 0 0 0 0 0 0 0 0 0 0 0 0 0 0 0 0 0 0 0 
2009 0 0 0 0 0 0 0 0 0 0 0 0 0 0 0 0 0 0 0 0 0 
2010 0 0 0 0 0 0 0 0 0 0 0 0 0 0 0 0 0 0 0 0 0 
2011 0 0 0 0 0 0 0 0 0 0 0 0 0 0 0 0 0 0 0 0 0 
2012 0 0 0 0 0 0 0 0 0 0 0 0 0 0 0 0 0 0 0 0 0 
2013 0 0 0 0 0 0 0 0 0 0 0 0 0 0 0 0 0 0 0 0 0 
end_table

