@observation BP_age_sample_sim
age_samples_per_cluster 10 
ageing_error age_error 
average_cluster_weight 6 
cluster_cv 0.6 
cluster_sigma 1.1 
fishery_label Fishing_LL 
layer_of_stratum_definitions area_definition 
max_age 20 
min_age 0 
process_label fishing 
strata_to_include BP 
type mortality_event_biomass_age_clusters 
years 1990 1991 1992 1993 1994 1995 1996 1997 1998 1999 2000 2001 2002 2003 2004 2005 2006 2007 2008 2009 2010 2011 2012 2013 
table obs
1990 0 0 0.0155482 0.0701875 0.091456 0.0983987 0.0979921 0.107212 0.0538287 0.0586814 0.0423641 0.0407352 0.0416439 0.0312023 0.0169239 0.00899261 0.0309109 0.027557 0.00982423 0.0089127 0.147628 
1991 0 0.00970682 0.0353184 0.0790701 0.105067 0.0791588 0.0835722 0.112635 0.0747622 0.052047 0.0583077 0.0468488 0.0591776 0.0213239 0.0239882 0.0237457 0.00804146 0.0054665 0.00978732 0.0142083 0.097767 
1992 0 0.0102919 0.0329357 0.0758229 0.135984 0.097058 0.0696238 0.0486342 0.064868 0.0544646 0.0289703 0.0309752 0.0248259 0.0483701 0.0351309 0.0239647 0.0166161 0.0152438 0.0111912 0.00541357 0.169615 
1993 0 0.00708861 0.0388739 0.11113 0.122204 0.15968 0.0720555 0.054248 0.051815 0.0500833 0.0406623 0.0146221 0.0125384 0.0178385 0.0371601 0.0275702 0.0346188 0.02834 0.0228666 0.0160243 0.0805804 
1994 0 0.0254389 0.00588779 0.0408527 0.0896351 0.115003 0.118531 0.091329 0.066426 0.0511892 0.0469278 0.0341423 0.0300388 0.0279469 0.0280049 0.042289 0.0168289 0.00642704 0.0127726 0.00819471 0.142135 
1995 0 0.0592747 0.109238 0.0194132 0.0451142 0.0597193 0.0594733 0.0725342 0.0599576 0.0533076 0.0564585 0.0399107 0.056376 0.0339358 0.0178913 0.0245061 0.0247432 0.0398627 0.0116967 0.0130727 0.143514 
1996 0 0.0149876 0.101652 0.180186 0.0577092 0.0959411 0.106234 0.102548 0.093074 0.0390016 0.0135898 0.0266581 0.0187238 0.014524 0.00790169 0.010854 0.0061615 0.0061615 0.00320918 0.00682105 0.094062 
1997 0 0.00993976 0.0570419 0.153939 0.256494 0.0307219 0.0680291 0.0578218 0.0438571 0.0275907 0.0245677 0.026036 0.0260722 0.0357499 0.0407267 0.0312709 0.0232783 0.0260464 0.0109312 0.0131363 0.0367498 
1998 0 0.00390778 0.00674607 0.0106059 0.0177535 0.0197829 0.00333011 0.00580699 0.00311621 0.00276754 0.00342734 0.00165051 0.000277892 0.000369601 0.00149884 0.00199683 0.00258516 0.00140118 0.00135518 0.00112114 0.910499 
1999 0 0.0146989 0.114301 0.0875535 0.152352 0.17854 0.247418 0.0132924 0.0185667 0.0591056 0.0432586 0.0140637 0.0066061 0.00099415 0.000377057 0.0113335 0.00169017 0.011195 0.00331053 0.00278351 0.018559 
2000 0 0.00554535 0.0222714 0.353952 0.111317 0.0905884 0.110892 0.106907 0.0225097 0.0373905 0.0647655 0.0224359 0.00918846 0.00438749 0.00292499 0.0014625 0 0.00203753 0.00407506 0.00509403 0.0222556 
2001 0 0.00786825 0.0296376 0.057884 0.305533 0.0927254 0.0746103 0.0724955 0.0895334 0.00369986 0.028854 0.0326901 0.0298392 0.0327689 0.0476687 0.00169456 0.00678842 0.00472458 0.000956331 0.00191266 0.0781153 
2002 0 0.00401291 0.0833493 0.118837 0.138204 0.346861 0.0741044 0.0612324 0.0607914 0.0677822 0 0 0.00485547 0.00971093 0.00336212 0.0100864 0 0 0.0134485 0.00336212 0 
2003 0 0.0295838 0.0228872 0.1828 0.131106 0.0714117 0.182756 0.0697216 0.0655153 0.097488 0.0507104 0.00495283 0.00597557 0.00701474 0.00980988 0.0192577 0.00159251 0.00323084 0.00416186 0.00285428 0.0371707 
2004 0 0.0222552 0.0149589 0.0762772 0.171691 0.158458 0.0658623 0.187548 0.0756409 0.0347973 0.0714507 0.0409894 0.000814652 0 0.00471568 0.00707352 0.00880629 0.0215194 0.018697 0.00244972 0.015995 
2005 0 0.0140263 0.0484742 0.117363 0.146716 0.143764 0.0947885 0.0595466 0.1297 0.0391595 0.0371464 0.0312942 0.0274013 0 0.00539844 0.0299405 0.0122542 0.00387497 0.010466 0.00543202 0.0432543 
2006 0 0 0.0144292 0.10704 0.281143 0.112141 0.113166 0.078168 0.0370705 0.0585391 0.0224478 0.00769375 0.01699 0.0188161 0.0117209 0.0174458 0.0158542 0.0337344 0.00878764 0.00393531 0.0408782 
2007 0 0 0.0147481 0.0519435 0.109052 0.159558 0.0883339 0.100805 0.0633093 0.0663432 0.143117 0.0396961 0.0378326 0.0441352 0.0514326 0 0 0.00659842 0.00659842 0.016496 0 
2008 0 0.000890565 0.00397148 0.0231547 0.0406193 0.0288966 0.0385998 0.0190296 0.0119886 0.0159503 0.00534085 0.0276858 0.00720636 0.0111229 0.00516641 0.00478966 0.00441347 0.000735579 0 0.0292023 0.721236 
2009 0 0.00421435 0.0400204 0.049248 0.116922 0.148453 0.14292 0.1357 0.0494255 0.076086 0.0430362 0.0321453 0.0617029 0.0370302 0 0.0185809 0.0185806 0.00362533 0 0 0.0223084 
2010 0 0.049485 0.0186427 0.129245 0.0547783 0.181705 0.117729 0.113013 0.0574368 0.024279 0.0468477 0.0243725 0.0279086 0.0893577 0.0132434 0.0184871 0.0111269 0.0223418 0 0 0 
2011 0 0.0554436 0.101137 0.0516701 0.122013 0.0550718 0.083721 0.112709 0.0895338 0.0680401 0.0272551 0.0471401 0.0205524 0.0157217 0.0511445 0.00946758 0.010293 0.0182575 0.00905679 0.00839671 0.0433756 
2012 0 0.0198527 0.160583 0.313484 0.118822 0.116318 0.0224022 0.049371 0.0682257 0.0657474 0.0338406 0.00948751 0.0165122 0.00417422 0.0011801 0 0 0 0 0 0 
2013 0 0.000871912 0.0991473 0.189665 0.18477 0.0325535 0.0477659 0.0364194 0.0774752 0.0640213 0.0479867 0.00754615 0.0144059 0.0202356 0.00810686 0.00525449 0.0841256 0.054442 0.0108029 0.00960277 0.00480139 
end_table
table error_values
1990 0 0 0 0 0 0 0 0 0 0 0 0 0 0 0 0 0 0 0 0 0 
1991 0 0 0 0 0 0 0 0 0 0 0 0 0 0 0 0 0 0 0 0 0 
1992 0 0 0 0 0 0 0 0 0 0 0 0 0 0 0 0 0 0 0 0 0 
1993 0 0 0 0 0 0 0 0 0 0 0 0 0 0 0 0 0 0 0 0 0 
1994 0 0 0 0 0 0 0 0 0 0 0 0 0 0 0 0 0 0 0 0 0 
1995 0 0 0 0 0 0 0 0 0 0 0 0 0 0 0 0 0 0 0 0 0 
1996 0 0 0 0 0 0 0 0 0 0 0 0 0 0 0 0 0 0 0 0 0 
1997 0 0 0 0 0 0 0 0 0 0 0 0 0 0 0 0 0 0 0 0 0 
1998 0 0 0 0 0 0 0 0 0 0 0 0 0 0 0 0 0 0 0 0 0 
1999 0 0 0 0 0 0 0 0 0 0 0 0 0 0 0 0 0 0 0 0 0 
2000 0 0 0 0 0 0 0 0 0 0 0 0 0 0 0 0 0 0 0 0 0 
2001 0 0 0 0 0 0 0 0 0 0 0 0 0 0 0 0 0 0 0 0 0 
2002 0 0 0 0 0 0 0 0 0 0 0 0 0 0 0 0 0 0 0 0 0 
2003 0 0 0 0 0 0 0 0 0 0 0 0 0 0 0 0 0 0 0 0 0 
2004 0 0 0 0 0 0 0 0 0 0 0 0 0 0 0 0 0 0 0 0 0 
2005 0 0 0 0 0 0 0 0 0 0 0 0 0 0 0 0 0 0 0 0 0 
2006 0 0 0 0 0 0 0 0 0 0 0 0 0 0 0 0 0 0 0 0 0 
2007 0 0 0 0 0 0 0 0 0 0 0 0 0 0 0 0 0 0 0 0 0 
2008 0 0 0 0 0 0 0 0 0 0 0 0 0 0 0 0 0 0 0 0 0 
2009 0 0 0 0 0 0 0 0 0 0 0 0 0 0 0 0 0 0 0 0 0 
2010 0 0 0 0 0 0 0 0 0 0 0 0 0 0 0 0 0 0 0 0 0 
2011 0 0 0 0 0 0 0 0 0 0 0 0 0 0 0 0 0 0 0 0 0 
2012 0 0 0 0 0 0 0 0 0 0 0 0 0 0 0 0 0 0 0 0 0 
2013 0 0 0 0 0 0 0 0 0 0 0 0 0 0 0 0 0 0 0 0 0 
end_table

