@observation BP_age_sample_sim
age_samples_per_cluster 10 
ageing_error age_error 
average_cluster_weight 6 
cluster_cv 0.6 
cluster_sigma 1.1 
fishery_label Fishing_LL 
layer_of_stratum_definitions area_definition 
max_age 20 
min_age 0 
process_label fishing 
strata_to_include BP 
type mortality_event_biomass_age_clusters 
years 1990 1991 1992 1993 1994 1995 1996 1997 1998 1999 2000 2001 2002 2003 2004 2005 2006 2007 2008 2009 2010 2011 2012 2013 
table obs
1990 0 0.0221069 0.0312902 0.0465364 0.0963025 0.103707 0.0997557 0.0882238 0.0849391 0.0750119 0.0395778 0.029199 0.0426909 0.00546143 0.0215924 0.0137602 0.014526 0.0200584 0.0179675 0.0238386 0.123454 
1991 0 0.01078 0.0547363 0.0644099 0.0801014 0.0812195 0.0803411 0.0527546 0.0741584 0.0594982 0.0230463 0.0210468 0.0215513 0.0473323 0.0194503 0.0243927 0.0231044 0.0416901 0.0419109 0.0330443 0.145431 
1992 0 0.015246 0.0400002 0.0742321 0.0953901 0.109722 0.0728987 0.0786098 0.0480161 0.0809553 0.0562209 0.027351 0.0204773 0.0107695 0.0138696 0.00995777 0.0147958 0.0233946 0.0156808 0.0159834 0.176429 
1993 0 0.00367534 0.0294626 0.0580553 0.0949074 0.0795861 0.0542159 0.0945086 0.0924736 0.0570931 0.0583138 0.046667 0.0616078 0.0535578 0.0129001 0.0210294 0.0232394 0.0264402 0.0252639 0.0153617 0.0916406 
1994 0 0.0168996 0.0254733 0.0823829 0.161782 0.105261 0.0684955 0.0641263 0.0519516 0.0514719 0.0214475 0.0258967 0.0405628 0.0450421 0.014174 0.0241409 0.0182404 0.0262191 0.0248301 0.0331006 0.0985013 
1995 0 0.0213275 0.082084 0.0232181 0.0906631 0.144411 0.0985202 0.0788833 0.0567025 0.039972 0.0239791 0.0157957 0.0215987 0.0269375 0.0279695 0.0253748 0.0178368 0.0102845 0.0209805 0.0217316 0.15173 
1996 0 0.00617817 0.078288 0.16936 0.0309693 0.0743591 0.132036 0.146763 0.0916264 0.0563372 0.00939957 0.0100282 0.0326027 0.0218138 0.0109015 0.00717894 0.00534708 0.00111259 0.0211801 0.0235695 0.0709485 
1997 0 0.020084 0.0364699 0.164924 0.30623 0.0516493 0.0536417 0.0456972 0.0514626 0.0482563 0.038962 0.0232632 0.0211139 0.0308524 0.00410663 0.0142043 0.00599107 0.0166318 0.0117667 0.0127787 0.0419145 
1998 0 0.00223222 0.00404702 0.0112472 0.0227318 0.0291265 0.00389606 0.00570146 0.00491808 0.00473424 0.00539693 0.00279862 0.00171368 0.000816549 0.00164071 0.000839521 0.00271549 0.000760846 0.000528683 0.000264342 0.89389 
1999 0 0.0215216 0.180111 0.078191 0.0715908 0.168974 0.175905 0.0186781 0.0243239 0.0400774 0.0140503 0.0167226 0.00980435 0.0347407 0.0315439 0.0131296 0.000657182 0.00147108 0.00220348 0.00994134 0.086362 
2000 0 0.0181024 0.0149663 0.297612 0.104808 0.111399 0.13237 0.127682 0.0103274 0.00879846 0.0337788 0.0183782 0.0185661 0.00853682 0.00072936 0.00145872 0.00218808 0.00072936 0.00072936 0.00650638 0.0823336 
2001 0 0.015225 0.0789004 0.0697886 0.232899 0.11465 0.0834349 0.139712 0.0907881 0.0059775 0.00630729 0.0399624 0.0247933 0.022137 0.0236835 0.0217044 0.0142817 0.00332229 0 0 0.0124323 
2002 0 0.0162796 0.0781718 0.127938 0.0946314 0.342564 0.0431573 0.0502041 0.0605836 0.0670235 0.0068265 0.00860416 0.0231352 0.0289123 0.00356008 0.0106378 0.000529606 0.00256561 0.000855204 0.00211921 0.0317018 
2003 0 0.0262758 0.0399805 0.12344 0.152457 0.0827395 0.275557 0.0379374 0.046727 0.0716058 0.0727664 0.0155217 0.00789791 0.0167869 0.00539425 0.0102106 0.00156231 0.00607774 0 0.00353106 0.00353106 
2004 0 0.0179328 0.0111572 0.0542903 0.151827 0.147451 0.0814036 0.255006 0.028349 0.0288682 0.0423181 0.0742354 0.00887138 0.00893167 0.0117979 0.00993675 0.00804974 0.00293864 0.00520761 0.00370881 0.0477197 
2005 0 0.0283077 0.0325651 0.127014 0.0940892 0.160907 0.118621 0.0474244 0.152235 0.047915 0.0371311 0.0365791 0.0407071 0.00200165 0 0.0429959 0.0151752 0.00632274 0.00200165 0.0040033 0.0040033 
2006 0 0.0298239 0.0195409 0.105383 0.245449 0.105132 0.237719 0.102538 0.0359312 0.0639526 0.0181855 0.00869991 0.0110829 0.00399366 0 0 0 0 0 0 0.0125686 
2007 0 0.00910045 0.0622487 0.0542913 0.108736 0.126091 0.0694134 0.0810078 0.089412 0.0659833 0.132716 0.0418602 0.0325371 0.0305761 0.0754231 0 0.00148398 0 0.00593594 0.00445195 0.00873242 
2008 0 0.000486043 0.000526015 0.00549084 0.0096558 0.0126817 0.0128301 0.00364738 0.00573709 0.00444038 0.00220219 0.00375292 0.000650096 0.000398417 0.000566027 0.00215538 0 0.000909133 0 0.254669 0.679201 
2009 0 0.0280317 0.0277991 0.0605578 0.12198 0.145729 0.140546 0.146614 0.0369345 0.0693661 0.0383926 0.00708291 0.0304186 0.00977718 0.00536567 0.0175279 0.00689396 0.00256089 0.00389287 0 0.100529 
2010 0 0.0639787 0.0410937 0.12016 0.0490611 0.0935794 0.101677 0.180504 0.0913889 0.0394087 0.0423677 0.017657 0.0181844 0.0437209 0.00651293 0.00649093 0.0198724 0.0178889 0.000431583 0 0.0460227 
2011 0 0.0258015 0.0748646 0.0547797 0.114728 0.0416643 0.0887182 0.130805 0.0988453 0.0764658 0.0370995 0.0667515 0.0279867 0.0269778 0.0434992 0.0188401 0.0119868 0.00846271 0.0097061 0.00767487 0.0343414 
2012 0 0.0359953 0.172315 0.161964 0.0414139 0.0493837 0.0171933 0.0822194 0.111197 0.0951098 0.0864675 0.0230243 0.0516622 0.00831989 0.00544424 0.0219059 0.00289614 0.0148861 0.00566329 0.00178437 0.0111546 
2013 0 0.0133486 0.0534222 0.133153 0.250259 0.0800386 0.0828956 0.0606397 0.0672631 0.0519136 0.0578863 0.028991 0.0186457 0.00543722 0.0095319 0.00782624 0.00895917 0.0101257 0 0.00950048 0.0501626 
end_table
table error_values
1990 0 0 0 0 0 0 0 0 0 0 0 0 0 0 0 0 0 0 0 0 0 
1991 0 0 0 0 0 0 0 0 0 0 0 0 0 0 0 0 0 0 0 0 0 
1992 0 0 0 0 0 0 0 0 0 0 0 0 0 0 0 0 0 0 0 0 0 
1993 0 0 0 0 0 0 0 0 0 0 0 0 0 0 0 0 0 0 0 0 0 
1994 0 0 0 0 0 0 0 0 0 0 0 0 0 0 0 0 0 0 0 0 0 
1995 0 0 0 0 0 0 0 0 0 0 0 0 0 0 0 0 0 0 0 0 0 
1996 0 0 0 0 0 0 0 0 0 0 0 0 0 0 0 0 0 0 0 0 0 
1997 0 0 0 0 0 0 0 0 0 0 0 0 0 0 0 0 0 0 0 0 0 
1998 0 0 0 0 0 0 0 0 0 0 0 0 0 0 0 0 0 0 0 0 0 
1999 0 0 0 0 0 0 0 0 0 0 0 0 0 0 0 0 0 0 0 0 0 
2000 0 0 0 0 0 0 0 0 0 0 0 0 0 0 0 0 0 0 0 0 0 
2001 0 0 0 0 0 0 0 0 0 0 0 0 0 0 0 0 0 0 0 0 0 
2002 0 0 0 0 0 0 0 0 0 0 0 0 0 0 0 0 0 0 0 0 0 
2003 0 0 0 0 0 0 0 0 0 0 0 0 0 0 0 0 0 0 0 0 0 
2004 0 0 0 0 0 0 0 0 0 0 0 0 0 0 0 0 0 0 0 0 0 
2005 0 0 0 0 0 0 0 0 0 0 0 0 0 0 0 0 0 0 0 0 0 
2006 0 0 0 0 0 0 0 0 0 0 0 0 0 0 0 0 0 0 0 0 0 
2007 0 0 0 0 0 0 0 0 0 0 0 0 0 0 0 0 0 0 0 0 0 
2008 0 0 0 0 0 0 0 0 0 0 0 0 0 0 0 0 0 0 0 0 0 
2009 0 0 0 0 0 0 0 0 0 0 0 0 0 0 0 0 0 0 0 0 0 
2010 0 0 0 0 0 0 0 0 0 0 0 0 0 0 0 0 0 0 0 0 0 
2011 0 0 0 0 0 0 0 0 0 0 0 0 0 0 0 0 0 0 0 0 0 
2012 0 0 0 0 0 0 0 0 0 0 0 0 0 0 0 0 0 0 0 0 0 
2013 0 0 0 0 0 0 0 0 0 0 0 0 0 0 0 0 0 0 0 0 0 
end_table

