@observation BP_age_sample_sim
age_samples_per_cluster 10 
ageing_error age_error 
average_cluster_weight 6 
cluster_cv 0.6 
cluster_sigma 1.1 
fishery_label Fishing_LL 
layer_of_stratum_definitions area_definition 
max_age 20 
min_age 0 
process_label fishing 
strata_to_include BP 
type mortality_event_biomass_age_clusters 
years 1990 1991 1992 1993 1994 1995 1996 1997 1998 1999 2000 2001 2002 2003 2004 2005 2006 2007 2008 2009 2010 2011 2012 2013 
table obs
1990 0 0.011736 0.0539104 0.115373 0.118634 0.0616052 0.0653448 0.0593528 0.074803 0.0520918 0.0371294 0.0500133 0.0397885 0.0358359 0.0251763 0.024395 0.0306626 0.0372437 0.0376497 0.0189312 0.0503233 
1991 0 0 0.0390504 0.11527 0.101645 0.0941584 0.0661562 0.0380569 0.0406403 0.0213294 0.0221189 0.0260783 0.0336646 0.0251181 0.0440968 0.0854426 0.0518473 0.0243649 0.0200341 0.0176331 0.133295 
1992 0 0.0366622 0.030977 0.0784841 0.12705 0.06171 0.0683903 0.0903708 0.0634064 0.0689967 0.0789256 0.0438112 0.0319387 0.0229931 0.0135452 0.0026988 0.0246315 0.0158154 0.0138882 0.0159141 0.109791 
1993 0 0 0.00469997 0.0811273 0.0886219 0.143838 0.0973675 0.104858 0.0669445 0.0747718 0.0494399 0.0590909 0.0579823 0.0206084 0.0463176 0.0177696 0.0207286 0.00267751 0.00486124 0.00192144 0.0563737 
1994 0 0.041421 0.0110075 0.0379552 0.0592626 0.0847419 0.0615218 0.0446481 0.0645668 0.0880349 0.0520189 0.043757 0.0357725 0.0545056 0.0462576 0.0262088 0.0158969 0.0155221 0.0108672 0.00852951 0.197504 
1995 0 0.00995204 0.183113 0.036439 0.0544201 0.139285 0.0717878 0.0723864 0.0571909 0.0609236 0.0355189 0.021693 0.0271305 0.0319868 0.0324101 0.0390667 0.0170319 0.00941054 0.0176145 0.00738437 0.0752548 
1996 0 0.00931515 0.0415274 0.225933 0.0644313 0.123737 0.0839827 0.0788236 0.0505809 0.0682687 0.0329237 0.0153326 0.0164105 0.017377 0.00403573 0.00798396 0.00822812 0.0112011 0.0225361 0.00616266 0.111208 
1997 0 0.0307951 0.0188054 0.136673 0.326226 0.0412443 0.05063 0.0444553 0.0320122 0.036957 0.0354651 0.0467143 0.0266866 0.0131275 0.02439 0.0123802 0.013841 0.0130527 0.00297359 0.00927578 0.0842952 
1998 0 0.00202004 0.0014155 0.00958276 0.0137435 0.0175932 0.00356304 0.00313119 0.00306035 0.00265173 0.00298643 0.00234578 0.00196978 0.00234247 0.00488562 0.00449074 0.00391229 0.00455321 0.00243512 0.00242207 0.910895 
1999 0 0.0177137 0.149624 0.0750528 0.149707 0.190161 0.260126 0.0237812 0.035785 0.0201394 0.0114379 0.0054876 0.00634884 0.00391218 0.0118677 0.0141878 0.00694528 0.00299932 0.0108767 0.00309645 0.000751499 
2000 0 0.00415662 0.0192353 0.189372 0.0843455 0.090552 0.117122 0.214914 0.0130257 0.0241418 0.0399147 0.052795 0.0209377 0.0221053 0.00873029 0.00046892 0.0022538 0.0154206 0.0215591 0.00513527 0.0538137 
2001 0 0.0490698 0.0719684 0.0904463 0.318282 0.133448 0.0824375 0.0830655 0.0672994 0.00360921 0.00646957 0.00969183 0.00633587 0.00330892 0.00742531 0.00849553 0.00479303 0.00479303 0.00333332 0 0.0457275 
2002 0 0.00719268 0.0659699 0.0960246 0.0933427 0.368918 0.0618556 0.0659571 0.0825687 0.0981554 0.00328323 0.00558114 0.00242398 0 0.00678497 0 0.00339249 0 0.00140012 0.010684 0.0264656 
2003 0 0.0176912 0.047989 0.150163 0.126752 0.0670536 0.180921 0.0635203 0.048924 0.0832582 0.0713934 0.00324555 0.0217377 0.00232376 0.00503884 0.0239023 0.0124219 0.0257303 0.00139755 0.00522597 0.0413112 
2004 0 0.0237534 0.0547413 0.0712673 0.240012 0.119745 0.08274 0.183844 0.0299595 0.0265272 0.06361 0.0438527 0.00336557 0.00229275 0.0116127 0.00772957 0.0105877 0.00649374 0.00243719 0 0.0154276 
2005 0 0.00154858 0.0418141 0.12361 0.0888656 0.113405 0.0893159 0.0324846 0.129912 0.0786485 0.0921811 0.0560454 0.0479592 0.00982146 0.0124974 0.0161662 0.0176556 0.0125174 0.002439 0.0104436 0.0226695 
2006 0 0.0171964 0.0333246 0.114852 0.268637 0.111355 0.140755 0.0596353 0.0462533 0.0639419 0.0136493 0.0119526 0.0175763 0.0252502 0.00424733 0 0.00424733 0.00716721 0.0467863 0.000863172 0.0123091 
2007 0 0.00133068 0.00735315 0.0144368 0.0166426 0.0192001 0.0156579 0.0266823 0.0199211 0.0113017 0.0180945 0.00140708 0.00252228 0.00847173 0.826862 0.000863341 0.000505836 0.000505836 0.000768341 0.00038417 0.00708913 
2008 0 0.000156418 0.00325011 0.00923744 0.0217421 0.0280103 0.0272162 0.00868073 0.0102671 0.00670699 0.00627736 0.0129965 0.00493015 0.00229586 0.00135871 0.00240939 0.00294264 0.0016163 0 0 0.849906 
2009 0 0 0.026059 0.0508045 0.125698 0.19364 0.204377 0.126796 0.0497201 0.0508185 0.021518 0.0221071 0.0273747 0.0161928 0.0063678 0.0159412 0.0157609 0 0.00118215 0 0.0456426 
2010 0 0.0482693 0.0334837 0.0726383 0.0579492 0.121973 0.116039 0.0927892 0.0877365 0.0512737 0.0861898 0.0760322 0.0161844 0.0633158 0.0122469 0.0130757 0.0164833 0.0186577 0 0.00285389 0.0128085 
2011 0 0.0393404 0.12138 0.072445 0.0998555 0.0777442 0.096921 0.106593 0.0671489 0.0407697 0.0253585 0.0446436 0.0571434 0.0276011 0.0410211 0.0186184 0.010979 0.00326959 0.0232288 0.00148469 0.0244537 
2012 0 0.0137264 0.0861046 0.267747 0.0356903 0.0642674 0.0187151 0.068125 0.0737067 0.0848197 0.0479735 0.0424411 0.105184 0.0155463 0.0132189 0.0135416 0.0177449 0.00452393 0.00565491 0.000513294 0.0207554 
2013 0 0.0160635 0.0714881 0.226819 0.203821 0.0368811 0.0827912 0.0238569 0.0271329 0.0694694 0.0698414 0.00960903 0.00333046 0.00349046 0.00425335 0.0109905 0.0382099 0.0214496 0.0300189 0.016287 0.0341969 
end_table
table error_values
1990 0 0 0 0 0 0 0 0 0 0 0 0 0 0 0 0 0 0 0 0 0 
1991 0 0 0 0 0 0 0 0 0 0 0 0 0 0 0 0 0 0 0 0 0 
1992 0 0 0 0 0 0 0 0 0 0 0 0 0 0 0 0 0 0 0 0 0 
1993 0 0 0 0 0 0 0 0 0 0 0 0 0 0 0 0 0 0 0 0 0 
1994 0 0 0 0 0 0 0 0 0 0 0 0 0 0 0 0 0 0 0 0 0 
1995 0 0 0 0 0 0 0 0 0 0 0 0 0 0 0 0 0 0 0 0 0 
1996 0 0 0 0 0 0 0 0 0 0 0 0 0 0 0 0 0 0 0 0 0 
1997 0 0 0 0 0 0 0 0 0 0 0 0 0 0 0 0 0 0 0 0 0 
1998 0 0 0 0 0 0 0 0 0 0 0 0 0 0 0 0 0 0 0 0 0 
1999 0 0 0 0 0 0 0 0 0 0 0 0 0 0 0 0 0 0 0 0 0 
2000 0 0 0 0 0 0 0 0 0 0 0 0 0 0 0 0 0 0 0 0 0 
2001 0 0 0 0 0 0 0 0 0 0 0 0 0 0 0 0 0 0 0 0 0 
2002 0 0 0 0 0 0 0 0 0 0 0 0 0 0 0 0 0 0 0 0 0 
2003 0 0 0 0 0 0 0 0 0 0 0 0 0 0 0 0 0 0 0 0 0 
2004 0 0 0 0 0 0 0 0 0 0 0 0 0 0 0 0 0 0 0 0 0 
2005 0 0 0 0 0 0 0 0 0 0 0 0 0 0 0 0 0 0 0 0 0 
2006 0 0 0 0 0 0 0 0 0 0 0 0 0 0 0 0 0 0 0 0 0 
2007 0 0 0 0 0 0 0 0 0 0 0 0 0 0 0 0 0 0 0 0 0 
2008 0 0 0 0 0 0 0 0 0 0 0 0 0 0 0 0 0 0 0 0 0 
2009 0 0 0 0 0 0 0 0 0 0 0 0 0 0 0 0 0 0 0 0 0 
2010 0 0 0 0 0 0 0 0 0 0 0 0 0 0 0 0 0 0 0 0 0 
2011 0 0 0 0 0 0 0 0 0 0 0 0 0 0 0 0 0 0 0 0 0 
2012 0 0 0 0 0 0 0 0 0 0 0 0 0 0 0 0 0 0 0 0 0 
2013 0 0 0 0 0 0 0 0 0 0 0 0 0 0 0 0 0 0 0 0 0 
end_table

