@observation EN_age_sample_sim
age_samples_per_cluster 10 
ageing_error age_error 
average_cluster_weight 6 
cluster_cv 0.6 
cluster_sigma 1.1 
fishery_label Fishing_LL 
layer_of_stratum_definitions area_definition 
max_age 20 
min_age 0 
process_label fishing 
strata_to_include EN 
type mortality_event_biomass_age_clusters 
years 1990 1991 1992 1993 1994 1995 1996 1997 1998 1999 2000 2001 2002 2003 2004 2005 2006 2007 2008 2009 2010 2011 2012 2013 
table obs
1990 0 0.0110646 0.0145255 0.0261246 0.0672072 0.107166 0.0877261 0.0507361 0.0490015 0.0491703 0.0590848 0.0532295 0.0565768 0.0496596 0.0514158 0.0482679 0.0281154 0.0284607 0.0167621 0.0176694 0.128037 
1991 0 0.0305022 0.0240616 0.0667928 0.094066 0.0883848 0.0795571 0.0430006 0.11897 0.0374075 0.0412901 0.0397698 0.0179428 0.0283247 0.0271465 0.0254691 0.00988186 0.0124785 0.0123053 0.0132417 0.189407 
1992 0 0.0199096 0.0592562 0.0310078 0.0558705 0.0756324 0.0690519 0.0632342 0.0576916 0.108424 0.0620683 0.0494843 0.0501698 0.0466894 0.0391141 0.0206491 0.043138 0.0230551 0.0133564 0.0086106 0.103587 
1993 0 0.00803638 0.0139433 0.151819 0.0809404 0.10123 0.0805375 0.058791 0.0316984 0.0469933 0.0348018 0.0327359 0.0505422 0.0337619 0.00715909 0.024508 0.0291488 0.0210389 0.00918382 0.00269081 0.18044 
1994 0 0.0129327 0.0105619 0.0224886 0.245626 0.111074 0.12516 0.0682889 0.0394949 0.0429909 0.0397909 0.0664874 0.0312637 0.0132935 0.0130013 0.0211768 0.0329811 0.0259198 0.0230223 0.00680541 0.0476388 
1995 0 0.00934987 0.0154852 0.0477913 0.0334817 0.279197 0.0821112 0.109364 0.0819241 0.0745206 0.0467604 0.0525422 0.0238776 0.0265109 0.0221069 0.0115614 0.00908492 0.00659507 0.00138246 0.00138246 0.0649712 
1996 0 0.00226889 0.0329633 0.0769455 0.134718 0.0448514 0.310654 0.0135737 0.0338011 0.0149523 0.0347729 0.0275848 0.0291407 0.0265686 0.0548728 0.0274056 0.0167708 0.0174627 0.0166154 0.00981888 0.074258 
1997 0 0.0173449 0.00395559 0.0334447 0.119812 0.116096 0.0518963 0.260855 0.0542335 0.0417811 0.0474618 0.0162837 0.0223333 0.0300717 0.0219992 0.0113377 0.0027089 0.00292926 0.000732314 0.00383666 0.140887 
1998 0 0.0213534 0.0607027 0.0381885 0.183008 0.107985 0.0948537 0.0417987 0.163634 0.0771377 0.0408987 0.0352957 0.0206446 0.00630228 0.0105405 0.00419222 0.00795559 0.00230194 0.00265007 0.00628484 0.0742719 
1999 0 0.0369467 0.0892474 0.15442 0.0589097 0.124551 0.0822648 0.0628215 0.0159061 0.1491 0.0344961 0.0179855 0.021546 0.016896 0.0145159 0.0130226 0.0160293 0.00578484 0.0147447 0.0241678 0.0466439 
2000 0 0.00335855 0.0243904 0.125959 0.247716 0.0283744 0.123105 0.0579193 0.0729567 0.0238262 0.133879 0.0179791 0.0131882 0.00518562 0.00705503 0.0144278 0.0169357 0.0101935 0.00893375 0.00474071 0.059876 
2001 0 0.00731927 0.0758364 0.0696132 0.210421 0.227785 0.0359821 0.0619995 0.0274803 0.0380002 0.0208197 0.0403032 0.0221173 0.012163 0.00514163 0.0164487 0.0074865 0.00795273 0.00355411 0.00141912 0.108157 
2002 0 0.0188571 0.0309474 0.165961 0.171515 0.147848 0.130199 0.00869006 0.041811 0.0366795 0.0155354 0.0101164 0.0642032 0.0185635 0.00397817 0.00311574 0.00401311 0 0 0.00701465 0.120953 
2003 0 0.0105085 0.0174387 0.060383 0.181779 0.0846812 0.080446 0.109084 0.0123718 0.0560974 0.0391387 0.0549957 0.0198925 0.0951017 0.0431135 0.0147857 0.0124369 0.0187329 0.0125205 0.0071173 0.0693747 
2004 0 0.017691 0.0264221 0.0878815 0.0906216 0.185875 0.110932 0.113877 0.101069 0.0106479 0.0365566 0.0251101 0.0246692 0.00281497 0.0354197 0.0302502 0.0182313 0.000761883 0.00790234 0.0149495 0.058317 
2005 0 0 0.0877461 0.0678417 0.111612 0.0551158 0.152048 0.115885 0.101304 0.0980283 0.0146891 0.0189955 0.0198386 0.0251708 0 0.0523345 0.00859144 0.00521863 0.00256624 0.00325088 0.0597632 
2006 0 0.00101178 0.00489216 0.161798 0.103645 0.136418 0.131125 0.181225 0.0556971 0.081494 0.0640185 0.0066445 0.0155595 0.00319287 0.00373298 0.000933245 0.00352021 0.0100837 0.00297011 0.00500527 0.0270326 
2007 0 0.00123386 0.000488212 0.00271641 0.0287768 0.00952726 0.0185795 0.00532537 0.0142587 0.00425462 0.00289736 0.0046216 0.00103162 0.00227258 0.0031373 0.000765244 0.000193322 0.00336144 0.00114362 0.00108729 0.894328 
2008 0 0.00623559 0.0325089 0.0185236 0.033567 0.208318 0.143229 0.082267 0.0417776 0.0764846 0.0468179 0.0342519 0.0521322 0.00966233 0.0285376 0.0357858 0.0394326 0.0163934 0.0562327 0.00668382 0.0311586 
2009 0 0.0191091 0.021346 0.0791437 0.00927068 0.0404145 0.309744 0.0665307 0.0878044 0.0334807 0.0836555 0.0610496 0.0370885 0.031542 0.0111874 0.0163385 0.00596371 0.0302686 0.00544237 0.0296007 0.021019 
2010 0 0.00197773 0.0848054 0.0788576 0.134008 0.0329516 0.0330429 0.277941 0.0616779 0.0729157 0.0488061 0.0396376 0.0286903 0.0114787 0.015382 0.000795969 0.00676534 0.0091565 0.0113522 0 0.0497579 
2011 0 0.00794115 0.0194457 0.0851075 0.0943681 0.126453 0.0191524 0.0330862 0.307047 0.091816 0.0574322 0.0178196 0.0545969 0.0374517 0.0139582 0.0227513 0 0.00183178 0 0 0.00974197 
2012 0 0.0247068 0.071041 0.0194396 0.14341 0.0739475 0.0855959 0.00998003 0.0095069 0.191688 0.0416316 0.0528078 0.0262986 0.0687969 0.0361824 0.0490473 0.0489225 0 0 0.00143483 0.0455622 
2013 0 0.00236312 0.108389 0.141483 0.030625 0.198083 0.072286 0.0420895 0.0113732 0.0300271 0.118271 0.0498153 0.0335146 0.0154469 0.0340618 0.00994975 0.0213972 0.0182377 0 0.00806936 0.0545179 
end_table
table error_values
1990 0 0 0 0 0 0 0 0 0 0 0 0 0 0 0 0 0 0 0 0 0 
1991 0 0 0 0 0 0 0 0 0 0 0 0 0 0 0 0 0 0 0 0 0 
1992 0 0 0 0 0 0 0 0 0 0 0 0 0 0 0 0 0 0 0 0 0 
1993 0 0 0 0 0 0 0 0 0 0 0 0 0 0 0 0 0 0 0 0 0 
1994 0 0 0 0 0 0 0 0 0 0 0 0 0 0 0 0 0 0 0 0 0 
1995 0 0 0 0 0 0 0 0 0 0 0 0 0 0 0 0 0 0 0 0 0 
1996 0 0 0 0 0 0 0 0 0 0 0 0 0 0 0 0 0 0 0 0 0 
1997 0 0 0 0 0 0 0 0 0 0 0 0 0 0 0 0 0 0 0 0 0 
1998 0 0 0 0 0 0 0 0 0 0 0 0 0 0 0 0 0 0 0 0 0 
1999 0 0 0 0 0 0 0 0 0 0 0 0 0 0 0 0 0 0 0 0 0 
2000 0 0 0 0 0 0 0 0 0 0 0 0 0 0 0 0 0 0 0 0 0 
2001 0 0 0 0 0 0 0 0 0 0 0 0 0 0 0 0 0 0 0 0 0 
2002 0 0 0 0 0 0 0 0 0 0 0 0 0 0 0 0 0 0 0 0 0 
2003 0 0 0 0 0 0 0 0 0 0 0 0 0 0 0 0 0 0 0 0 0 
2004 0 0 0 0 0 0 0 0 0 0 0 0 0 0 0 0 0 0 0 0 0 
2005 0 0 0 0 0 0 0 0 0 0 0 0 0 0 0 0 0 0 0 0 0 
2006 0 0 0 0 0 0 0 0 0 0 0 0 0 0 0 0 0 0 0 0 0 
2007 0 0 0 0 0 0 0 0 0 0 0 0 0 0 0 0 0 0 0 0 0 
2008 0 0 0 0 0 0 0 0 0 0 0 0 0 0 0 0 0 0 0 0 0 
2009 0 0 0 0 0 0 0 0 0 0 0 0 0 0 0 0 0 0 0 0 0 
2010 0 0 0 0 0 0 0 0 0 0 0 0 0 0 0 0 0 0 0 0 0 
2011 0 0 0 0 0 0 0 0 0 0 0 0 0 0 0 0 0 0 0 0 0 
2012 0 0 0 0 0 0 0 0 0 0 0 0 0 0 0 0 0 0 0 0 0 
2013 0 0 0 0 0 0 0 0 0 0 0 0 0 0 0 0 0 0 0 0 0 
end_table

