@observation EN_age_sample_sim
age_samples_per_cluster 10 
ageing_error age_error 
average_cluster_weight 6 
cluster_cv 0.6 
cluster_sigma 1.1 
fishery_label Fishing_LL 
layer_of_stratum_definitions area_definition 
max_age 20 
min_age 0 
process_label fishing 
strata_to_include EN 
type mortality_event_biomass_age_clusters 
years 1990 1991 1992 1993 1994 1995 1996 1997 1998 1999 2000 2001 2002 2003 2004 2005 2006 2007 2008 2009 2010 2011 2012 2013 
table obs
1990 0 0.0258309 0.0758351 0.0564643 0.0553641 0.0749674 0.0674155 0.0910072 0.0832698 0.0482681 0.0602751 0.0653834 0.0365064 0.0305763 0.0178744 0.0162843 0.0139833 0.012447 0.0196698 0.0145041 0.134073 
1991 0 0.0447774 0.0309598 0.0803883 0.132496 0.0418546 0.0440779 0.0479877 0.0541785 0.0669911 0.034388 0.0400838 0.0364103 0.0306727 0.048769 0.0442827 0.0188286 0.0159966 0.0272801 0.015504 0.144073 
1992 0 0 0.073016 0.0677376 0.110985 0.0835593 0.0748167 0.0526119 0.0390593 0.0325269 0.100386 0.0901756 0.0416286 0.0218822 0.0188771 0.0182956 0.0292923 0.0136218 0.0171874 0.0109909 0.10335 
1993 0 0.00236063 0.00323365 0.188207 0.0941349 0.0901036 0.0594352 0.0634929 0.0611041 0.0636278 0.0378189 0.0437729 0.0169047 0.0144501 0.00542118 0.00439481 0.0196751 0.0283971 0.0177222 0.02258 0.163164 
1994 0 0 0.0335773 0.028198 0.297509 0.07618 0.0532923 0.0581949 0.0288858 0.0390937 0.0324574 0.0433809 0.0443376 0.0213007 0.0326563 0.018218 0.00656591 0.00612661 0.00715707 0.00177559 0.171093 
1995 0 0.00639318 0.0177937 0.0565616 0.0185061 0.215648 0.0566869 0.0584369 0.0664317 0.0594782 0.0568189 0.0589505 0.0387805 0.069963 0.0344755 0.0290994 0.0280109 0.0181704 0.00875205 0.0019832 0.0990597 
1996 0 0.00458893 0.0411611 0.0824902 0.0822054 0.0246849 0.215478 0.0617336 0.0366615 0.0538706 0.0404487 0.0563338 0.0310396 0.0450664 0.031796 0.0110747 0.030777 0.0158074 0.0142157 0.0183298 0.102237 
1997 0 0.00616074 0.0122398 0.0931183 0.075945 0.0840742 0.0375841 0.289781 0.0641905 0.0186152 0.0340255 0.0186058 0.023668 0.0199363 0.0112104 0.0227933 0.0319205 0.0201791 0.0221534 0.0122429 0.101556 
1998 0 0.00244085 0.0318189 0.0131415 0.116198 0.0720618 0.115153 0.0248056 0.235441 0.0392871 0.0299079 0.0261817 0.0371942 0.0278779 0.027636 0.028757 0.00736363 0.0331558 0.0142155 0.0235817 0.0937817 
1999 0 0.0117962 0.0164295 0.151436 0.0656578 0.148604 0.110702 0.105674 0.0278015 0.147611 0.0437925 0.0223701 0.0266876 0.0233949 0.0222212 0.0237543 0.00359423 0.00821637 0 0.00396925 0.0362868 
2000 0 0.0179715 0.0285756 0.134679 0.147378 0.0229031 0.0828429 0.0852848 0.0599201 0.0288907 0.168613 0.0159807 0.0372294 0.0191988 0.019585 0.0178127 0.0146915 0.015471 0 0.00513114 0.0778415 
2001 0 0.0143459 0.0840611 0.121076 0.189631 0.244323 0.0333477 0.0635699 0.0300133 0.0425964 0.0157224 0.0950149 0.00881779 0.00177871 0.00656145 0.00529417 0.00112409 0.00337227 0.00108022 0.00279787 0.0354719 
2002 0 0.00667677 0.0095827 0.0869642 0.0912081 0.155428 0.145203 0.01543 0.0685747 0.0638523 0.0500131 0.00949503 0.122302 0.0227362 0.0163784 0.00780146 0.00227165 0 0.000770695 0 0.125312 
2003 0 0 0.0547558 0.02794 0.238949 0.158644 0.104071 0.11517 0.0122082 0.0250083 0.0280752 0.018794 0.00677805 0.0702848 0.0023432 0 0 0.0036014 0.00465582 0.0165144 0.112207 
2004 0 0.0357367 0.0416222 0.0689324 0.065018 0.208281 0.0808131 0.111303 0.0983527 0.0193714 0.0449029 0.0313462 0.0412949 0.00800321 0.0647794 0.00270932 0.00257232 0 0.0129914 0 0.0619707 
2005 0 0.0148992 0.146389 0.0808061 0.205614 0.063802 0.119424 0.049773 0.0331779 0.0450785 0.00666241 0.032675 0.0310725 0.0129984 0.00618097 0.0137733 0.00840189 0.00572973 0.0196104 0.0190556 0.0848758 
2006 0 0.00848436 0.0210257 0.203485 0.123828 0.163466 0.0851746 0.134732 0.0623075 0.0680011 0.0641702 0.0108163 0.0107143 0.00741414 0.00198566 0 0 0 0 0 0.0343958 
2007 0 2.49488e-005 0.000297982 0.000311384 0.0119144 0.00813308 0.263598 0.000489937 0.00535099 0.00282419 0.00198829 0.00214821 0.000171232 0.000547821 0.000830299 0.000883739 0.00040557 0.000588219 0.000332267 0.00113126 0.698028 
2008 0 0.00333002 0.00708383 0.00402629 0.082448 0.302389 0.115042 0.0820081 0.035285 0.0560632 0.0305616 0.0617887 0.0482736 0.00421569 0.0171233 0.0198001 0.00659447 0.00109304 0.0196405 0.0032249 0.100008 
2009 0 0.0267738 0.0650285 0.068561 0.0304861 0.018042 0.306639 0.0541238 0.058921 0.0320648 0.0868728 0.0508488 0.0962045 0.0473717 0.00751381 0.00937164 0 0.00474289 0.00316193 0.0217794 0.011493 
2010 0 0.010767 0.0534253 0.0692452 0.13327 0.0116176 0.0147691 0.257366 0.0730461 0.0843137 0.0208805 0.0947036 0.0337508 0.0176288 0.0163932 0.00134886 0.013979 0.0143795 0.0130959 0.00696576 0.0590541 
2011 0 0.038116 0.0250725 0.131097 0.110433 0.153983 0.0481618 0.0557112 0.140416 0.0473865 0.038722 0.0132545 0.0211044 0.00743482 0.0113776 0.0198813 0.0145441 0.0407961 0.0329593 0.0112974 0.0382512 
2012 0 0.00885315 0.044555 0.0107916 0.155419 0.114643 0.0687901 0.0283544 0.00645807 0.0881659 0.0646672 0.0590404 0.028077 0.105759 0.0512037 0.0478695 0.0276928 0.00495356 0.0152209 0.0175963 0.0518883 
2013 0 0.00781516 0.177809 0.175126 0.0450263 0.132511 0.0718469 0.0651072 0.0143914 0.0273124 0.109335 0.0172204 0.0314569 0.0130814 0.0217078 0.0142357 0.0205697 0.0200788 0.00283627 0.0122252 0.0203085 
end_table
table error_values
1990 0 0 0 0 0 0 0 0 0 0 0 0 0 0 0 0 0 0 0 0 0 
1991 0 0 0 0 0 0 0 0 0 0 0 0 0 0 0 0 0 0 0 0 0 
1992 0 0 0 0 0 0 0 0 0 0 0 0 0 0 0 0 0 0 0 0 0 
1993 0 0 0 0 0 0 0 0 0 0 0 0 0 0 0 0 0 0 0 0 0 
1994 0 0 0 0 0 0 0 0 0 0 0 0 0 0 0 0 0 0 0 0 0 
1995 0 0 0 0 0 0 0 0 0 0 0 0 0 0 0 0 0 0 0 0 0 
1996 0 0 0 0 0 0 0 0 0 0 0 0 0 0 0 0 0 0 0 0 0 
1997 0 0 0 0 0 0 0 0 0 0 0 0 0 0 0 0 0 0 0 0 0 
1998 0 0 0 0 0 0 0 0 0 0 0 0 0 0 0 0 0 0 0 0 0 
1999 0 0 0 0 0 0 0 0 0 0 0 0 0 0 0 0 0 0 0 0 0 
2000 0 0 0 0 0 0 0 0 0 0 0 0 0 0 0 0 0 0 0 0 0 
2001 0 0 0 0 0 0 0 0 0 0 0 0 0 0 0 0 0 0 0 0 0 
2002 0 0 0 0 0 0 0 0 0 0 0 0 0 0 0 0 0 0 0 0 0 
2003 0 0 0 0 0 0 0 0 0 0 0 0 0 0 0 0 0 0 0 0 0 
2004 0 0 0 0 0 0 0 0 0 0 0 0 0 0 0 0 0 0 0 0 0 
2005 0 0 0 0 0 0 0 0 0 0 0 0 0 0 0 0 0 0 0 0 0 
2006 0 0 0 0 0 0 0 0 0 0 0 0 0 0 0 0 0 0 0 0 0 
2007 0 0 0 0 0 0 0 0 0 0 0 0 0 0 0 0 0 0 0 0 0 
2008 0 0 0 0 0 0 0 0 0 0 0 0 0 0 0 0 0 0 0 0 0 
2009 0 0 0 0 0 0 0 0 0 0 0 0 0 0 0 0 0 0 0 0 0 
2010 0 0 0 0 0 0 0 0 0 0 0 0 0 0 0 0 0 0 0 0 0 
2011 0 0 0 0 0 0 0 0 0 0 0 0 0 0 0 0 0 0 0 0 0 
2012 0 0 0 0 0 0 0 0 0 0 0 0 0 0 0 0 0 0 0 0 0 
2013 0 0 0 0 0 0 0 0 0 0 0 0 0 0 0 0 0 0 0 0 0 
end_table

