@observation EN_age_sample_sim
age_samples_per_cluster 10 
ageing_error age_error 
average_cluster_weight 6 
cluster_cv 0.6 
cluster_sigma 1.1 
fishery_label Fishing_LL 
layer_of_stratum_definitions area_definition 
max_age 20 
min_age 0 
process_label fishing 
strata_to_include EN 
type mortality_event_biomass_age_clusters 
years 1990 1991 1992 1993 1994 1995 1996 1997 1998 1999 2000 2001 2002 2003 2004 2005 2006 2007 2008 2009 2010 2011 2012 2013 
table obs
1990 0 0 0.0476639 0.0252756 0.076884 0.117867 0.0844622 0.0761886 0.089536 0.0699727 0.0464885 0.0354804 0.0424497 0.022239 0.0175886 0.0456555 0.0551626 0.0204739 0.0169512 0 0.109661 
1991 0 0.0147575 0.0105488 0.0540023 0.125025 0.100836 0.118478 0.091592 0.0477315 0.025855 0.0427969 0.062694 0.0505207 0.0131464 0.0455446 0.0253516 0.0186127 0.0221531 0.0116946 0.0351162 0.0835427 
1992 0 0.00136362 0.158368 0.048419 0.0870927 0.112249 0.0813143 0.0597238 0.0611819 0.0559839 0.0841496 0.0513705 0.0349079 0.0132775 0.00973457 0.0277624 0.0250703 0.00428782 0.0134491 0.00575466 0.0645393 
1993 0 0.00596745 0.0118311 0.15749 0.0928996 0.118419 0.0784734 0.0656634 0.0475856 0.0358905 0.0445658 0.0488455 0.0364295 0.0256449 0.0194902 0.00602152 0.0191357 0.0325024 0.0173527 0.00670779 0.129084 
1994 0 0.00658176 0.0183089 0.0328357 0.314805 0.0518139 0.0584565 0.062976 0.0739479 0.0422551 0.0543815 0.0725701 0.0437829 0.0259053 0.0230904 0.00698278 0 0.0128638 0.00552217 0.00771919 0.0852007 
1995 0 0 0.0046828 0.045009 0.0550006 0.204205 0.0936634 0.0849106 0.0811208 0.044027 0.0575986 0.0844726 0.0478447 0.0341361 0.0268809 0.0290097 0.0122992 0.00839076 0.0115014 0.00731253 0.0679347 
1996 0 0.00206402 0.0410211 0.0991875 0.148294 0.0535091 0.204677 0.0551699 0.0180173 0.0206625 0.00993733 0.0438122 0.0373467 0.0394603 0.0250236 0.037912 0.0292542 0.0269406 0.0320862 0.00894386 0.0666806 
1997 0 0.0134233 0.0173557 0.0631944 0.0593275 0.0878896 0.0295243 0.278685 0.0518279 0.0372728 0.0365084 0.0445483 0.023672 0.0273638 0.0310028 0.0199127 0.0362322 0.0123313 0.0220173 0.0078553 0.100056 
1998 0 0.0239152 0.0726884 0.0339982 0.105517 0.087448 0.0811137 0.0247262 0.178211 0.0509862 0.048001 0.0439595 0.0488463 0.0401152 0.0317806 0.0129492 0.00508524 0.00529463 0.00704052 0.00674768 0.0915763 
1999 0 0.00645153 0.0545923 0.174962 0.0420987 0.0785358 0.0682383 0.105343 0.0350789 0.175229 0.0669597 0.0281212 0.0209924 0.00702289 0.0132342 0.00661709 0.00676988 0.00435952 0.00431845 0.0109493 0.0901258 
2000 0 0.00696372 0.0436301 0.101226 0.191926 0.0331321 0.123228 0.0989987 0.0481651 0.0141537 0.0665509 0.019947 0.0262541 0.0114368 0.0180153 0.0201328 0.0177418 0.00535238 0.0090992 0.00569781 0.138348 
2001 0 0 0.0583034 0.123891 0.168334 0.184694 0.0343136 0.0724582 0.0535222 0.0499905 0.0100922 0.0536649 0.00949963 0.0186598 0.0429079 0.0190144 0.0108177 0.0101792 0.00186733 0.00324074 0.074549 
2002 0 0.0219351 0.0479697 0.140075 0.0921703 0.120535 0.253401 0.0132274 0.0585278 0.0287381 0.0206688 0.00416435 0.0589233 0.00135943 0.00836791 0.0102255 0.0114024 0.00693968 0.0247324 0.0175375 0.0590992 
2003 0 0.0559372 0.0970941 0.0867678 0.161033 0.116925 0.0955887 0.113385 0.00664808 0.0477804 0.0447034 0.0314755 0.0105632 0.0689686 0.0120619 0.0120619 0.00134341 0 0.00481835 0 0.0328449 
2004 0 0.0258079 0.031332 0.10731 0.0795877 0.163241 0.0870686 0.113234 0.0990281 0.0265763 0.044129 0.0342776 0.0456808 0.00758391 0.0629139 0.00679013 0 0.00668777 0.00602508 0.0166123 0.036114 
2005 0 0.00304471 0.11046 0.0815083 0.0937375 0.0345374 0.144919 0.0700061 0.0913608 0.159456 0.00705333 0.0218845 0.0210458 0.0221124 0.00302425 0.0611437 0.0282865 0.0297312 0.00435484 0 0.0123342 
2006 0 0 0 0.178105 0.106182 0.132861 0.036915 0.113728 0.0757212 0.0917785 0.129462 0.00565804 0.0183121 0.00643213 0.00439316 0.00280099 0.0280421 0.00820924 0.00502489 0 0.0563754 
2007 0 0.000175582 3.51163e-005 0.000198099 0.0121262 0.00503564 0.0140259 0.00529282 0.00804664 0.00198113 0.00218667 0.00466915 0.00042495 0.0016593 0.0016709 0.000824847 2.58671e-005 0.000129336 2.58671e-005 0 0.941466 
2008 0 0.0037887 0.0440854 0.0153232 0.0429683 0.33704 0.0752085 0.0876373 0.0325747 0.0639376 0.0236995 0.0262481 0.0349759 0.00608203 0.0145726 0.0265644 0.0242966 0.00485434 0.0256492 0.00764231 0.102852 
2009 0 0.00550822 0.0132522 0.0862752 0.0191321 0.0333016 0.291935 0.0944742 0.105722 0.030928 0.108119 0.059071 0.0552801 0.0309321 0.00126992 0.0153503 0.0134655 0.0206555 0.00146457 0.00950302 0.00436033 
2010 0 0.0121028 0.0892173 0.0901285 0.0990888 0.0408353 0.0358034 0.195321 0.0475483 0.0582608 0.0214851 0.0657642 0.0424873 0.0293819 0.0704078 0 0.00900032 0.0155173 0.0112805 0.004709 0.0616603 
2011 0 0.0242145 0.00561167 0.121379 0.126233 0.162989 0.0225594 0.0488564 0.142829 0.0464718 0.0434976 0.0044899 0.0390019 0.0371881 0.0358112 0.0362277 0.0091059 0.0134378 0.0153751 0.00191975 0.0628006 
2012 0 0.0287683 0.0634068 0.0291874 0.150115 0.0680205 0.0483091 0.00585409 0.0160543 0.168056 0.033909 0.03832 0.0230138 0.0913993 0.0502303 0.0401148 0.0529965 0.000952567 0.00514917 0.00412875 0.0820142 
2013 0 0.0148792 0.126195 0.116338 0.0892571 0.186452 0.0777488 0.0629399 0.0193615 0.0123131 0.146016 0.0211668 0.0235993 0.00839492 0.0355978 0.00351218 0.0107947 0.00717604 0 0.00979659 0.0284605 
end_table
table error_values
1990 0 0 0 0 0 0 0 0 0 0 0 0 0 0 0 0 0 0 0 0 0 
1991 0 0 0 0 0 0 0 0 0 0 0 0 0 0 0 0 0 0 0 0 0 
1992 0 0 0 0 0 0 0 0 0 0 0 0 0 0 0 0 0 0 0 0 0 
1993 0 0 0 0 0 0 0 0 0 0 0 0 0 0 0 0 0 0 0 0 0 
1994 0 0 0 0 0 0 0 0 0 0 0 0 0 0 0 0 0 0 0 0 0 
1995 0 0 0 0 0 0 0 0 0 0 0 0 0 0 0 0 0 0 0 0 0 
1996 0 0 0 0 0 0 0 0 0 0 0 0 0 0 0 0 0 0 0 0 0 
1997 0 0 0 0 0 0 0 0 0 0 0 0 0 0 0 0 0 0 0 0 0 
1998 0 0 0 0 0 0 0 0 0 0 0 0 0 0 0 0 0 0 0 0 0 
1999 0 0 0 0 0 0 0 0 0 0 0 0 0 0 0 0 0 0 0 0 0 
2000 0 0 0 0 0 0 0 0 0 0 0 0 0 0 0 0 0 0 0 0 0 
2001 0 0 0 0 0 0 0 0 0 0 0 0 0 0 0 0 0 0 0 0 0 
2002 0 0 0 0 0 0 0 0 0 0 0 0 0 0 0 0 0 0 0 0 0 
2003 0 0 0 0 0 0 0 0 0 0 0 0 0 0 0 0 0 0 0 0 0 
2004 0 0 0 0 0 0 0 0 0 0 0 0 0 0 0 0 0 0 0 0 0 
2005 0 0 0 0 0 0 0 0 0 0 0 0 0 0 0 0 0 0 0 0 0 
2006 0 0 0 0 0 0 0 0 0 0 0 0 0 0 0 0 0 0 0 0 0 
2007 0 0 0 0 0 0 0 0 0 0 0 0 0 0 0 0 0 0 0 0 0 
2008 0 0 0 0 0 0 0 0 0 0 0 0 0 0 0 0 0 0 0 0 0 
2009 0 0 0 0 0 0 0 0 0 0 0 0 0 0 0 0 0 0 0 0 0 
2010 0 0 0 0 0 0 0 0 0 0 0 0 0 0 0 0 0 0 0 0 0 
2011 0 0 0 0 0 0 0 0 0 0 0 0 0 0 0 0 0 0 0 0 0 
2012 0 0 0 0 0 0 0 0 0 0 0 0 0 0 0 0 0 0 0 0 0 
2013 0 0 0 0 0 0 0 0 0 0 0 0 0 0 0 0 0 0 0 0 0 
end_table

