@observation EN_age_sample_sim
age_samples_per_cluster 10 
ageing_error age_error 
average_cluster_weight 6 
cluster_cv 0.6 
cluster_sigma 1.1 
fishery_label Fishing_LL 
layer_of_stratum_definitions area_definition 
max_age 20 
min_age 0 
process_label fishing 
strata_to_include EN 
type mortality_event_biomass_age_clusters 
years 1990 1991 1992 1993 1994 1995 1996 1997 1998 1999 2000 2001 2002 2003 2004 2005 2006 2007 2008 2009 2010 2011 2012 2013 
table obs
1990 0 0.00373027 0.028715 0.0867545 0.109368 0.0546773 0.0740735 0.0811559 0.0451437 0.0703297 0.0656451 0.0579485 0.0676809 0.0279285 0.0286935 0.0287722 0.00883389 0.0184753 0.0155734 0.0104897 0.116011 
1991 0 0.0302813 0.0408553 0.0579452 0.0844026 0.0820588 0.0660757 0.0758612 0.0398323 0.0491356 0.0438395 0.043233 0.02653 0.0181968 0.0230747 0.0379349 0.0472138 0.0348157 0.0200658 0.0286788 0.149969 
1992 0 0.0039942 0.104969 0.050364 0.0969553 0.0797668 0.0609895 0.07519 0.0577937 0.0695636 0.0509832 0.0112312 0.0334122 0.0287136 0.0425957 0.0541774 0.0497439 0.02348 0.0101011 0.00691246 0.0890634 
1993 0 0.00159671 0.013375 0.192875 0.100198 0.106156 0.0622841 0.0449309 0.0478468 0.0356529 0.0346168 0.0345822 0.018015 0.041671 0.0333662 0.022245 0.00119664 0.00239329 0.00119664 0.00361424 0.202187 
1994 0 0.0108214 0.0445344 0.0347478 0.259352 0.0759606 0.0605745 0.0637544 0.0435167 0.0334073 0.0357415 0.0185212 0.0452844 0.0197421 0.0438293 0.0212826 0.0165808 0.012678 0.00924834 0.00588986 0.144533 
1995 0 0.00168182 0.0210409 0.0800599 0.0518096 0.218957 0.112717 0.0733441 0.0715909 0.0549038 0.0339167 0.0383866 0.0349075 0.0231137 0.0114208 0.0149046 0.00733854 0.00698521 0.0148431 0.00830041 0.119778 
1996 0 0.0049947 0.074039 0.0418387 0.037652 0.00809404 0.166341 0.0635177 0.0588242 0.0877873 0.0416992 0.0498519 0.0385806 0.0493312 0.0294172 0.014015 0.0174766 0.0162061 0.0290713 0.0308446 0.140418 
1997 0 0.0200976 0.0249219 0.0911834 0.110864 0.0713129 0.0227084 0.244962 0.0371318 0.00564577 0.0122853 0.0117178 0.0261034 0.034871 0.0331186 0.0370402 0.0298529 0.0139295 0.0141798 0.0273064 0.130768 
1998 0 0.00667689 0.0893848 0.0281158 0.127168 0.123827 0.159319 0.041031 0.178918 0.0294405 0.0142332 0.0174403 0.0198999 0.0115983 0.00755787 0.00630453 0.00553877 0.0143262 0.00684718 0.0153752 0.096998 
1999 0 0.0202241 0.0453657 0.221984 0.0464628 0.118664 0.104922 0.082406 0.034187 0.156677 0.0281734 0.0261258 0.0300425 0.0107641 0.0136938 0.00745705 0.00898593 0.00963555 0.00928217 0.0020277 0.0229194 
2000 0 0.0230186 0.0605428 0.0928661 0.215347 0.0463078 0.119693 0.0578135 0.0559685 0.00483034 0.0679112 0.0281694 0.00886538 0.0196545 0.0141795 0.0250618 0.0114788 0.0113602 0.0104758 0.0063398 0.120115 
2001 0 0.0155518 0.0432483 0.0818888 0.171696 0.196148 0.0365073 0.0532993 0.0418574 0.0277012 0.0157378 0.0955089 0.0167166 0.0214394 0.0113612 0.0237588 0.0251308 0.0198684 0.0130318 0.0300021 0.0595455 
2002 0 0.0230544 0.024213 0.152563 0.129255 0.140838 0.157661 0.0230708 0.0300615 0.0201213 0.0268348 0.00928666 0.0859503 0.029208 0.022724 0.0117916 0.00173931 0.00864106 0.00646754 0.00958609 0.0869336 
2003 0 0.0497486 0.0597753 0.0574318 0.20867 0.108684 0.128554 0.127284 0.0185856 0.056711 0.0192977 0.0293226 0.0107621 0.0284625 0.00616976 0.0189306 0.0116707 0.00630737 0.00602362 0.00163657 0.0459717 
2004 0 0.0524549 0.0400238 0.137358 0.0641728 0.166847 0.10886 0.131183 0.0928444 0.02028 0.0484108 0.0226294 0.0313078 0.00318676 0.00704738 0.00328303 0.0043502 0.0063578 0.0127156 0.0111482 0.0355394 
2005 0 0 0.0689532 0.0544372 0.167113 0.0497051 0.153694 0.0903515 0.0980613 0.0618593 0.0145861 0.0350594 0.0309167 0.0104298 0 0.0507417 0.0143297 0.00846534 0.0172971 0.0110125 0.0629875 
2006 0 0 0.00848489 0.198826 0.0905951 0.112297 0.0594481 0.167586 0.0626938 0.0617831 0.0701831 0.00715695 0.00438384 0.0115758 0.0101084 0.00717471 0.0322831 0.00859401 0.00407761 0.00665028 0.0760978 
2007 0 0.00676223 0.00676223 0.00804451 0.153099 0.12946 0.18459 0.0296579 0.0732606 0.0244946 0.0264948 0.0433964 0.0085842 0.0140469 0.0228809 0.0238151 0.0106204 0.0790622 0.0245861 0.00884914 0.121533 
2008 0 0.018453 0.0462289 0.0340949 0.0516063 0.281638 0.0921434 0.108036 0.0304989 0.0545735 0.0542189 0.0442755 0.033949 0.00418457 0.0163652 0.0202691 0.0240982 0.0158552 0.039177 0.00253786 0.027797 
2009 0 0.0028423 0.0163083 0.0655951 0.0211885 0.0169178 0.167841 0.06822 0.0846103 0.0250287 0.11937 0.0488847 0.105822 0.120529 0.00982697 0.00981092 0.010563 0.0148872 0.0132574 0.0462388 0.0322575 
2010 0 0 0.0408228 0.0532977 0.0752862 0.0294187 0.0323497 0.170485 0.117847 0.0797473 0.0269434 0.0805924 0.0773951 0.0551372 0.0861626 0.00634971 0.0171106 0.00345986 0.0152446 0.0061005 0.0262503 
2011 0 0.0123255 0.0166218 0.0840533 0.0681088 0.146044 0.0105069 0.0199324 0.226143 0.076511 0.106803 0.0313358 0.0771049 0.0185558 0.0153747 0.0483641 0.00593797 0.00889084 0.00360501 0.00197933 0.0218012 
2012 0 0.045158 0.0423469 0.0146039 0.180023 0.102844 0.0898713 0.0099462 0.0221553 0.167817 0.0404314 0.093231 0.0293098 0.0243696 0.0143445 0.0256536 0.0302577 0 0.00190597 0.0100882 0.055642 
2013 0 0.00461369 0.131686 0.120091 0.0574923 0.211635 0.101289 0.0654609 0.0171569 0.0116031 0.0894542 0.0464793 0.0191417 0.00683626 0.00835988 0.0176778 0.0155374 0.0129718 0 0.00685887 0.0556534 
end_table
table error_values
1990 0 0 0 0 0 0 0 0 0 0 0 0 0 0 0 0 0 0 0 0 0 
1991 0 0 0 0 0 0 0 0 0 0 0 0 0 0 0 0 0 0 0 0 0 
1992 0 0 0 0 0 0 0 0 0 0 0 0 0 0 0 0 0 0 0 0 0 
1993 0 0 0 0 0 0 0 0 0 0 0 0 0 0 0 0 0 0 0 0 0 
1994 0 0 0 0 0 0 0 0 0 0 0 0 0 0 0 0 0 0 0 0 0 
1995 0 0 0 0 0 0 0 0 0 0 0 0 0 0 0 0 0 0 0 0 0 
1996 0 0 0 0 0 0 0 0 0 0 0 0 0 0 0 0 0 0 0 0 0 
1997 0 0 0 0 0 0 0 0 0 0 0 0 0 0 0 0 0 0 0 0 0 
1998 0 0 0 0 0 0 0 0 0 0 0 0 0 0 0 0 0 0 0 0 0 
1999 0 0 0 0 0 0 0 0 0 0 0 0 0 0 0 0 0 0 0 0 0 
2000 0 0 0 0 0 0 0 0 0 0 0 0 0 0 0 0 0 0 0 0 0 
2001 0 0 0 0 0 0 0 0 0 0 0 0 0 0 0 0 0 0 0 0 0 
2002 0 0 0 0 0 0 0 0 0 0 0 0 0 0 0 0 0 0 0 0 0 
2003 0 0 0 0 0 0 0 0 0 0 0 0 0 0 0 0 0 0 0 0 0 
2004 0 0 0 0 0 0 0 0 0 0 0 0 0 0 0 0 0 0 0 0 0 
2005 0 0 0 0 0 0 0 0 0 0 0 0 0 0 0 0 0 0 0 0 0 
2006 0 0 0 0 0 0 0 0 0 0 0 0 0 0 0 0 0 0 0 0 0 
2007 0 0 0 0 0 0 0 0 0 0 0 0 0 0 0 0 0 0 0 0 0 
2008 0 0 0 0 0 0 0 0 0 0 0 0 0 0 0 0 0 0 0 0 0 
2009 0 0 0 0 0 0 0 0 0 0 0 0 0 0 0 0 0 0 0 0 0 
2010 0 0 0 0 0 0 0 0 0 0 0 0 0 0 0 0 0 0 0 0 0 
2011 0 0 0 0 0 0 0 0 0 0 0 0 0 0 0 0 0 0 0 0 0 
2012 0 0 0 0 0 0 0 0 0 0 0 0 0 0 0 0 0 0 0 0 0 
2013 0 0 0 0 0 0 0 0 0 0 0 0 0 0 0 0 0 0 0 0 0 
end_table

