@observation EN_age_sample_sim
age_samples_per_cluster 10 
ageing_error age_error 
average_cluster_weight 6 
cluster_cv 0.6 
cluster_sigma 1.1 
fishery_label Fishing_LL 
layer_of_stratum_definitions area_definition 
max_age 20 
min_age 0 
process_label fishing 
strata_to_include EN 
type mortality_event_biomass_age_clusters 
years 1990 1991 1992 1993 1994 1995 1996 1997 1998 1999 2000 2001 2002 2003 2004 2005 2006 2007 2008 2009 2010 2011 2012 2013 
table obs
1990 0 0.0286022 0.0279764 0.0498798 0.0519582 0.0865866 0.0997917 0.0882419 0.108123 0.0784318 0.0568958 0.0634511 0.0624841 0.00821486 0.00500456 0.00401658 0.00741906 0.0107358 0.0111614 0.0213069 0.129718 
1991 0 0.0558083 0.0488267 0.069589 0.0688859 0.0590094 0.0670717 0.0705891 0.0883599 0.0441957 0.027059 0.0360046 0.0350531 0.030011 0.050897 0.0423039 0.0321849 0.0151886 0.0465771 0.0239382 0.0884468 
1992 0 0.00110948 0.11045 0.0574622 0.123617 0.0947653 0.0644521 0.0577617 0.049909 0.0249213 0.0245175 0.024481 0.0260115 0.0272835 0.0319311 0.0513004 0.0475146 0.0183576 0.00523597 0.00407684 0.154841 
1993 0 0.00852954 0.0299645 0.274332 0.0528696 0.0341896 0.0621085 0.0526054 0.0570485 0.0468301 0.0367517 0.0381369 0.0575637 0.05342 0.0161174 0.013992 0.00364778 0.0075844 0.0039497 0.00518038 0.145178 
1994 0 0 0.0514327 0.0238553 0.238495 0.0953007 0.0555073 0.0566862 0.0408399 0.0298905 0.0330899 0.0343625 0.0443104 0.0709406 0.0275548 0.0279975 0.021755 0.0244654 0.0169376 0.00682216 0.0997568 
1995 0 0.00758626 0.0355533 0.0638088 0.0294224 0.263086 0.0653715 0.0442169 0.0347922 0.0450856 0.031107 0.0749766 0.0495482 0.0459547 0.0363665 0.0381503 0.0256697 0.0265319 0.018842 0.00664741 0.0572832 
1996 0 0 0.0381308 0.0424247 0.0918829 0.0163889 0.224817 0.0390464 0.0274812 0.032037 0.0630379 0.0984733 0.077675 0.064023 0.0285484 0.0234335 0.02073 0.00861518 0.00379342 0.0193498 0.0801117 
1997 0 0.00551757 0.0174019 0.11544 0.108934 0.0677151 0.0313842 0.272761 0.0371353 0.0494 0.023005 0.0430195 0.0314179 0.0576612 0.0302716 0.0214503 0.0145708 0.00289021 0.00782533 0.00255602 0.059643 
1998 0 0.00150204 0.0734997 0.0643766 0.106404 0.0948003 0.0574055 0.039594 0.202968 0.0709169 0.0613149 0.0308021 0.0259231 0.0337987 0.0161572 0.00662574 0.00842659 0.000613261 0.00174508 0.0055276 0.0975989 
1999 0 0.0129026 0.0253574 0.204037 0.0448273 0.0900524 0.0735977 0.0580254 0.0189156 0.144321 0.0473297 0.022001 0.0443641 0.0157219 0.026147 0.0157555 0.0479725 0.0128229 0.0240019 0.00937351 0.0624735 
2000 0 0.0101943 0.0360671 0.0793084 0.225998 0.0264448 0.0854693 0.0449025 0.0340002 0.0418312 0.103813 0.0276285 0.0150374 0.029357 0.0397035 0.0263885 0.023479 0.00986471 0.0183598 0.0247091 0.097444 
2001 0 0.00180704 0.0374983 0.0719594 0.171501 0.314136 0.0347615 0.0380129 0.0368928 0.049137 0.00955193 0.083876 0.00999323 0.012569 0.0100015 0.00520613 0.00286684 0.00645335 0.00645335 0.00667215 0.0906505 
2002 0 0.0201448 0.0232795 0.124861 0.109065 0.134355 0.159517 0.0272855 0.0590892 0.0427517 0.0311425 0.00302963 0.117073 0.0287227 0.020753 0.012995 0.0249797 0.0129772 0.00880699 0.00673099 0.0324412 
2003 0 0.0432448 0.0532633 0.0270021 0.19046 0.160527 0.169543 0.155431 0.0154345 0.0472363 0.0330707 0.0241277 0.00372457 0.0255722 0.00516337 0.000822238 0.00671058 0.000606825 0.00836448 0.0033117 0.0263844 
2004 0 0.0105648 0.0214281 0.0512315 0.043536 0.200018 0.160655 0.180647 0.106687 0.0139968 0.0248869 0.00648543 0.0104456 0.00652336 0.0826744 0.0185189 0.00300735 0 0 0 0.0586943 
2005 0 0 0.0650714 0.048025 0.110156 0.0433112 0.120869 0.114272 0.0884932 0.0593756 0.00896017 0.0608122 0.0465204 0.0415721 0.00399895 0.0370275 0.0163403 0.0139056 0.0148723 0.0101747 0.096242 
2006 0 0.00988902 0.0188083 0.22453 0.100123 0.112752 0.0359399 0.122578 0.0650555 0.115588 0.0939191 0.00550255 0.00500453 0.0102837 0.00161267 0.00527851 0.0372954 0.00239786 0 0.0007313 0.0327099 
2007 0 0.00105295 0.000131618 0.00707223 0.0711235 0.0135669 0.0324283 0.00716778 0.02021 0.00805538 0.00840987 0.00855832 0.00183921 0.00686172 0.00437563 0.00463706 0.000518006 0.00405869 0.00116449 0.00116449 0.797604 
2008 0 0.00880307 0.0455341 0.0165038 0.0422553 0.298868 0.113929 0.119497 0.0276666 0.0758337 0.0558525 0.0384643 0.0544988 0.0058551 0.0102172 0.0207732 0.0203236 0 0.00605989 0.00162545 0.0374395 
2009 0 0.00621108 0.0387021 0.117684 0.0254223 0.0318839 0.325071 0.0604572 0.0538622 0.0501297 0.0721457 0.0386892 0.0426681 0.0368259 0.0142972 0.0222718 0.00910717 0.00726108 0 0.0212139 0.0260967 
2010 0 0.00486795 0.0493215 0.0229305 0.0689629 0.0261063 0.0133806 0.192999 0.0834908 0.130806 0.00949008 0.118504 0.0364869 0.0283493 0.049507 0.00161951 0.00923384 0.00896151 0.0419554 0.00289105 0.100136 
2011 0 0.0268658 0.0171753 0.112903 0.0954806 0.0915999 0.0286629 0.0287604 0.187567 0.0439686 0.0404814 0.0135681 0.0594326 0.0413839 0.0283498 0.0363894 0.00520922 0.0159527 0.00730427 0.00483827 0.114106 
2012 0 0.015274 0.0816805 0.0219638 0.121878 0.0917746 0.0691607 0.0175281 0.0280129 0.151063 0.0586563 0.0868236 0.00609601 0.0317498 0.0137525 0.0305563 0.0328663 0.00695453 0.0309522 0.035414 0.0678433 
2013 0 0.0100407 0.0686146 0.076466 0.0373417 0.162566 0.0689409 0.105515 0.00783804 0.0176459 0.0708742 0.0443336 0.0315162 0.0119346 0.0960219 0.0180458 0.032573 0.00341863 0.0103662 0.011377 0.114569 
end_table
table error_values
1990 0 0 0 0 0 0 0 0 0 0 0 0 0 0 0 0 0 0 0 0 0 
1991 0 0 0 0 0 0 0 0 0 0 0 0 0 0 0 0 0 0 0 0 0 
1992 0 0 0 0 0 0 0 0 0 0 0 0 0 0 0 0 0 0 0 0 0 
1993 0 0 0 0 0 0 0 0 0 0 0 0 0 0 0 0 0 0 0 0 0 
1994 0 0 0 0 0 0 0 0 0 0 0 0 0 0 0 0 0 0 0 0 0 
1995 0 0 0 0 0 0 0 0 0 0 0 0 0 0 0 0 0 0 0 0 0 
1996 0 0 0 0 0 0 0 0 0 0 0 0 0 0 0 0 0 0 0 0 0 
1997 0 0 0 0 0 0 0 0 0 0 0 0 0 0 0 0 0 0 0 0 0 
1998 0 0 0 0 0 0 0 0 0 0 0 0 0 0 0 0 0 0 0 0 0 
1999 0 0 0 0 0 0 0 0 0 0 0 0 0 0 0 0 0 0 0 0 0 
2000 0 0 0 0 0 0 0 0 0 0 0 0 0 0 0 0 0 0 0 0 0 
2001 0 0 0 0 0 0 0 0 0 0 0 0 0 0 0 0 0 0 0 0 0 
2002 0 0 0 0 0 0 0 0 0 0 0 0 0 0 0 0 0 0 0 0 0 
2003 0 0 0 0 0 0 0 0 0 0 0 0 0 0 0 0 0 0 0 0 0 
2004 0 0 0 0 0 0 0 0 0 0 0 0 0 0 0 0 0 0 0 0 0 
2005 0 0 0 0 0 0 0 0 0 0 0 0 0 0 0 0 0 0 0 0 0 
2006 0 0 0 0 0 0 0 0 0 0 0 0 0 0 0 0 0 0 0 0 0 
2007 0 0 0 0 0 0 0 0 0 0 0 0 0 0 0 0 0 0 0 0 0 
2008 0 0 0 0 0 0 0 0 0 0 0 0 0 0 0 0 0 0 0 0 0 
2009 0 0 0 0 0 0 0 0 0 0 0 0 0 0 0 0 0 0 0 0 0 
2010 0 0 0 0 0 0 0 0 0 0 0 0 0 0 0 0 0 0 0 0 0 
2011 0 0 0 0 0 0 0 0 0 0 0 0 0 0 0 0 0 0 0 0 0 
2012 0 0 0 0 0 0 0 0 0 0 0 0 0 0 0 0 0 0 0 0 0 
2013 0 0 0 0 0 0 0 0 0 0 0 0 0 0 0 0 0 0 0 0 0 
end_table

