@observation EN_age_sample_sim
age_samples_per_cluster 10 
ageing_error age_error 
average_cluster_weight 6 
cluster_cv 0.6 
cluster_sigma 1.1 
fishery_label Fishing_LL 
layer_of_stratum_definitions area_definition 
max_age 20 
min_age 0 
process_label fishing 
strata_to_include EN 
type mortality_event_biomass_age_clusters 
years 1990 1991 1992 1993 1994 1995 1996 1997 1998 1999 2000 2001 2002 2003 2004 2005 2006 2007 2008 2009 2010 2011 2012 2013 
table obs
1990 0 0 0.0221749 0.0486353 0.0788603 0.101801 0.0690189 0.0850017 0.0688066 0.0621752 0.0855693 0.0739926 0.0353719 0.0191831 0.0244542 0.034285 0.0285126 0.0226842 0.0288647 0.0095163 0.101093 
1991 0 0.0361521 0.0357102 0.0714485 0.0861777 0.0771061 0.0737135 0.0690668 0.0796506 0.0577023 0.0610526 0.058876 0.0236442 0.0117401 0.0412041 0.0289969 0.0162077 0.0166671 0.0319665 0.0120236 0.110893 
1992 0 0.00135135 0.118596 0.0840964 0.0726233 0.0684337 0.0447385 0.0861896 0.0712057 0.0741057 0.0549758 0.0544183 0.0181252 0.0376969 0.0397434 0.0243468 0.011608 0.0188534 0.0504045 0.00312149 0.065366 
1993 0 0.0231826 0.0166129 0.153417 0.0717834 0.0807147 0.0868342 0.10953 0.0523931 0.0766684 0.0447158 0.0321987 0.0323337 0.0378977 0.0108691 0.0303625 0.0340519 0.0215499 0.0084361 0.0071922 0.069256 
1994 0 0 0.019261 0.0182456 0.236387 0.0854612 0.0657112 0.0661316 0.0348711 0.0148764 0.0485372 0.0422397 0.0380401 0.0452936 0.0326645 0.0316733 0.0198016 0.0108141 0.00437559 0.0131359 0.172479 
1995 0 0.00337546 0.0101648 0.0993793 0.0525663 0.287409 0.0826036 0.0766416 0.0833389 0.0517719 0.0433423 0.0363541 0.02699 0.0158996 0.016613 0.00979454 0.00318311 0.0125433 0.0152808 0.0117003 0.0610475 
1996 0 0.00834273 0.0412268 0.0711119 0.129157 0.0459974 0.262447 0.0377244 0.0508686 0.0527047 0.0599963 0.0609698 0.0347378 0.0222135 0.0191952 0.0129962 0.0119573 0.00773836 0.00786212 0.00582146 0.056932 
1997 0 0.0277132 0.00763511 0.0841303 0.0883325 0.0805146 0.0218732 0.257696 0.0420474 0.037389 0.0315257 0.0342288 0.0332761 0.0319344 0.00991013 0.0110344 0.0179712 0.0250484 0.0194604 0.0110692 0.12721 
1998 0 0.0130616 0.0688808 0.0132695 0.108594 0.109228 0.103673 0.0506194 0.229239 0.0539289 0.0218485 0.022942 0.0191208 0.0101801 0.0118873 0.0202386 0.023883 0.0168842 0.0145298 0.00749187 0.0804996 
1999 0 0.00621029 0.0510919 0.206165 0.0151374 0.0771088 0.0836888 0.111946 0.038726 0.155847 0.017996 0.0211542 0.0125208 0.0193525 0.0195543 0.0267922 0.0393509 0.0132797 0.0278199 0.0132416 0.0430168 
2000 0 0.0127968 0.0507062 0.161641 0.23442 0.0270261 0.0653776 0.0693194 0.0338173 0.0278006 0.141982 0.0358344 0.0373618 0.0267986 0.0169213 0.00773959 0.0125473 0.00254491 0.0112376 0.00257006 0.0215568 
2001 0 0.00677242 0.0524739 0.0820624 0.135353 0.225327 0.0366838 0.0991871 0.0842316 0.0580828 0.0432358 0.0686692 0.00350925 0.0110567 0.00744273 0.00341856 0.00704853 0.00471346 0.00738404 0.0105573 0.0527906 
2002 0 0.00075291 0.0341626 0.11729 0.13313 0.2311 0.232561 0.0263828 0.0603122 0.0247212 0.0251556 0.0045161 0.0323974 0.00353541 0.00667623 0.00205882 0.00641359 0.00649326 0.00180801 0.00102262 0.0495113 
2003 0 0.0148883 0.0488748 0.0527137 0.184594 0.142306 0.16187 0.0948038 0.0282003 0.028961 0.0240198 0.0317298 0.0111577 0.0485283 0.018041 0.00355937 0.00436876 0.00958777 0.0114523 0.00336425 0.0769792 
2004 0 0.0187913 0.0477267 0.105627 0.0804429 0.24732 0.10866 0.133857 0.0785331 0.00560946 0.0241799 0.0149332 0.0331624 0.00818838 0.0490197 0.0146885 0.0114148 0.0109818 0 0 0.00686352 
2005 0 0 0.102417 0.042802 0.0930311 0.0318374 0.198499 0.106187 0.109777 0.0755204 0 0.0109489 0.03184 0.0405903 0.0168966 0.0248915 0.0082436 0.00121556 0.00218413 0.00896678 0.094152 
2006 0 0.0114221 0.00421263 0.192499 0.134223 0.121244 0.0556473 0.125629 0.086919 0.0438049 0.0464001 0.00562005 0.0265538 0.0114587 0.00603173 0.00289052 0.0806458 0.00333677 0.0178967 0.00473183 0.0188337 
2007 0 0 0.00384029 0.0126809 0.235271 0.149464 0.319132 0.0467521 0.0736607 0.0359136 0.0337135 0.0239195 0.00179553 0.00827528 0.0142351 0.0020281 0.0016041 0.0252412 0.000469485 0.0031088 0.00889524 
2008 0 0.00707981 0.0198955 0.00962902 0.0263378 0.319728 0.175494 0.0909254 0.0490086 0.0620174 0.0598195 0.0309051 0.04165 0.00571912 0.00868083 0.0260428 0.00177157 0.000976516 0.0130566 0.00486211 0.0464002 
2009 0 0.0189487 0.0340039 0.118942 0.0520831 0.0496924 0.275087 0.0910973 0.0900126 0.0418035 0.0626459 0.0374881 0.0442156 0.0341837 0.000488601 0.00418181 0 0 0.00917152 0.00687864 0.0290759 
2010 0 0 0.043525 0.063117 0.160827 0.0186172 0.0366546 0.211453 0.0632145 0.0490433 0.0348592 0.100206 0.049342 0.0422382 0.0320989 0.00895891 0.0205461 0.00550808 0.018873 0.00877532 0.0321431 
2011 0 0.027496 0.0184325 0.133294 0.110548 0.099317 0.0083648 0.0174448 0.207444 0.0769651 0.0814017 0.0258077 0.0458678 0.0284596 0.0136113 0.0126955 0.00185407 0 0.00544054 0.0142018 0.0713541 
2012 0 0.043867 0.102954 0.0269988 0.162472 0.091457 0.114505 0.0160318 0.0542995 0.152721 0.0390625 0.0195744 0.00244858 0.0196989 0.00884226 0.0113715 0.0126849 0.00291267 0.000527853 0.00549426 0.112075 
2013 0 0.000995526 0.10125 0.117938 0.0298978 0.224231 0.096472 0.0616793 0.0190861 0.0288882 0.0725053 0.0406402 0.0389833 0.0193821 0.0361631 0.0239503 0.0233889 0.0169491 0.000664634 0.014537 0.0323972 
end_table
table error_values
1990 0 0 0 0 0 0 0 0 0 0 0 0 0 0 0 0 0 0 0 0 0 
1991 0 0 0 0 0 0 0 0 0 0 0 0 0 0 0 0 0 0 0 0 0 
1992 0 0 0 0 0 0 0 0 0 0 0 0 0 0 0 0 0 0 0 0 0 
1993 0 0 0 0 0 0 0 0 0 0 0 0 0 0 0 0 0 0 0 0 0 
1994 0 0 0 0 0 0 0 0 0 0 0 0 0 0 0 0 0 0 0 0 0 
1995 0 0 0 0 0 0 0 0 0 0 0 0 0 0 0 0 0 0 0 0 0 
1996 0 0 0 0 0 0 0 0 0 0 0 0 0 0 0 0 0 0 0 0 0 
1997 0 0 0 0 0 0 0 0 0 0 0 0 0 0 0 0 0 0 0 0 0 
1998 0 0 0 0 0 0 0 0 0 0 0 0 0 0 0 0 0 0 0 0 0 
1999 0 0 0 0 0 0 0 0 0 0 0 0 0 0 0 0 0 0 0 0 0 
2000 0 0 0 0 0 0 0 0 0 0 0 0 0 0 0 0 0 0 0 0 0 
2001 0 0 0 0 0 0 0 0 0 0 0 0 0 0 0 0 0 0 0 0 0 
2002 0 0 0 0 0 0 0 0 0 0 0 0 0 0 0 0 0 0 0 0 0 
2003 0 0 0 0 0 0 0 0 0 0 0 0 0 0 0 0 0 0 0 0 0 
2004 0 0 0 0 0 0 0 0 0 0 0 0 0 0 0 0 0 0 0 0 0 
2005 0 0 0 0 0 0 0 0 0 0 0 0 0 0 0 0 0 0 0 0 0 
2006 0 0 0 0 0 0 0 0 0 0 0 0 0 0 0 0 0 0 0 0 0 
2007 0 0 0 0 0 0 0 0 0 0 0 0 0 0 0 0 0 0 0 0 0 
2008 0 0 0 0 0 0 0 0 0 0 0 0 0 0 0 0 0 0 0 0 0 
2009 0 0 0 0 0 0 0 0 0 0 0 0 0 0 0 0 0 0 0 0 0 
2010 0 0 0 0 0 0 0 0 0 0 0 0 0 0 0 0 0 0 0 0 0 
2011 0 0 0 0 0 0 0 0 0 0 0 0 0 0 0 0 0 0 0 0 0 
2012 0 0 0 0 0 0 0 0 0 0 0 0 0 0 0 0 0 0 0 0 0 
2013 0 0 0 0 0 0 0 0 0 0 0 0 0 0 0 0 0 0 0 0 0 
end_table

