@observation EN_age_sample_sim
age_samples_per_cluster 10 
ageing_error age_error 
average_cluster_weight 6 
cluster_cv 0.6 
cluster_sigma 1.1 
fishery_label Fishing_LL 
layer_of_stratum_definitions area_definition 
max_age 20 
min_age 0 
process_label fishing 
strata_to_include EN 
type mortality_event_biomass_age_clusters 
years 1990 1991 1992 1993 1994 1995 1996 1997 1998 1999 2000 2001 2002 2003 2004 2005 2006 2007 2008 2009 2010 2011 2012 2013 
table obs
1990 0 0 0.00649155 0.0315559 0.0946748 0.0916455 0.0954391 0.089324 0.0790481 0.0810469 0.0516231 0.0569733 0.0529492 0.0504174 0.0231452 0.0187468 0.0124746 0.0134408 0.0152994 0.0119421 0.123762 
1991 0 0.0652901 0.045423 0.0490158 0.0645431 0.056315 0.0526539 0.0641009 0.0383487 0.029753 0.0394748 0.0614982 0.0413848 0.0234598 0.0355131 0.0365416 0.0223317 0.0214206 0.0131555 0.0134905 0.226286 
1992 0 0.00189639 0.0830721 0.0429194 0.0919617 0.0788992 0.0847466 0.0603966 0.0623624 0.0634012 0.0777337 0.0517545 0.0261292 0.0342851 0.0597589 0.0242901 0.0296682 0.0318447 0.0091668 0.0136392 0.072074 
1993 0 0.0049868 0.00241656 0.199309 0.0799119 0.0929655 0.0467811 0.0386141 0.0387157 0.0597583 0.0464528 0.0460125 0.0801687 0.0404583 0.0291717 0.0307961 0.0363859 0.0239321 0.00294994 0.0084939 0.0917187 
1994 0 0 0.0148471 0.0328166 0.357769 0.121518 0.0460212 0.0345958 0.0449955 0.043634 0.0422526 0.0287906 0.0282441 0.0342255 0.0358333 0.0315607 0.0271122 0.011018 0.00601624 0.0104722 0.0482774 
1995 0 0 0.0139354 0.103166 0.0534792 0.157956 0.0901853 0.151264 0.0498386 0.0306498 0.0335646 0.0531548 0.0354135 0.0483828 0.0144316 0.0191116 0.0151703 0.012288 0.014393 0.0052517 0.0983639 
1996 0 0.00813456 0.0589203 0.0794103 0.149262 0.0397797 0.251717 0.0416779 0.0617301 0.0407501 0.0401183 0.0161549 0.0171996 0.0193286 0.0208174 0.0229029 0.0129107 0.00600886 0.013947 0.0155591 0.0836705 
1997 0 0.0144444 0.0104305 0.0571225 0.0558067 0.0840488 0.0304291 0.328321 0.0513051 0.0337775 0.0277012 0.0275559 0.0361421 0.0335396 0.040941 0.0280908 0.00741173 0.0348926 0.0369149 0.00677573 0.054349 
1998 0 0.0223687 0.0451539 0.0284095 0.0822465 0.145726 0.171336 0.0792794 0.153587 0.0430905 0.036844 0.0284995 0.0179322 0.00771797 0.00631768 0.00274009 0.00767963 0.0121728 0.0136149 0.00322018 0.092064 
1999 0 0.00680844 0.0839889 0.234684 0.0235221 0.0719996 0.0432965 0.0655031 0.00988597 0.173384 0.0642 0.0276486 0.0131453 0.0172956 0.0340987 0.0284919 0.00908291 0.0043665 0.017466 0.017466 0.0536652 
2000 0 0.0320579 0.0304312 0.090933 0.182717 0.0640954 0.191367 0.0413152 0.0551896 0.0175311 0.0852554 0.0233108 0.01392 0.0145121 0.0109259 0.0238847 0.00608563 0.0083873 0.00254442 0.0036122 0.101924 
2001 0 0.00306758 0.0645541 0.0795484 0.208978 0.183552 0.0166287 0.0584546 0.0399013 0.0349567 0.00920229 0.0575109 0.0227304 0.0270975 0.0233898 0.0263919 0.0209457 0.0055254 0.00178515 0.0130305 0.102749 
2002 0 0.0218208 0.0284643 0.145652 0.140057 0.146108 0.165416 0.0117262 0.0229065 0.021097 0.0193491 0.00455015 0.0420301 0.0138364 0.0517962 0.0296998 0.0251952 0.0157612 0.013707 0.0144711 0.0663559 
2003 0 0.0135451 0.0800355 0.0753679 0.180106 0.123336 0.126318 0.115612 0.00704752 0.0285501 0.0220874 0.0376218 0.0176331 0.0789943 0.00379825 0.0115419 0.0166778 0.00295666 0.0117991 0.00708884 0.0398814 
2004 0 0.0248409 0.0536475 0.108835 0.062613 0.221239 0.106216 0.112394 0.10576 0.00556539 0.0358541 0.0143255 0.0118855 0.0102439 0.0614559 0.0054144 0.0145996 0.00277179 0.0194897 0 0.0228492 
2005 0 0 0.072092 0.0943265 0.145762 0.0676159 0.161827 0.059228 0.109848 0.0790579 0.007622 0.02745 0.00392555 0.011756 0.00353524 0.0768957 0.0165527 0.00435982 0.00609867 0.0120484 0.0399992 
2006 0 0.0151958 0.0287599 0.188031 0.142095 0.122354 0.0681867 0.120265 0.0651586 0.0786165 0.0583184 0.00375652 0.0191667 0.00507782 0.00674335 0.00237128 0.0126167 0.00050506 0.00505069 0.00151521 0.0562156 
2007 0 0.00143687 0.00165226 0.00224871 0.0546412 0.021414 0.0459438 0.00771703 0.0196414 0.0108466 0.00476172 0.00435769 0 0.000603808 0.000544009 0.00150558 0.00120824 0.00196809 0.00122729 0.00217436 0.816107 
2008 0 0.0011854 0.0521412 0.0128785 0.0928836 0.356354 0.0899307 0.0674574 0.0392918 0.0637016 0.0398314 0.02823 0.0250527 0.00176531 0.0370587 0.0157357 0.0115128 0.00764073 0.0218529 0.00796478 0.0275308 
2009 0 0 0.0236424 0.0767236 0.00951683 0.0300281 0.292509 0.0729632 0.0904629 0.0260504 0.106097 0.075173 0.0340591 0.0419007 0.012618 0.0333214 0.00694217 0.0258188 0.00414057 0.0283792 0.00965318 
2010 0 0 0.081031 0.0419193 0.0631484 0.0275115 0.0543104 0.252116 0.0649859 0.0841841 0.0165177 0.1042 0.0580591 0.0426625 0.0314133 0 0 0 0 0 0.0779411 
2011 0 0.0222461 0.0360544 0.145332 0.139379 0.134801 0.0393216 0.0268207 0.188349 0.0491674 0.0188933 0.0202774 0.0518792 0.0352365 0.0281101 0.0317527 0.00184088 0.00988934 0.0111876 0 0.00946226 
2012 0 0.0683525 0.115157 0.0314165 0.184841 0.0983828 0.0646755 0.00630369 0.0164451 0.17384 0.0683907 0.0371169 0.000389391 0.0168531 0.00803018 0.00477664 0.00439935 0 0.00709523 0.0262356 0.0673001 
2013 0 0 0.0867191 0.0960695 0.0518056 0.147219 0.0710397 0.104824 0.0107905 0.0264899 0.122205 0.0464703 0.045624 0.0116497 0.0747906 0.0226595 0.0266709 0.0337166 0.00297383 0.00951829 0.00876427 
end_table
table error_values
1990 0 0 0 0 0 0 0 0 0 0 0 0 0 0 0 0 0 0 0 0 0 
1991 0 0 0 0 0 0 0 0 0 0 0 0 0 0 0 0 0 0 0 0 0 
1992 0 0 0 0 0 0 0 0 0 0 0 0 0 0 0 0 0 0 0 0 0 
1993 0 0 0 0 0 0 0 0 0 0 0 0 0 0 0 0 0 0 0 0 0 
1994 0 0 0 0 0 0 0 0 0 0 0 0 0 0 0 0 0 0 0 0 0 
1995 0 0 0 0 0 0 0 0 0 0 0 0 0 0 0 0 0 0 0 0 0 
1996 0 0 0 0 0 0 0 0 0 0 0 0 0 0 0 0 0 0 0 0 0 
1997 0 0 0 0 0 0 0 0 0 0 0 0 0 0 0 0 0 0 0 0 0 
1998 0 0 0 0 0 0 0 0 0 0 0 0 0 0 0 0 0 0 0 0 0 
1999 0 0 0 0 0 0 0 0 0 0 0 0 0 0 0 0 0 0 0 0 0 
2000 0 0 0 0 0 0 0 0 0 0 0 0 0 0 0 0 0 0 0 0 0 
2001 0 0 0 0 0 0 0 0 0 0 0 0 0 0 0 0 0 0 0 0 0 
2002 0 0 0 0 0 0 0 0 0 0 0 0 0 0 0 0 0 0 0 0 0 
2003 0 0 0 0 0 0 0 0 0 0 0 0 0 0 0 0 0 0 0 0 0 
2004 0 0 0 0 0 0 0 0 0 0 0 0 0 0 0 0 0 0 0 0 0 
2005 0 0 0 0 0 0 0 0 0 0 0 0 0 0 0 0 0 0 0 0 0 
2006 0 0 0 0 0 0 0 0 0 0 0 0 0 0 0 0 0 0 0 0 0 
2007 0 0 0 0 0 0 0 0 0 0 0 0 0 0 0 0 0 0 0 0 0 
2008 0 0 0 0 0 0 0 0 0 0 0 0 0 0 0 0 0 0 0 0 0 
2009 0 0 0 0 0 0 0 0 0 0 0 0 0 0 0 0 0 0 0 0 0 
2010 0 0 0 0 0 0 0 0 0 0 0 0 0 0 0 0 0 0 0 0 0 
2011 0 0 0 0 0 0 0 0 0 0 0 0 0 0 0 0 0 0 0 0 0 
2012 0 0 0 0 0 0 0 0 0 0 0 0 0 0 0 0 0 0 0 0 0 
2013 0 0 0 0 0 0 0 0 0 0 0 0 0 0 0 0 0 0 0 0 0 
end_table

