@observation EN_age_sample_sim
age_samples_per_cluster 10 
ageing_error age_error 
average_cluster_weight 6 
cluster_cv 0.6 
cluster_sigma 1.1 
fishery_label Fishing_LL 
layer_of_stratum_definitions area_definition 
max_age 20 
min_age 0 
process_label fishing 
strata_to_include EN 
type mortality_event_biomass_age_clusters 
years 1990 1991 1992 1993 1994 1995 1996 1997 1998 1999 2000 2001 2002 2003 2004 2005 2006 2007 2008 2009 2010 2011 2012 2013 
table obs
1990 0 0.00610074 0.0326864 0.0851634 0.12309 0.0913088 0.0613258 0.060686 0.0628638 0.0821979 0.0592744 0.0295258 0.0426539 0.0253521 0.0265622 0.0240791 0.025608 0.0180601 0.0100683 0.0208651 0.112528 
1991 0 0.0272525 0.0410049 0.0658446 0.0634946 0.0838024 0.116961 0.0805598 0.0820536 0.0736793 0.0370903 0.0364731 0.0274105 0.0142138 0.0220834 0.0327478 0.061317 0.0217055 0.020447 0.0162419 0.0756165 
1992 0 0.00493 0.0571022 0.0598773 0.104317 0.0888282 0.0838783 0.0323632 0.0687681 0.0882944 0.0741215 0.0553045 0.0451857 0.0201973 0.0120711 0.0125283 0.0123827 0.0141879 0.00945858 0.00995096 0.146253 
1993 0 0.00739197 0.0141637 0.247623 0.076871 0.0709282 0.0715257 0.102245 0.0971981 0.0402494 0.0223055 0.0332989 0.027105 0.0435937 0.0361723 0.0211251 0.0266184 0.0141628 0.0116752 0.00729609 0.0284514 
1994 0 0.00668959 0.0500322 0.0356435 0.333553 0.0581867 0.0767745 0.0516825 0.0654356 0.05703 0.0307776 0.030731 0.0139238 0.0150948 0.0283317 0.0461509 0.0190011 0.00916983 0.0210798 0.00888948 0.0418222 
1995 0 0 0.0413466 0.07088 0.0427601 0.331594 0.0599055 0.0584211 0.0648181 0.0436234 0.0317268 0.0274481 0.0284149 0.0406918 0.0158575 0.0134216 0.0148677 0.0150265 0.0116685 0.00561921 0.0819089 
1996 0 0.00926316 0.0772981 0.0755173 0.0943793 0.0337407 0.194021 0.0683405 0.0567935 0.0701967 0.0432309 0.0142081 0.0393965 0.0314556 0.0404127 0.0248949 0.0164579 0.0141229 0.00554628 0 0.0907245 
1997 0 0.0129119 0.00848926 0.044305 0.0882659 0.0737876 0.0494398 0.168847 0.0791236 0.0506879 0.0691583 0.0361737 0.0223262 0.011716 0.0191447 0.0235378 0.0225901 0.0156045 0.0202349 0.0095835 0.174073 
1998 0 0.00379182 0.0857822 0.0461968 0.150844 0.0901595 0.0766236 0.0375603 0.213379 0.0432141 0.0300947 0.0219131 0.0292822 0.0136034 0.0260042 0.0158011 0.0111709 0.00893087 0.00665675 0.00747175 0.0815198 
1999 0 0 0.0819247 0.174836 0.048097 0.134429 0.0971351 0.0697751 0.0152508 0.0917141 0.0105356 0.0140322 0.0249283 0.0153841 0.0164882 0.00554718 0.0031791 0.00722572 0.0266377 0.00621239 0.156668 
2000 0 0.0437702 0.0346917 0.10925 0.151604 0.0429968 0.159708 0.103713 0.0663703 0.0197389 0.0823557 0.0361027 0.0238311 0.0151998 0.00510856 0.0185089 0.0171644 0.00458989 0.00558232 0.0115678 0.0481451 
2001 0 0.00456859 0.0685643 0.0915092 0.171997 0.210476 0.0269002 0.0528637 0.0245508 0.027219 0.0102743 0.0850405 0.00924532 0.00659117 0.0252963 0.0187393 0.0334172 0.0379929 0.0371105 0.0143649 0.0432788 
2002 0 0.00109591 0.0108387 0.150642 0.129343 0.151853 0.115095 0.00842713 0.0367967 0.0207464 0.0716526 0.0280357 0.110047 0.0529632 0.017628 0.00409023 0.00613382 0 0 0.00268036 0.081932 
2003 0 0.00664117 0.0685641 0.0401571 0.179225 0.107269 0.0936707 0.146724 0.0200538 0.0887052 0.0600452 0.0156839 0.0118635 0.0561528 0.00614847 0 0 0 0.00318693 0.011329 0.0845797 
2004 0 0.0257894 0.0217056 0.0729271 0.0405745 0.168327 0.124423 0.151625 0.14307 0.0331833 0.0500498 0.0349709 0.0310172 0.0143265 0.0325068 0.00262038 0.00083355 0 0 0.00153861 0.0505113 
2005 0 0.00159873 0.0949049 0.062856 0.125794 0.0710313 0.173012 0.0641988 0.0814265 0.0660137 0.00555131 0.0277531 0.0477338 0.0224637 0.00668569 0.0919325 0.0152067 0.00300401 0.00079485 0.00079485 0.037244 
2006 0 0.0243037 0.00277235 0.0839525 0.0866378 0.181211 0.151267 0.141944 0.0457134 0.0709119 0.0611552 0.0109346 0.00831936 0.00462122 0.00716177 0.0103284 0.0468716 0.0162409 0.00445109 0.00120986 0.0399921 
2007 0 0.00672336 0.00272509 0.00474776 0.062069 0.0217255 0.0277806 0.00709429 0.0235099 0.0148329 0.0186867 0.0218682 0.00494743 0.0040956 0.00251172 0.00107622 0.00106945 0.00458943 0.00109616 0.00269633 0.766155 
2008 0 0.00824776 0.035052 0.0166604 0.0168387 0.23098 0.150535 0.102135 0.0413165 0.115108 0.0753842 0.0522887 0.0528758 0.00717049 0.00754699 0.0154994 0.00886477 0.00540931 0.00684659 0.00529026 0.045951 
2009 0 0.019224 0.0486339 0.0656297 0.0474088 0.0234899 0.210879 0.0610896 0.089975 0.0408073 0.0718522 0.0358187 0.0479114 0.0586534 0.0181749 0.0213234 0.0182026 0.0276239 0.00825264 0.0536799 0.0313697 
2010 0 0.0076908 0.116581 0.111483 0.0875877 0.0289949 0.0301613 0.172767 0.0473632 0.0531844 0.0219998 0.0752572 0.0470928 0.0807308 0.0202282 0.00481695 0.00354153 0.00598124 0.0051702 0.00449435 0.0748733 
2011 0 0.0241444 0.0295397 0.120169 0.151307 0.122665 0.0115018 0.0252846 0.141316 0.0855236 0.0666512 0.0214791 0.0707427 0.0272221 0.0075861 0.0296177 0.00511414 0.00784546 0.0210948 0.00689122 0.0243054 
2012 0 0.0137091 0.0665558 0.0202931 0.174715 0.138974 0.0708406 0.0133732 0.0281477 0.186151 0.0568183 0.0884345 0.00403706 0.0469199 0.0195206 0.0108226 0.0069655 0 0.00322335 0.00645709 0.0440413 
2013 0 0.0146688 0.159714 0.185117 0.0842476 0.123185 0.0782248 0.0706011 0.0219526 0.0260561 0.0950126 0.0246183 0.020885 0.01599 0.0205162 0.00620095 0.00554611 0.0170706 0.0074422 0.016761 0.00619115 
end_table
table error_values
1990 0 0 0 0 0 0 0 0 0 0 0 0 0 0 0 0 0 0 0 0 0 
1991 0 0 0 0 0 0 0 0 0 0 0 0 0 0 0 0 0 0 0 0 0 
1992 0 0 0 0 0 0 0 0 0 0 0 0 0 0 0 0 0 0 0 0 0 
1993 0 0 0 0 0 0 0 0 0 0 0 0 0 0 0 0 0 0 0 0 0 
1994 0 0 0 0 0 0 0 0 0 0 0 0 0 0 0 0 0 0 0 0 0 
1995 0 0 0 0 0 0 0 0 0 0 0 0 0 0 0 0 0 0 0 0 0 
1996 0 0 0 0 0 0 0 0 0 0 0 0 0 0 0 0 0 0 0 0 0 
1997 0 0 0 0 0 0 0 0 0 0 0 0 0 0 0 0 0 0 0 0 0 
1998 0 0 0 0 0 0 0 0 0 0 0 0 0 0 0 0 0 0 0 0 0 
1999 0 0 0 0 0 0 0 0 0 0 0 0 0 0 0 0 0 0 0 0 0 
2000 0 0 0 0 0 0 0 0 0 0 0 0 0 0 0 0 0 0 0 0 0 
2001 0 0 0 0 0 0 0 0 0 0 0 0 0 0 0 0 0 0 0 0 0 
2002 0 0 0 0 0 0 0 0 0 0 0 0 0 0 0 0 0 0 0 0 0 
2003 0 0 0 0 0 0 0 0 0 0 0 0 0 0 0 0 0 0 0 0 0 
2004 0 0 0 0 0 0 0 0 0 0 0 0 0 0 0 0 0 0 0 0 0 
2005 0 0 0 0 0 0 0 0 0 0 0 0 0 0 0 0 0 0 0 0 0 
2006 0 0 0 0 0 0 0 0 0 0 0 0 0 0 0 0 0 0 0 0 0 
2007 0 0 0 0 0 0 0 0 0 0 0 0 0 0 0 0 0 0 0 0 0 
2008 0 0 0 0 0 0 0 0 0 0 0 0 0 0 0 0 0 0 0 0 0 
2009 0 0 0 0 0 0 0 0 0 0 0 0 0 0 0 0 0 0 0 0 0 
2010 0 0 0 0 0 0 0 0 0 0 0 0 0 0 0 0 0 0 0 0 0 
2011 0 0 0 0 0 0 0 0 0 0 0 0 0 0 0 0 0 0 0 0 0 
2012 0 0 0 0 0 0 0 0 0 0 0 0 0 0 0 0 0 0 0 0 0 
2013 0 0 0 0 0 0 0 0 0 0 0 0 0 0 0 0 0 0 0 0 0 
end_table

