@observation EN_age_sample_sim
age_samples_per_cluster 10 
ageing_error age_error 
average_cluster_weight 6 
cluster_cv 0.6 
cluster_sigma 1.1 
fishery_label Fishing_LL 
layer_of_stratum_definitions area_definition 
max_age 20 
min_age 0 
process_label fishing 
strata_to_include EN 
type mortality_event_biomass_age_clusters 
years 1990 1991 1992 1993 1994 1995 1996 1997 1998 1999 2000 2001 2002 2003 2004 2005 2006 2007 2008 2009 2010 2011 2012 2013 
table obs
1990 0 0.00570105 0.0357255 0.0729956 0.113135 0.0797913 0.0744503 0.0855914 0.0527308 0.0413073 0.0414408 0.0363671 0.0236469 0.0182478 0.023715 0.0206331 0.0368028 0.0307418 0.0117979 0.0284841 0.166695 
1991 0 0.015395 0.016156 0.0109488 0.0552144 0.0793412 0.106164 0.0637587 0.0690726 0.0579037 0.0608525 0.0577049 0.0275721 0.0250364 0.0389743 0.0342426 0.0424521 0.0262644 0.024218 0.0377503 0.150978 
1992 0 0.00663554 0.153509 0.0788071 0.0747579 0.107348 0.0724561 0.0776355 0.0766683 0.0308927 0.0327957 0.0301047 0.0107488 0.00202585 0.010556 0.0214899 0.0313971 0.0248896 0.0150225 0.00784982 0.134409 
1993 0 0.00332362 0.0127479 0.215773 0.0622426 0.105922 0.0568363 0.0650755 0.0268349 0.0371067 0.0515313 0.0586038 0.0336412 0.0379466 0.020128 0.0201435 0.030698 0.0244559 0.0204395 0.0160363 0.100513 
1994 0 0 0.0199477 0.00975439 0.356628 0.0616723 0.0645883 0.0582414 0.045972 0.0227052 0.0120651 0.0113911 0.0156188 0.00538183 0.00661296 0.0257818 0.0242623 0.0324996 0.0221865 0.0346265 0.170064 
1995 0 0.0185228 0.0414587 0.0769323 0.0350726 0.23117 0.0757058 0.0936212 0.0575188 0.0692638 0.0496704 0.0528638 0.0286188 0.0219655 0.0258611 0.0227054 0.00886412 0.00920969 0.00495467 0.00231993 0.0737007 
1996 0 0 0.0404766 0.0619367 0.114427 0.024736 0.202821 0.0531307 0.0508315 0.045345 0.0413487 0.0163299 0.03856 0.0345572 0.0465852 0.0306754 0.0209034 0.0238819 0.0196537 0.0159922 0.117808 
1997 0 0.00688355 0.00714282 0.0895374 0.0736369 0.115643 0.0558493 0.173296 0.0955245 0.101988 0.0402123 0.0366876 0.024174 0.010121 0.00995881 0.0146453 0.00904615 0.0124278 0.0154802 0.0130207 0.0947248 
1998 0 0.0288906 0.133894 0.052429 0.144027 0.0945594 0.0592314 0.0244999 0.198411 0.0461039 0.0435029 0.0189983 0.00682201 0.00467874 0.0116608 0.00443516 0.00489113 0.00163038 0.0399745 0.0167557 0.0646038 
1999 0 0.0151404 0.0655065 0.197187 0.0418617 0.140515 0.094505 0.0385571 0.0150944 0.172449 0.0386721 0.0278054 0.0236015 0.0318119 0.0145246 0 0.00450177 0.00762121 0.00624796 0.00712582 0.0572713 
2000 0 0.0238158 0.0251602 0.101615 0.184799 0.050763 0.0967814 0.100792 0.0777378 0.0186644 0.120682 0.0352512 0.0224856 0.00475719 0.00448635 0.00441403 0.00499062 0.00307181 0.0104613 0.0125029 0.0967687 
2001 0 0.0347796 0.0788063 0.0898622 0.14717 0.176319 0.0337542 0.0679575 0.0268581 0.0193975 0.0121013 0.081737 0.037179 0.0190365 0.00567106 0.0244281 0.0304921 0.0193566 0.00906217 0.0156838 0.0703479 
2002 0 0.00228653 0.018696 0.137298 0.129229 0.134944 0.150964 0.00211251 0.0839762 0.0747024 0.0445462 0.0084633 0.0704037 0.0241408 0.00288482 0.00527013 0.0073277 0.00122074 0.0057198 0.00243746 0.0933763 
2003 0 0.0142408 0.0442873 0.0780125 0.168691 0.0932638 0.114338 0.1688 0.0182692 0.0432395 0.0332573 0.00925171 0.00862623 0.079725 0.0189374 0.0197212 0.0238243 0.0195292 0.00624879 0 0.0377364 
2004 0 0.0248852 0.0460067 0.101245 0.0575842 0.204965 0.134164 0.0900638 0.102864 0.0153627 0.0360655 0.0497179 0.0214721 0.00264143 0.0575468 0.00391761 0.00353484 0.00353484 0.00921692 0.00568209 0.02953 
2005 0 0 0.151272 0.164891 0.175707 0.066868 0.125642 0.0404878 0.0299984 0.03276 0.00259286 0.0146516 0.0199034 0.0216045 0.00445321 0.0479284 0.00138623 0.0120722 0.0154517 0 0.0723287 
2006 0 0 0.0116243 0.158184 0.0857874 0.146023 0.0700002 0.146543 0.0519627 0.082999 0.0833579 0.00981034 0.0269223 0.0137084 0.0136967 0.00348916 0.0480894 0.0153695 0.0174543 0.00593815 0.00904064 
2007 0 0.000307546 0.000615091 0.00492175 0.0708657 0.039551 0.0728725 0.0235568 0.0289816 0.0134058 0.00492314 0.00405348 0.00331699 0.00212062 0.00453313 0.000768427 0.000491198 0.00256145 0.00100349 0.0034726 0.717678 
2008 0 0.01828 0.0182363 0.0164878 0.0276787 0.365267 0.0742689 0.0841149 0.0202722 0.07066 0.0452862 0.0267654 0.0501324 0.00698681 0.0137234 0.0159785 0.00826703 0.00499069 0.0260456 0.0171682 0.0893903 
2009 0 0.018293 0.0296226 0.0924664 0.0442382 0.0684772 0.251503 0.131202 0.0641964 0.0386036 0.0503845 0.029246 0.0188544 0.029937 0.0144055 0.0253726 0.0143303 0.0368511 0.00406598 0.0236475 0.0143024 
2010 0 0.00209684 0.062344 0.0702903 0.153133 0.0559612 0.0438104 0.143033 0.0525152 0.134454 0.0222871 0.0429899 0.0188109 0.0329534 0.0364004 0.00241362 0.00931685 0.00237142 0.00496094 0 0.109857 
2011 0 0.0149775 0.0183869 0.113231 0.0833084 0.0604392 0.00608886 0.0295071 0.241713 0.0393093 0.0506234 0.0302067 0.0807847 0.0425581 0.0719804 0.0229106 0.00340801 0.00455538 0.00784818 0.0016464 0.0765167 
2012 0 0.0298699 0.0432902 0.0282992 0.130664 0.0843243 0.124793 0.0308487 0.0111527 0.135222 0.0518113 0.0447235 0.0143255 0.0680785 0.0312185 0.0163317 0.0156264 0.00124299 0.0309662 0.027273 0.079938 
2013 0 0 0.0334147 0.0763226 0.0480517 0.201511 0.0849044 0.0440212 0.0111808 0.0410619 0.147481 0.0674001 0.0483137 0.0164414 0.0153293 0.0462227 0.0315903 0.0371574 0.000713987 0.00679718 0.0420846 
end_table
table error_values
1990 0 0 0 0 0 0 0 0 0 0 0 0 0 0 0 0 0 0 0 0 0 
1991 0 0 0 0 0 0 0 0 0 0 0 0 0 0 0 0 0 0 0 0 0 
1992 0 0 0 0 0 0 0 0 0 0 0 0 0 0 0 0 0 0 0 0 0 
1993 0 0 0 0 0 0 0 0 0 0 0 0 0 0 0 0 0 0 0 0 0 
1994 0 0 0 0 0 0 0 0 0 0 0 0 0 0 0 0 0 0 0 0 0 
1995 0 0 0 0 0 0 0 0 0 0 0 0 0 0 0 0 0 0 0 0 0 
1996 0 0 0 0 0 0 0 0 0 0 0 0 0 0 0 0 0 0 0 0 0 
1997 0 0 0 0 0 0 0 0 0 0 0 0 0 0 0 0 0 0 0 0 0 
1998 0 0 0 0 0 0 0 0 0 0 0 0 0 0 0 0 0 0 0 0 0 
1999 0 0 0 0 0 0 0 0 0 0 0 0 0 0 0 0 0 0 0 0 0 
2000 0 0 0 0 0 0 0 0 0 0 0 0 0 0 0 0 0 0 0 0 0 
2001 0 0 0 0 0 0 0 0 0 0 0 0 0 0 0 0 0 0 0 0 0 
2002 0 0 0 0 0 0 0 0 0 0 0 0 0 0 0 0 0 0 0 0 0 
2003 0 0 0 0 0 0 0 0 0 0 0 0 0 0 0 0 0 0 0 0 0 
2004 0 0 0 0 0 0 0 0 0 0 0 0 0 0 0 0 0 0 0 0 0 
2005 0 0 0 0 0 0 0 0 0 0 0 0 0 0 0 0 0 0 0 0 0 
2006 0 0 0 0 0 0 0 0 0 0 0 0 0 0 0 0 0 0 0 0 0 
2007 0 0 0 0 0 0 0 0 0 0 0 0 0 0 0 0 0 0 0 0 0 
2008 0 0 0 0 0 0 0 0 0 0 0 0 0 0 0 0 0 0 0 0 0 
2009 0 0 0 0 0 0 0 0 0 0 0 0 0 0 0 0 0 0 0 0 0 
2010 0 0 0 0 0 0 0 0 0 0 0 0 0 0 0 0 0 0 0 0 0 
2011 0 0 0 0 0 0 0 0 0 0 0 0 0 0 0 0 0 0 0 0 0 
2012 0 0 0 0 0 0 0 0 0 0 0 0 0 0 0 0 0 0 0 0 0 
2013 0 0 0 0 0 0 0 0 0 0 0 0 0 0 0 0 0 0 0 0 0 
end_table

