@observation EN_age_sample_sim
age_samples_per_cluster 10 
ageing_error age_error 
average_cluster_weight 6 
cluster_cv 0.6 
cluster_sigma 1.1 
fishery_label Fishing_LL 
layer_of_stratum_definitions area_definition 
max_age 20 
min_age 0 
process_label fishing 
strata_to_include EN 
type mortality_event_biomass_age_clusters 
years 1990 1991 1992 1993 1994 1995 1996 1997 1998 1999 2000 2001 2002 2003 2004 2005 2006 2007 2008 2009 2010 2011 2012 2013 
table obs
1990 0 0.0100696 0.0722013 0.101112 0.121599 0.123136 0.055793 0.0411913 0.0390868 0.0673823 0.0502468 0.0290621 0.0127078 0.00754391 0.0196407 0.0119191 0.0102331 0.0142177 0.00555496 0.0245475 0.182755 
1991 0 0.00910701 0.015713 0.0538247 0.0869559 0.0766834 0.0601861 0.0771257 0.0770027 0.0714693 0.0969943 0.0536168 0.0356234 0.0341406 0.0217417 0.0417994 0.0349973 0.0178814 0.0230607 0.0103082 0.101768 
1992 0 0 0.0735296 0.0775394 0.0784641 0.0788502 0.0295057 0.0608161 0.0405541 0.0856964 0.0388229 0.0211842 0.0205074 0.0222774 0.0432728 0.0412259 0.0298569 0.0458522 0.0204738 0.0244063 0.167165 
1993 0 0.0149827 0.0146479 0.250044 0.0852368 0.0812261 0.0694789 0.0639579 0.0592097 0.0304708 0.0532077 0.0482443 0.0235298 0.026238 0.0215327 0.0289123 0.0188185 0.0123264 0.0055595 0.00186286 0.0905131 
1994 0 0 0.0204427 0.027833 0.249865 0.0620094 0.0789597 0.0606531 0.0431241 0.0429163 0.072772 0.0869044 0.0522681 0.0315464 0.027053 0.0170352 0.00566986 0.0109887 0.00697153 0 0.102987 
1995 0 0 0.0322394 0.0702618 0.00779688 0.288346 0.0818539 0.0453551 0.0686074 0.0649294 0.0484333 0.0293055 0.0331689 0.041304 0.0268978 0.00578206 0.015481 0.0111964 0.0161612 0.00901617 0.103864 
1996 0 0.0014102 0.0239312 0.0457796 0.0767266 0.0256534 0.28919 0.0425396 0.0539864 0.0934753 0.0396061 0.0608831 0.026928 0.0149209 0.0189404 0.0140233 0.0140193 0.0113518 0.0163982 0.0209888 0.109248 
1997 0 0.00745358 0.00676582 0.112222 0.11085 0.122382 0.0363548 0.228804 0.0538261 0.0544455 0.0426903 0.0327748 0.0199831 0.0184124 0.0289851 0.0267787 0.0223112 0.0135048 0.0061247 0.00641434 0.0489163 
1998 0 0.0285625 0.0325074 0.0308261 0.141809 0.0951661 0.0910752 0.0245794 0.152643 0.0441059 0.0226591 0.0419817 0.0318903 0.0228676 0.0208669 0.0464983 0.0206607 0.050154 0.0098443 0.017922 0.0733807 
1999 0 0.0220195 0.102292 0.17555 0.0519233 0.0943419 0.0444599 0.0619749 0.000501551 0.178197 0.0361297 0.0331984 0.0133094 0.00104171 0.00188368 0.00303769 0.000577002 0.00173101 0.00436456 0.0141561 0.159312 
2000 0 0.0210894 0.0502364 0.138553 0.190529 0.0166247 0.0666072 0.059833 0.0472852 0.0219366 0.142893 0.0247794 0.0284709 0.0305555 0.0356496 0.0251057 0.00766513 0.00249716 0.0144079 0.0290487 0.0462322 
2001 0 0 0.0532841 0.0746588 0.148939 0.151648 0.0474623 0.105946 0.0786324 0.031345 0.0129416 0.0724532 0.0483686 0.0193409 0.00867779 0.00513452 0 0 0.0111876 0.0335293 0.0964519 
2002 0 0.0209973 0.0233891 0.0740008 0.144314 0.137914 0.148853 0.0246054 0.0696596 0.0500176 0.0245611 0.0378013 0.0828609 0.0199847 0.0209339 0.014089 0.0149626 0.0139167 0.0080517 0.00652177 0.0625654 
2003 0 0.012779 0.0641539 0.0379806 0.197607 0.195294 0.184057 0.136715 0.0124994 0.00558632 0.00348488 0.0024906 0 0.0484746 0.0290286 0.0180868 0.0201754 0.000870929 0.00481697 0.000870929 0.0250275 
2004 0 0.0275031 0.0339911 0.0934415 0.0725017 0.168741 0.104029 0.107557 0.0899128 0.00708238 0.0443729 0.0159213 0.0188836 0.00806973 0 0.0112073 0.0253155 0.0302839 0.00233497 0.00936316 0.129487 
2005 0 0.00986742 0.084133 0.0770417 0.167007 0.0502788 0.218531 0.0948342 0.0839282 0.0854359 0.00846751 0.0320676 0.0243042 0.00868905 0.0130336 0.0112285 0 0 0 0 0.0311531 
2006 0 0.0077457 0.00387662 0.179578 0.14789 0.132553 0.0461125 0.0923132 0.0623637 0.0776258 0.0452045 0.00319172 0.0134781 0.0270245 0.0259013 0.0148667 0.0624196 0.0198149 0.00867975 0.00462258 0.0247371 
2007 0 0 0.00234059 0.00575349 0.310373 0.085898 0.129163 0.0548003 0.0935157 0.0352965 0.0374326 0.048919 0.00313743 0.00417517 0.0324449 0.0125158 0 0.0103387 0.00174663 0.00184036 0.130308 
2008 0 0.00419104 0.0118909 0.0107214 0.0315395 0.354639 0.113077 0.120736 0.054696 0.111089 0.0566961 0.0185029 0.047701 0 0.00614367 0.00239081 0.00853189 0.00309234 0.00172769 0.00243272 0.0402019 
2009 0 0.0183918 0.0598498 0.0612972 0.0320078 0.0489987 0.168395 0.0719643 0.107348 0.0223583 0.107515 0.0413822 0.0567277 0.0457533 0.00539048 0.0557723 0.0178684 0.00928893 0.00113882 0.0382842 0.0302677 
2010 0 0.00527351 0.0507824 0.0581818 0.108541 0.0279603 0.0515373 0.273443 0.0991723 0.0887509 0.0385475 0.0624511 0.0293867 0.018235 0.0255261 0.00638034 0.00741013 0.00535055 0.00638034 0 0.0366899 
2011 0 0.0285507 0.0165342 0.172869 0.0823456 0.11546 0.0192421 0.0307855 0.262654 0.0489232 0.0306545 0.0195216 0.0341295 0.0148644 0.0178241 0.0210514 0.00156279 0.0112802 0.0222518 0.00793819 0.0415565 
2012 0 0.0252719 0.0724494 0.0147729 0.104572 0.0369667 0.0646816 0.0124646 0.0258723 0.261468 0.109033 0.0914551 0.0306371 0.0504054 0.0261456 0.0107209 0.00643342 0.00287868 0 0.01297 0.0408007 
2013 0 0.00144213 0.140575 0.0861492 0.0390368 0.152995 0.068028 0.0531234 0.0124609 0.0144328 0.104704 0.038549 0.0339696 0.00738569 0.0632667 0.0320936 0.0316114 0.0290095 0.00598952 0.00412209 0.081056 
end_table
table error_values
1990 0 0 0 0 0 0 0 0 0 0 0 0 0 0 0 0 0 0 0 0 0 
1991 0 0 0 0 0 0 0 0 0 0 0 0 0 0 0 0 0 0 0 0 0 
1992 0 0 0 0 0 0 0 0 0 0 0 0 0 0 0 0 0 0 0 0 0 
1993 0 0 0 0 0 0 0 0 0 0 0 0 0 0 0 0 0 0 0 0 0 
1994 0 0 0 0 0 0 0 0 0 0 0 0 0 0 0 0 0 0 0 0 0 
1995 0 0 0 0 0 0 0 0 0 0 0 0 0 0 0 0 0 0 0 0 0 
1996 0 0 0 0 0 0 0 0 0 0 0 0 0 0 0 0 0 0 0 0 0 
1997 0 0 0 0 0 0 0 0 0 0 0 0 0 0 0 0 0 0 0 0 0 
1998 0 0 0 0 0 0 0 0 0 0 0 0 0 0 0 0 0 0 0 0 0 
1999 0 0 0 0 0 0 0 0 0 0 0 0 0 0 0 0 0 0 0 0 0 
2000 0 0 0 0 0 0 0 0 0 0 0 0 0 0 0 0 0 0 0 0 0 
2001 0 0 0 0 0 0 0 0 0 0 0 0 0 0 0 0 0 0 0 0 0 
2002 0 0 0 0 0 0 0 0 0 0 0 0 0 0 0 0 0 0 0 0 0 
2003 0 0 0 0 0 0 0 0 0 0 0 0 0 0 0 0 0 0 0 0 0 
2004 0 0 0 0 0 0 0 0 0 0 0 0 0 0 0 0 0 0 0 0 0 
2005 0 0 0 0 0 0 0 0 0 0 0 0 0 0 0 0 0 0 0 0 0 
2006 0 0 0 0 0 0 0 0 0 0 0 0 0 0 0 0 0 0 0 0 0 
2007 0 0 0 0 0 0 0 0 0 0 0 0 0 0 0 0 0 0 0 0 0 
2008 0 0 0 0 0 0 0 0 0 0 0 0 0 0 0 0 0 0 0 0 0 
2009 0 0 0 0 0 0 0 0 0 0 0 0 0 0 0 0 0 0 0 0 0 
2010 0 0 0 0 0 0 0 0 0 0 0 0 0 0 0 0 0 0 0 0 0 
2011 0 0 0 0 0 0 0 0 0 0 0 0 0 0 0 0 0 0 0 0 0 
2012 0 0 0 0 0 0 0 0 0 0 0 0 0 0 0 0 0 0 0 0 0 
2013 0 0 0 0 0 0 0 0 0 0 0 0 0 0 0 0 0 0 0 0 0 
end_table

