@observation EN_age_sample_sim
age_samples_per_cluster 10 
ageing_error age_error 
average_cluster_weight 6 
cluster_cv 0.6 
cluster_sigma 1.1 
fishery_label Fishing_LL 
layer_of_stratum_definitions area_definition 
process_label fishing 
strata_to_include EN 
type mortality_event_biomass_age_clusters 
years 1990 1991 1992 1993 1994 1995 1996 1997 1998 1999 2000 2001 2002 2003 2004 2005 2006 2007 2008 2009 2010 2011 2012 2013 
table obs
1990 0.0616301 0.13491 0.163713 0.0385648 0.0502145 0.0371453 0.0185726 0.0371453 0 0 0.0259654 0.0259654 0.0519309 0.0758356 0.0758356 0.102831 0.0498701 0.0498701 0 0 0 0 0 0 0 0 0 0 0 0 0 0 0 0 0 0 0 0 0 0 
1991 0.0233044 0.0565228 0.078089 0.0763507 0.0431323 0.105309 0.0894918 0.0778927 0.133312 0.088566 0.0555198 0 0.0389967 0.0165231 0.0389967 0.0779934 0 0 0 0 0 0 0 0 0 0 0 0 0 0 0 0 0 0 0 0 0 0 0 0 
1992 0.124927 0.0375113 0.166611 0.0544563 0.0344281 0.0264565 0.102321 0.105826 0.133458 0 0.0356673 0 0.0356673 0.107002 0.0356673 0 0 0 0 0 0 0 0 0 0 0 0 0 0 0 0 0 0 0 0 0 0 0 0 0 
1993 0 0.00989583 0.14533 0.120562 0.127629 0.0252765 0.0505529 0.0505529 0 0 0 0.0602126 0.0602126 0.0602126 0.0301063 0.0602126 0 0 0 0 0 0 0 0 0 0.0221383 0.0221383 0.0221383 0 0.13283 0 0 0 0 0 0 0 0 0 0 
1994 0.0808226 0.0212085 0.166579 0.022562 0.408334 0.0630413 0.0660835 0.0646438 0.0420818 0.0420818 0.022562 0 0 0 0 0 0 0 0 0 0 0 0 0 0 0 0 0 0 0 0 0 0 0 0 0 0 0 0 0 
1995 0.0756858 0.0946072 0 0 0 0.25371 0.0845701 0.0706098 0.0283248 0.0470622 0.0621158 0.125073 0.117705 0.0405359 0 0 0 0 0 0 0 0 0 0 0 0 0 0 0 0 0 0 0 0 0 0 0 0 0 0 
1996 0.299092 0.19307 0.266928 0 0.0551279 0 0 0 0 0 0.00806146 0.0322458 0.0322458 0 0 0 0 0 0 0.0251623 0.0629057 0.0125811 0.0125811 0 0 0 0 0 0 0 0 0 0 0 0 0 0 0 0 0 
1997 0.040582 0 0.145965 0.456422 0.056549 0.0716918 0 0.0771123 0 0.0257041 0.0257041 0 0 0 0 0 0 0 0 0 0 0 0 0 0 0 0 0 0.0222822 0.0334233 0.0445644 0 0 0 0 0 0 0 0 0 
1998 0.282648 0.243385 0.0958445 0.0319482 0 0 0.0189369 0.0568106 0.0757474 0.0189369 0 0.019527 0.058581 0.019527 0 0.039054 0.039054 0 0 0 0 0 0 0 0 0 0 0 0 0 0 0 0 0 0 0 0 0 0 0 
1999 0.0712293 0.598934 0.0745146 0.0452717 0 0 0 0 0 0.0233389 0.0233389 0.0700167 0 0.0933556 0 0 0 0 0 0 0 0 0 0 0 0 0 0 0 0 0 0 0 0 0 0 0 0 0 0 
2000 0.322765 0.0720092 0.0246055 0.220078 0.0232341 0.0697024 0.0929365 0 0 0 0 0 0 0 0.0388154 0.058223 0.0388154 0 0.0388154 0 0 0 0 0 0 0 0 0 0 0 0 0 0 0 0 0 0 0 0 0 
2001 0.168597 0.183437 0.205416 0.406207 0.0363431 0 0 0 0 0 0 0 0 0 0 0 0 0 0 0 0 0 0 0 0 0 0 0 0 0 0 0 0 0 0 0 0 0 0 0 
2002 0.0136469 0.0652772 0.0911643 0.299715 0.473397 0.0567992 0 0 0 0 0 0 0 0 0 0 0 0 0 0 0 0 0 0 0 0 0 0 0 0 0 0 0 0 0 0 0 0 0 0 
2003 0.0491802 0 0.135695 0.217705 0.074627 0.15376 0 0 0 0 0.0175964 0.0175964 0.0175964 0.105578 0.0468146 0.0468146 0.0702219 0.0234073 0.0234073 0 0 0 0 0 0 0 0 0 0 0 0 0 0 0 0 0 0 0 0 0 
2004 0.0993822 0.359989 0.094862 0.13847 0.148034 0.0649963 0.0942663 0 0 0 0 0 0 0 0 0 0 0 0 0 0 0 0 0 0 0 0 0 0 0 0 0 0 0 0 0 0 0 0 0 
2005 0.0269027 0.0924407 0.0591561 0 0.383943 0.116488 0.155268 0.125909 0.0398923 0 0 0 0 0 0 0 0 0 0 0 0 0 0 0 0 0 0 0 0 0 0 0 0 0 0 0 0 0 0 0 
2006 0 0 0.109718 0.196474 0.0957733 0.172791 0.0478673 0.0478673 0.191469 0 0 0 0.061351 0 0.0306755 0.0306755 0.0153378 0 0 0 0 0 0 0 0 0 0 0 0 0 0 0 0 0 0 0 0 0 0 0 
2007 0 0 0 0.112675 0.101543 0.19011 0.460833 0.128935 0 0.00590466 0 0 0 0 0 0 0 0 0 0 0 0 0 0 0 0 0 0 0 0 0 0 0 0 0 0 0 0 0 0 
2008 0.490867 0.035893 0 0 0.051731 0.0160667 0.0158238 0.094943 0 0 0 0 0 0 0 0 0 0 0 0 0 0 0 0 0 0 0 0.0420965 0.252579 0 0 0 0 0 0 0 0 0 0 0 
2009 0.0145472 0.0872834 0.0290945 0 0 0.260227 0.343471 0.034955 0.13982 0 0 0 0 0 0.0302007 0.0604015 0 0 0 0 0 0 0 0 0 0 0 0 0 0 0 0 0 0 0 0 0 0 0 0 
2010 0 0 0.144686 0.156918 0.13369 0.0464556 0.10381 0.299792 0.0445675 0.05256 0.01752 0 0 0 0 0 0 0 0 0 0 0 0 0 0 0 0 0 0 0 0 0 0 0 0 0 0 0 0 0 
2011 0.0397762 0.129778 0.0900022 0.140228 0.100919 0.0766222 0.0153239 0.147046 0.0816823 0 0.127586 0.0510345 0 0 0 0 0 0 0 0 0 0 0 0 0 0 0 0 0 0 0 0 0 0 0 0 0 0 0 0 
2012 0.171829 0.212152 0.11919 0 0.331934 0 0 0 0.0183216 0.128251 0 0.0183216 0 0 0 0 0 0 0 0 0 0 0 0 0 0 0 0 0 0 0 0 0 0 0 0 0 0 0 0 
2013 0 0.159976 0.126305 0.0287704 0.0682755 0.147774 0 0 0 0 0 0.0367886 0.183943 0.186922 0.0153113 0.0459339 0 0 0 0 0 0 0 0 0 0 0 0 0 0 0 0 0 0 0 0 0 0 0 0 
end_table
table error_values
1990 0 0 0 0 0 0 0 0 0 0 0 0 0 0 0 0 0 0 0 0 0 0 0 0 0 0 0 0 0 0 0 0 0 0 0 0 0 0 0 0 
1991 0 0 0 0 0 0 0 0 0 0 0 0 0 0 0 0 0 0 0 0 0 0 0 0 0 0 0 0 0 0 0 0 0 0 0 0 0 0 0 0 
1992 0 0 0 0 0 0 0 0 0 0 0 0 0 0 0 0 0 0 0 0 0 0 0 0 0 0 0 0 0 0 0 0 0 0 0 0 0 0 0 0 
1993 0 0 0 0 0 0 0 0 0 0 0 0 0 0 0 0 0 0 0 0 0 0 0 0 0 0 0 0 0 0 0 0 0 0 0 0 0 0 0 0 
1994 0 0 0 0 0 0 0 0 0 0 0 0 0 0 0 0 0 0 0 0 0 0 0 0 0 0 0 0 0 0 0 0 0 0 0 0 0 0 0 0 
1995 0 0 0 0 0 0 0 0 0 0 0 0 0 0 0 0 0 0 0 0 0 0 0 0 0 0 0 0 0 0 0 0 0 0 0 0 0 0 0 0 
1996 0 0 0 0 0 0 0 0 0 0 0 0 0 0 0 0 0 0 0 0 0 0 0 0 0 0 0 0 0 0 0 0 0 0 0 0 0 0 0 0 
1997 0 0 0 0 0 0 0 0 0 0 0 0 0 0 0 0 0 0 0 0 0 0 0 0 0 0 0 0 0 0 0 0 0 0 0 0 0 0 0 0 
1998 0 0 0 0 0 0 0 0 0 0 0 0 0 0 0 0 0 0 0 0 0 0 0 0 0 0 0 0 0 0 0 0 0 0 0 0 0 0 0 0 
1999 0 0 0 0 0 0 0 0 0 0 0 0 0 0 0 0 0 0 0 0 0 0 0 0 0 0 0 0 0 0 0 0 0 0 0 0 0 0 0 0 
2000 0 0 0 0 0 0 0 0 0 0 0 0 0 0 0 0 0 0 0 0 0 0 0 0 0 0 0 0 0 0 0 0 0 0 0 0 0 0 0 0 
2001 0 0 0 0 0 0 0 0 0 0 0 0 0 0 0 0 0 0 0 0 0 0 0 0 0 0 0 0 0 0 0 0 0 0 0 0 0 0 0 0 
2002 0 0 0 0 0 0 0 0 0 0 0 0 0 0 0 0 0 0 0 0 0 0 0 0 0 0 0 0 0 0 0 0 0 0 0 0 0 0 0 0 
2003 0 0 0 0 0 0 0 0 0 0 0 0 0 0 0 0 0 0 0 0 0 0 0 0 0 0 0 0 0 0 0 0 0 0 0 0 0 0 0 0 
2004 0 0 0 0 0 0 0 0 0 0 0 0 0 0 0 0 0 0 0 0 0 0 0 0 0 0 0 0 0 0 0 0 0 0 0 0 0 0 0 0 
2005 0 0 0 0 0 0 0 0 0 0 0 0 0 0 0 0 0 0 0 0 0 0 0 0 0 0 0 0 0 0 0 0 0 0 0 0 0 0 0 0 
2006 0 0 0 0 0 0 0 0 0 0 0 0 0 0 0 0 0 0 0 0 0 0 0 0 0 0 0 0 0 0 0 0 0 0 0 0 0 0 0 0 
2007 0 0 0 0 0 0 0 0 0 0 0 0 0 0 0 0 0 0 0 0 0 0 0 0 0 0 0 0 0 0 0 0 0 0 0 0 0 0 0 0 
2008 0 0 0 0 0 0 0 0 0 0 0 0 0 0 0 0 0 0 0 0 0 0 0 0 0 0 0 0 0 0 0 0 0 0 0 0 0 0 0 0 
2009 0 0 0 0 0 0 0 0 0 0 0 0 0 0 0 0 0 0 0 0 0 0 0 0 0 0 0 0 0 0 0 0 0 0 0 0 0 0 0 0 
2010 0 0 0 0 0 0 0 0 0 0 0 0 0 0 0 0 0 0 0 0 0 0 0 0 0 0 0 0 0 0 0 0 0 0 0 0 0 0 0 0 
2011 0 0 0 0 0 0 0 0 0 0 0 0 0 0 0 0 0 0 0 0 0 0 0 0 0 0 0 0 0 0 0 0 0 0 0 0 0 0 0 0 
2012 0 0 0 0 0 0 0 0 0 0 0 0 0 0 0 0 0 0 0 0 0 0 0 0 0 0 0 0 0 0 0 0 0 0 0 0 0 0 0 0 
2013 0 0 0 0 0 0 0 0 0 0 0 0 0 0 0 0 0 0 0 0 0 0 0 0 0 0 0 0 0 0 0 0 0 0 0 0 0 0 0 0 
end_table

