@observation EN_age_sample_sim
age_samples_per_cluster 10 
ageing_error age_error 
average_cluster_weight 6 
cluster_cv 0.6 
cluster_sigma 1.1 
fishery_label Fishing_LL 
layer_of_stratum_definitions area_definition 
max_age 20 
min_age 0 
process_label fishing 
strata_to_include EN 
type mortality_event_biomass_age_clusters 
years 1990 1991 1992 1993 1994 1995 1996 1997 1998 1999 2000 2001 2002 2003 2004 2005 2006 2007 2008 2009 2010 2011 2012 2013 
table obs
1990 0 0.00378652 0.0182959 0.0439229 0.12349 0.107014 0.0983108 0.0872167 0.0822014 0.0733271 0.0470396 0.0659734 0.0401349 0.0223527 0.0160186 0.0177718 0.0370765 0.019166 0.0145826 0.00967062 0.0726473 
1991 0 0.00537726 0.0179474 0.0352552 0.0934185 0.129852 0.0902023 0.10039 0.0522567 0.0482306 0.0500144 0.0168006 0.0245268 0.0219866 0.0474905 0.0309234 0.0252173 0.043292 0.0209109 0.0210274 0.12488 
1992 0 0.0287585 0.0598732 0.0469579 0.0827194 0.103908 0.0704359 0.0678735 0.0538203 0.066414 0.0498596 0.0791803 0.0291495 0.0247714 0.0137322 0.00839106 0.0305698 0.0169298 0.0165908 0.0185503 0.131515 
1993 0 0 0 0.245962 0.107399 0.0999205 0.0726494 0.0664079 0.0592014 0.0492322 0.040724 0.0359074 0.0150721 0.0218409 0.0169517 0.00993804 0.0105806 0.0111512 0.0105543 0.0151544 0.111354 
1994 0 0.00391911 0.0324342 0.0112173 0.218346 0.0796619 0.117827 0.104293 0.0876114 0.0590288 0.0258789 0.0163618 0.0158794 0.0087898 0.0230514 0.011444 0.0126754 0.00871263 0.0219241 0.0366328 0.104311 
1995 0 0.0007614 0.00952175 0.023745 0.025 0.284118 0.0449959 0.0642274 0.0649472 0.0913845 0.0678825 0.0617083 0.0561718 0.0334564 0.029628 0.0302937 0.00884569 0.011894 0.0078978 0.00392542 0.0795953 
1996 0 0.0024251 0.0453578 0.0817123 0.116634 0.0452151 0.271209 0.0511859 0.0485008 0.039287 0.022428 0.0371158 0.0432264 0.0355763 0.009984 0.0176519 0.0168141 0.00787206 0.0185385 0.0306292 0.0586364 
1997 0 0.0214465 0.0252429 0.123926 0.100047 0.150542 0.024548 0.200227 0.03519 0.0426818 0.0307198 0.0326663 0.0446331 0.0183057 0.0231668 0.0285778 0.00923944 0.0133903 0.00127733 0.00127733 0.0728954 
1998 0 0.0126313 0.0463669 0.0318976 0.132185 0.0786557 0.0669105 0.0225894 0.216987 0.0406705 0.0360321 0.0451347 0.0257639 0.021614 0.0131899 0.0143223 0.0249723 0.0229289 0.00983228 0.0124945 0.124821 
1999 0 0 0.0232291 0.173889 0.0544823 0.12257 0.0783738 0.126358 0.0238887 0.170373 0.0338094 0.0171607 0.0315994 0.0353378 0.0149725 0 0.00592739 0.00535317 0.00666977 0.0129779 0.0630283 
2000 0 0.0170158 0.0470335 0.179133 0.202741 0.0417127 0.078829 0.0499581 0.0394431 0.00855394 0.12505 0.012959 0.0193539 0.0120975 0.0184007 0.0229709 0.00712702 0.00712702 0.0129595 0.0037027 0.0938328 
2001 0 0.0142428 0.0959371 0.126437 0.166108 0.18683 0.027845 0.0902691 0.057481 0.0486407 0.0114255 0.0277091 0.0145165 0.0168834 0.00722376 0.0182139 0.0243436 0.0221555 0.00742674 0.00318582 0.0331255 
2002 0 0.00599728 0.0108595 0.12682 0.151703 0.216787 0.194978 0.0204189 0.0273526 0.0304475 0.0287727 0.0145032 0.0540977 0.0222127 0.0167537 0.0104254 0.00896581 0.003097 0.00735893 0.00232186 0.0461271 
2003 0 0.00159522 0.0393774 0.0327308 0.199918 0.144793 0.202767 0.19632 0.0209493 0.0313478 0.0341306 0.00950777 0.000665539 0.02707 0.0129518 0.0125706 0.0172376 0.00965952 0.00183091 0.000915456 0.00366183 
2004 0 0.020589 0.0135436 0.0699875 0.0628502 0.162319 0.146553 0.119679 0.0631885 0.0112886 0.0424159 0.043579 0.0432035 0.0269178 0.0847713 0.0103305 0.0158717 0.0174834 0.00933239 0.00957116 0.0265242 
2005 0 0.01043 0.126006 0.099024 0.119502 0.0593322 0.161697 0.0595556 0.072779 0.0721383 0.00864058 0.0544468 0.0183764 0.009387 0.00309683 0.0319469 0.00309683 0.00634393 0.0102153 0.00672735 0.0672587 
2006 0 0 0 0.187406 0.132136 0.161671 0.0401866 0.0945206 0.076565 0.0726132 0.0673968 0.0180495 0.0145079 0.00593806 0.0134607 0.00495006 0.0611283 0.00993988 0.0033987 0 0.0361313 
2007 0 0.000558964 0.000279482 0.000730563 0.0289862 0.0113329 0.245682 0.00458458 0.00943821 0.00455158 0.00487062 0.00198306 0.000101089 0.000174472 0.000385145 0.00119189 0.000164995 0.00239335 0 0 0.682591 
2008 0 0.00303032 0.0302669 0.0248656 0.0506003 0.311697 0.117051 0.100074 0.0384358 0.0583755 0.0392846 0.0463442 0.0716143 0.0187909 0.0295031 0.0204545 0.0113722 0.00112261 0.00435016 0.00302277 0.0197436 
2009 0 0.0234639 0.0356132 0.020659 0.0369913 0.0249354 0.173407 0.0971977 0.127819 0.0409143 0.110251 0.0993529 0.0404853 0.0394074 0.01328 0.0173031 0.0036546 0.0093136 0.00252987 0.0312791 0.052143 
2010 0 0 0.0476929 0.09836 0.0805595 0.0221291 0.0404305 0.37272 0.0683833 0.0875731 0.00963507 0.0202549 0.00530619 0.00823997 0.0256884 0.00218886 0.0177714 0.00489872 0.0105286 0.00310028 0.0745388 
2011 0 0.0201344 0.0247408 0.100125 0.0880544 0.127157 0.0173984 0.0157701 0.146348 0.0323604 0.0438113 0.0154811 0.0947742 0.0571048 0.0620585 0.0606551 0.0143686 0.00732657 0 0 0.0723312 
2012 0 0.0410971 0.031623 0.0144554 0.0824991 0.0720737 0.0545915 0.0122557 0.0391576 0.181444 0.0624814 0.06354 0.0211759 0.0599596 0.0628528 0.0421315 0.0275443 0.00321786 0.00457471 0.018811 0.104513 
2013 0 0.00133472 0.120204 0.128264 0.0353276 0.15457 0.0679106 0.0873899 0.00702593 0.0116095 0.0775705 0.0466516 0.0774521 0.0246378 0.0495016 0.0297641 0.020471 0.00917493 0.000814588 0.00980802 0.0405171 
end_table
table error_values
1990 0 0 0 0 0 0 0 0 0 0 0 0 0 0 0 0 0 0 0 0 0 
1991 0 0 0 0 0 0 0 0 0 0 0 0 0 0 0 0 0 0 0 0 0 
1992 0 0 0 0 0 0 0 0 0 0 0 0 0 0 0 0 0 0 0 0 0 
1993 0 0 0 0 0 0 0 0 0 0 0 0 0 0 0 0 0 0 0 0 0 
1994 0 0 0 0 0 0 0 0 0 0 0 0 0 0 0 0 0 0 0 0 0 
1995 0 0 0 0 0 0 0 0 0 0 0 0 0 0 0 0 0 0 0 0 0 
1996 0 0 0 0 0 0 0 0 0 0 0 0 0 0 0 0 0 0 0 0 0 
1997 0 0 0 0 0 0 0 0 0 0 0 0 0 0 0 0 0 0 0 0 0 
1998 0 0 0 0 0 0 0 0 0 0 0 0 0 0 0 0 0 0 0 0 0 
1999 0 0 0 0 0 0 0 0 0 0 0 0 0 0 0 0 0 0 0 0 0 
2000 0 0 0 0 0 0 0 0 0 0 0 0 0 0 0 0 0 0 0 0 0 
2001 0 0 0 0 0 0 0 0 0 0 0 0 0 0 0 0 0 0 0 0 0 
2002 0 0 0 0 0 0 0 0 0 0 0 0 0 0 0 0 0 0 0 0 0 
2003 0 0 0 0 0 0 0 0 0 0 0 0 0 0 0 0 0 0 0 0 0 
2004 0 0 0 0 0 0 0 0 0 0 0 0 0 0 0 0 0 0 0 0 0 
2005 0 0 0 0 0 0 0 0 0 0 0 0 0 0 0 0 0 0 0 0 0 
2006 0 0 0 0 0 0 0 0 0 0 0 0 0 0 0 0 0 0 0 0 0 
2007 0 0 0 0 0 0 0 0 0 0 0 0 0 0 0 0 0 0 0 0 0 
2008 0 0 0 0 0 0 0 0 0 0 0 0 0 0 0 0 0 0 0 0 0 
2009 0 0 0 0 0 0 0 0 0 0 0 0 0 0 0 0 0 0 0 0 0 
2010 0 0 0 0 0 0 0 0 0 0 0 0 0 0 0 0 0 0 0 0 0 
2011 0 0 0 0 0 0 0 0 0 0 0 0 0 0 0 0 0 0 0 0 0 
2012 0 0 0 0 0 0 0 0 0 0 0 0 0 0 0 0 0 0 0 0 0 
2013 0 0 0 0 0 0 0 0 0 0 0 0 0 0 0 0 0 0 0 0 0 
end_table

