@observation EN_age_sample_sim
age_samples_per_cluster 10 
ageing_error age_error 
average_cluster_weight 6 
cluster_cv 0.6 
cluster_sigma 1.1 
fishery_label Fishing_LL 
layer_of_stratum_definitions area_definition 
max_age 20 
min_age 0 
process_label fishing 
strata_to_include EN 
type mortality_event_biomass_age_clusters 
years 1990 1991 1992 1993 1994 1995 1996 1997 1998 1999 2000 2001 2002 2003 2004 2005 2006 2007 2008 2009 2010 2011 2012 2013 
table obs
1990 0 0 0.0189272 0.0788529 0.17849 0.14585 0.0941743 0.0510916 0.0340514 0.0329725 0.0269726 0.0263608 0.0262162 0.0405349 0.0452593 0.0208165 0.0211353 0.0139307 0.0128174 0.0286275 0.102919 
1991 0 0.012265 0.0337415 0.0491849 0.0888849 0.115919 0.099317 0.113976 0.0506258 0.0432835 0.0281924 0.0413341 0.0218618 0.0125562 0.0074759 0.0278454 0.0312271 0.053369 0.0245632 0.0246332 0.119744 
1992 0 0.00262032 0.141598 0.0685361 0.0925058 0.107741 0.065186 0.0588273 0.0487753 0.0380392 0.0704642 0.0391794 0.0255727 0.0401378 0.0379934 0.0442538 0.0485903 0.0159281 0.00866733 0 0.0453841 
1993 0 0.00827321 0.0100865 0.126866 0.0582299 0.0937518 0.147801 0.0983791 0.0886126 0.0628156 0.0566708 0.0475837 0.00771412 0.0281928 0.0260914 0.0323621 0.0288878 0.0351287 0.00839203 0.0036378 0.0305223 
1994 0 0.00189166 0.0202912 0.0355078 0.374735 0.064431 0.0592682 0.0581386 0.0596768 0.0554123 0.0377687 0.0523759 0.0130741 0.0109689 0.00576057 0.00670913 0.0073785 0.00940658 0.00177114 0 0.125434 
1995 0 0.0044485 0.0118158 0.0738921 0.0459421 0.302939 0.0798022 0.0388162 0.0485202 0.0642319 0.0733312 0.0443505 0.0351311 0.0297711 0.0318907 0.0224011 0.017984 0.00949755 0.00796407 0.00218293 0.055088 
1996 0 0.0196735 0.0334313 0.0593866 0.140453 0.0309614 0.144379 0.0476144 0.0484032 0.0403431 0.0244909 0.0485918 0.0444018 0.0159725 0.0323229 0.0387276 0.0210964 0.0157906 0.0247937 0.0407752 0.128391 
1997 0 0.0209553 0.0123439 0.0525803 0.0790099 0.104716 0.0199285 0.161657 0.072324 0.0759927 0.0324417 0.0583885 0.0339914 0.0248947 0.0364008 0.0405337 0.0216504 0.0105352 0.0241249 0.0244168 0.0931132 
1998 0 0.00560714 0.0412986 0.0220124 0.191346 0.111469 0.123738 0.0307247 0.107863 0.0461615 0.0255001 0.0135047 0.00859214 0.00988008 0.0156708 0.0376602 0.0208315 0.044212 0.0261136 0.0329991 0.0848148 
1999 0 0.00852665 0.0431845 0.129861 0.0231885 0.074723 0.0421952 0.0781411 0.0288795 0.146768 0.0433595 0.023686 0.0338932 0.0239077 0.0210694 0.0150001 0.0109898 0.00598441 0.0215059 0.0334892 0.191647 
2000 0 0.0293489 0.0486299 0.123333 0.180088 0.0556733 0.0888814 0.0502575 0.0486697 0.0162678 0.099023 0.0570856 0.0395745 0.027748 0.00547406 0.00561878 0.00183952 0.0158407 0.0145108 0.013587 0.0785483 
2001 0 0.010904 0.0435196 0.0730307 0.158307 0.183693 0.0195762 0.0483799 0.0454735 0.0523233 0.0347981 0.154879 0.0256237 0.0159448 0.0145508 0.0264141 0.0169443 0.0138395 0.0083715 0.00537413 0.0480524 
2002 0 0 0.0189869 0.08675 0.120472 0.15536 0.122535 0.0276041 0.0754162 0.0558867 0.0683739 0.0297127 0.121868 0.0113547 0.00215938 0.00461816 0.0106105 0.00768562 0.00223205 0.0127457 0.0656281 
2003 0 0 0.0136635 0.0273575 0.24408 0.122353 0.159901 0.194428 0.00937883 0.0279154 0.0192752 0.0321675 0.00736172 0.0538637 0.0185967 0.0129718 0.0180054 0.0173091 0.00822128 0.0024258 0.0107238 
2004 0 0.0316695 0.038797 0.111142 0.100384 0.233349 0.162656 0.108263 0.0611753 0.00232116 0.0113989 0.00585919 0.00596202 0.00591387 0.0583417 0.0167916 0 0.00551307 0.00779859 0.00727942 0.0253839 
2005 0 0 0.0945109 0.137165 0.131892 0.0554983 0.200888 0.0821002 0.0823925 0.0522119 0.00564109 0.0302116 0.0196226 0.00336577 0 0.0217919 0.0122199 0.0110248 0.0113529 0.0023089 0.045802 
2006 0 0.00765609 0.0132776 0.165679 0.0799663 0.115551 0.0578407 0.127064 0.0785369 0.0994955 0.0657307 0.026556 0.0291207 0.0213182 0.0173585 0.00172164 0.0086412 0.00344328 0.00947216 0.0196305 0.05194 
2007 0 0.000313855 0.000492179 0.000208788 0.0173674 0.00730881 0.0101647 0.00180264 0.00655175 0.00509491 0.00346023 0.00673451 0.000380662 0.00147321 0.00143939 0.0011078 0.000232936 0.00152158 0.000507164 0.000285442 0.933552 
2008 0 0.0168619 0.0355978 0.0111421 0.0468937 0.209787 0.0854848 0.0869301 0.0395826 0.120558 0.062888 0.0783208 0.0456948 0.00625495 0.0126738 0.0206397 0.0269677 0.00574347 0.031051 0 0.0569279 
2009 0 0.012212 0.00927666 0.0680597 0.0137849 0.0282115 0.241207 0.0955969 0.0834123 0.034214 0.120541 0.0711215 0.0399551 0.0360089 0.0169136 0.0144511 0.00260785 0 0 0.0373783 0.0750471 
2010 0 0 0.0341846 0.039235 0.0604224 0.0283923 0.0225298 0.251631 0.0805797 0.104951 0.0183731 0.0950179 0.0491214 0.0251207 0.0281292 0 0.0051378 0.00543827 0.00692605 0 0.144809 
2011 0 0.0191554 0.0265149 0.131434 0.161241 0.119757 0.0135883 0.0148094 0.187858 0.0823351 0.0510199 0.0195486 0.0430234 0.0335523 0.0262515 0.0393927 0.00710465 0.00410146 0.0105797 0 0.00873322 
2012 0 0.0817604 0.0783344 0.0293299 0.177325 0.0996792 0.0709555 0.0175508 0.00656547 0.0639211 0.041268 0.0468705 0.0189611 0.0619652 0.0489944 0.0282716 0.0300338 0.0056731 0.00175554 0.00159962 0.0891858 
2013 0 0.0052055 0.120863 0.104152 0.0473477 0.142904 0.067115 0.0879574 0.0240091 0.0153738 0.121494 0.0227928 0.0379899 0.014589 0.0386311 0.015384 0.0341129 0.0213769 0 0.0183626 0.0603391 
end_table
table error_values
1990 0 0 0 0 0 0 0 0 0 0 0 0 0 0 0 0 0 0 0 0 0 
1991 0 0 0 0 0 0 0 0 0 0 0 0 0 0 0 0 0 0 0 0 0 
1992 0 0 0 0 0 0 0 0 0 0 0 0 0 0 0 0 0 0 0 0 0 
1993 0 0 0 0 0 0 0 0 0 0 0 0 0 0 0 0 0 0 0 0 0 
1994 0 0 0 0 0 0 0 0 0 0 0 0 0 0 0 0 0 0 0 0 0 
1995 0 0 0 0 0 0 0 0 0 0 0 0 0 0 0 0 0 0 0 0 0 
1996 0 0 0 0 0 0 0 0 0 0 0 0 0 0 0 0 0 0 0 0 0 
1997 0 0 0 0 0 0 0 0 0 0 0 0 0 0 0 0 0 0 0 0 0 
1998 0 0 0 0 0 0 0 0 0 0 0 0 0 0 0 0 0 0 0 0 0 
1999 0 0 0 0 0 0 0 0 0 0 0 0 0 0 0 0 0 0 0 0 0 
2000 0 0 0 0 0 0 0 0 0 0 0 0 0 0 0 0 0 0 0 0 0 
2001 0 0 0 0 0 0 0 0 0 0 0 0 0 0 0 0 0 0 0 0 0 
2002 0 0 0 0 0 0 0 0 0 0 0 0 0 0 0 0 0 0 0 0 0 
2003 0 0 0 0 0 0 0 0 0 0 0 0 0 0 0 0 0 0 0 0 0 
2004 0 0 0 0 0 0 0 0 0 0 0 0 0 0 0 0 0 0 0 0 0 
2005 0 0 0 0 0 0 0 0 0 0 0 0 0 0 0 0 0 0 0 0 0 
2006 0 0 0 0 0 0 0 0 0 0 0 0 0 0 0 0 0 0 0 0 0 
2007 0 0 0 0 0 0 0 0 0 0 0 0 0 0 0 0 0 0 0 0 0 
2008 0 0 0 0 0 0 0 0 0 0 0 0 0 0 0 0 0 0 0 0 0 
2009 0 0 0 0 0 0 0 0 0 0 0 0 0 0 0 0 0 0 0 0 0 
2010 0 0 0 0 0 0 0 0 0 0 0 0 0 0 0 0 0 0 0 0 0 
2011 0 0 0 0 0 0 0 0 0 0 0 0 0 0 0 0 0 0 0 0 0 
2012 0 0 0 0 0 0 0 0 0 0 0 0 0 0 0 0 0 0 0 0 0 
2013 0 0 0 0 0 0 0 0 0 0 0 0 0 0 0 0 0 0 0 0 0 
end_table

