@observation EN_age_sample_sim
age_samples_per_cluster 10 
ageing_error age_error 
average_cluster_weight 6 
cluster_cv 0.6 
cluster_sigma 1.1 
fishery_label Fishing_LL 
layer_of_stratum_definitions area_definition 
process_label fishing 
strata_to_include EN 
type mortality_event_biomass_age_clusters 
years 1990 1991 1992 1993 1994 1995 1996 1997 1998 1999 2000 2001 2002 2003 2004 2005 2006 2007 2008 2009 2010 2011 2012 2013 
table obs
1990 0.0240661 0.0558001 0.270011 0.32621 0.164143 0.0588425 0.0580235 0.0429033 0 0 0 0 0 0 0 0 0 0 0 0 0 0 0 0 0 0 0 0 0 0 
1991 0.0852247 0.054975 0.115474 0.0993518 0.0991207 0.0565084 0.0795342 0.142855 0.0780001 0.0308932 0 0 0 0 0 0 0 0 0 0 0 0 0 0 0 0 0 0 0 0.158063 
1992 0 0.0184535 0.317468 0.164654 0.213699 0.122465 0.0636082 0.0557255 0.00878537 0.00878537 0.0175707 0.00878537 0 0 0 0 0 0 0 0 0 0 0 0 0 0 0 0 0 0 
1993 0 0 0 0.187001 0.0454561 0.148379 0.0265146 0.0512046 0.00944643 0 0.0417722 0.0278481 0.0278481 0.0278481 0 0.0451868 0.135561 0.0451868 0.180747 0 0 0 0 0 0 0 0 0 0 0 
1994 0.071991 0.0102844 0.0102844 0 0.0514636 0.112709 0.0967591 0.0598245 0.216408 0.105605 0 0.011445 0.0124915 0.0374744 0.0656106 0.0281362 0.0469344 0.0625792 0 0 0 0 0 0 0 0 0 0 0 0 
1995 0.121359 0.294206 0.0712538 0.010993 0.0329789 0.060411 0.079573 0.0851466 0.116804 0.0467216 0.0089504 0.0089504 0.0358016 0.0268512 0 0 0 0 0 0 0 0 0 0 0 0 0 0 0 0 
1996 0.0335676 0.013427 0.0460571 0.0652601 0.16315 0.0446571 0.251615 0.153695 0.053411 0.0133528 0 0 0 0 0 0 0 0.0179786 0.0539357 0.0179786 0 0.0359571 0.0179786 0 0.0179786 0 0 0 0 0 
1997 0 0 0.0694133 0.379581 0.123918 0.256013 0.0513878 0 0.0132986 0.0265971 0 0.0664928 0.0132986 0 0 0 0 0 0 0 0 0 0 0 0 0 0 0 0 0 
1998 0.28739 0.137604 0.120502 0.0212745 0.243802 0.0811834 0.0811834 0.0270611 0 0 0 0 0 0 0 0 0 0 0 0 0 0 0 0 0 0 0 0 0 0 
1999 0.144607 0.289091 0.0158916 0.0714481 0.0850522 0.212392 0.0644694 0.0984179 0.0186306 0 0 0 0 0 0 0 0 0 0 0 0 0 0 0 0 0 0 0 0 0 
2000 0.0768888 0.180674 0.635991 0.0333727 0.0238209 0.0333727 0.0158806 0 0 0 0 0 0 0 0 0 0 0 0 0 0 0 0 0 0 0 0 0 0 0 
2001 0.497569 0.277145 0.134953 0.0903331 0 0 0 0 0 0 0 0 0 0 0 0 0 0 0 0 0 0 0 0 0 0 0 0 0 0 
2002 0.0147868 0.406377 0.198361 0.121477 0.233441 0.0255569 0 0 0 0 0 0 0 0 0 0 0 0 0 0 0 0 0 0 0 0 0 0 0 0 
2003 0.309225 0.13711 0.331169 0.0582612 0.0404523 0 0 0 0.0137536 0.110029 0 0 0 0 0 0 0 0 0 0 0 0 0 0 0 0 0 0 0 0 
2004 0.169322 0.147575 0.0578196 0.173966 0.114099 0.0721417 0.196764 0.0683127 0 0 0 0 0 0 0 0 0 0 0 0 0 0 0 0 0 0 0 0 0 0 
2005 0.028314 0.277838 0.349915 0.0542131 0.181534 0.0764158 0.0158851 0 0.0158851 0 0 0 0 0 0 0 0 0 0 0 0 0 0 0 0 0 0 0 0 0 
2006 0.108775 0.123881 0.125387 0.373139 0.187819 0.0809988 0 0 0 0 0 0 0 0 0 0 0 0 0 0 0 0 0 0 0 0 0 0 0 0 
2007 0 0.120055 0.0600275 0.100564 0.0900774 0.0523542 0.10474 0.153516 0.0409536 0.277712 0 0 0 0 0 0 0 0 0 0 0 0 0 0 0 0 0 0 0 0 
2008 0.405322 0 0.0377161 0 0.0924694 0.175141 0 0.124008 0.165344 0 0 0 0 0 0 0 0 0 0 0 0 0 0 0 0 0 0 0 0 0 
2009 0 0.419249 0.146838 0.0211259 0.0211259 0.0422518 0.156945 0.094049 0.0492076 0.0328051 0 0.0164025 0 0 0 0 0 0 0 0 0 0 0 0 0 0 0 0 0 0 
2010 0.0443439 0.011086 0.506267 0.191125 0.090732 0 0.0499585 0.0499585 0 0.0376865 0.0188432 0 0 0 0 0 0 0 0 0 0 0 0 0 0 0 0 0 0 0 
2011 0.355292 0.0415553 0.183586 0.280565 0.0617848 0.0672428 0.00997392 0 0 0 0 0 0 0 0 0 0 0 0 0 0 0 0 0 0 0 0 0 0 0 
2012 0.0185119 0.0896953 0.0370238 0.0890343 0.128843 0.445147 0.180712 0.0110329 0 0 0 0 0 0 0 0 0 0 0 0 0 0 0 0 0 0 0 0 0 0 
2013 0.325925 0.0681841 0.183986 0.142036 0 0.279869 0 0 0 0 0 0 0 0 0 0 0 0 0 0 0 0 0 0 0 0 0 0 0 0 
end_table
table error_values
1990 0 0 0 0 0 0 0 0 0 0 0 0 0 0 0 0 0 0 0 0 0 0 0 0 0 0 0 0 0 0 
1991 0 0 0 0 0 0 0 0 0 0 0 0 0 0 0 0 0 0 0 0 0 0 0 0 0 0 0 0 0 0 
1992 0 0 0 0 0 0 0 0 0 0 0 0 0 0 0 0 0 0 0 0 0 0 0 0 0 0 0 0 0 0 
1993 0 0 0 0 0 0 0 0 0 0 0 0 0 0 0 0 0 0 0 0 0 0 0 0 0 0 0 0 0 0 
1994 0 0 0 0 0 0 0 0 0 0 0 0 0 0 0 0 0 0 0 0 0 0 0 0 0 0 0 0 0 0 
1995 0 0 0 0 0 0 0 0 0 0 0 0 0 0 0 0 0 0 0 0 0 0 0 0 0 0 0 0 0 0 
1996 0 0 0 0 0 0 0 0 0 0 0 0 0 0 0 0 0 0 0 0 0 0 0 0 0 0 0 0 0 0 
1997 0 0 0 0 0 0 0 0 0 0 0 0 0 0 0 0 0 0 0 0 0 0 0 0 0 0 0 0 0 0 
1998 0 0 0 0 0 0 0 0 0 0 0 0 0 0 0 0 0 0 0 0 0 0 0 0 0 0 0 0 0 0 
1999 0 0 0 0 0 0 0 0 0 0 0 0 0 0 0 0 0 0 0 0 0 0 0 0 0 0 0 0 0 0 
2000 0 0 0 0 0 0 0 0 0 0 0 0 0 0 0 0 0 0 0 0 0 0 0 0 0 0 0 0 0 0 
2001 0 0 0 0 0 0 0 0 0 0 0 0 0 0 0 0 0 0 0 0 0 0 0 0 0 0 0 0 0 0 
2002 0 0 0 0 0 0 0 0 0 0 0 0 0 0 0 0 0 0 0 0 0 0 0 0 0 0 0 0 0 0 
2003 0 0 0 0 0 0 0 0 0 0 0 0 0 0 0 0 0 0 0 0 0 0 0 0 0 0 0 0 0 0 
2004 0 0 0 0 0 0 0 0 0 0 0 0 0 0 0 0 0 0 0 0 0 0 0 0 0 0 0 0 0 0 
2005 0 0 0 0 0 0 0 0 0 0 0 0 0 0 0 0 0 0 0 0 0 0 0 0 0 0 0 0 0 0 
2006 0 0 0 0 0 0 0 0 0 0 0 0 0 0 0 0 0 0 0 0 0 0 0 0 0 0 0 0 0 0 
2007 0 0 0 0 0 0 0 0 0 0 0 0 0 0 0 0 0 0 0 0 0 0 0 0 0 0 0 0 0 0 
2008 0 0 0 0 0 0 0 0 0 0 0 0 0 0 0 0 0 0 0 0 0 0 0 0 0 0 0 0 0 0 
2009 0 0 0 0 0 0 0 0 0 0 0 0 0 0 0 0 0 0 0 0 0 0 0 0 0 0 0 0 0 0 
2010 0 0 0 0 0 0 0 0 0 0 0 0 0 0 0 0 0 0 0 0 0 0 0 0 0 0 0 0 0 0 
2011 0 0 0 0 0 0 0 0 0 0 0 0 0 0 0 0 0 0 0 0 0 0 0 0 0 0 0 0 0 0 
2012 0 0 0 0 0 0 0 0 0 0 0 0 0 0 0 0 0 0 0 0 0 0 0 0 0 0 0 0 0 0 
2013 0 0 0 0 0 0 0 0 0 0 0 0 0 0 0 0 0 0 0 0 0 0 0 0 0 0 0 0 0 0 
end_table

