@observation EN_age_sample_sim
age_samples_per_cluster 10 
ageing_error age_error 
average_cluster_weight 6 
cluster_cv 0.6 
cluster_sigma 1.1 
fishery_label Fishing_LL 
layer_of_stratum_definitions area_definition 
process_label fishing 
strata_to_include EN 
type mortality_event_biomass_age_clusters 
years 1990 1991 1992 1993 1994 1995 1996 1997 1998 1999 2000 2001 2002 2003 2004 2005 2006 2007 2008 2009 2010 2011 2012 2013 
table obs
1990 0.229102 0.192389 0.147547 0.032542 0.0569779 0 0.109379 0.0503648 0.0993344 0.0239758 0.0097313 0.0486565 0 0 0 0 0 0 0 0 0 0 0 0 0 0 0 0 0 0 
1991 0.0363116 0.100384 0.229516 0.0603284 0.0720692 0.159891 0.0491064 0.183325 0 0.0155813 0.046744 0.0311627 0.0155813 0 0 0 0 0 0 0 0 0 0 0 0 0 0 0 0 0 
1992 0.0267849 0.0288064 0.499826 0.00757848 0.135199 0.108344 0.0747071 0.0410698 0.0258945 0.017263 0.034526 0 0 0 0 0 0 0 0 0 0 0 0 0 0 0 0 0 0 0 
1993 0.038691 0.146573 0.114512 0.196749 0.193057 0.00894154 0 0 0 0 0 0 0 0.0669948 0 0.100492 0.13399 0 0 0 0 0 0 0 0 0 0 0 0 0 
1994 0.0159548 0.104204 0.109969 0.0916457 0.275717 0.0959885 0.0150459 0.0150459 0.0300918 0.0300918 0 0.0110293 0.0772048 0.0110293 0 0 0 0 0 0 0 0 0 0.0389942 0.0389942 0.0389942 0 0 0 0 
1995 0.183569 0.0805783 0.013611 0.0512559 0 0 0 0 0 0.10445 0.251601 0.13372 0.0443058 0 0 0 0 0 0.03362 0.0672401 0 0 0 0 0.00400544 0.00400544 0 0.00400544 0 0.0240326 
1996 0.0588632 0.211003 0.270989 0.0649589 0.0570546 0.0965643 0.184945 0.0383788 0.0172445 0 0 0 0 0 0 0 0 0 0 0 0 0 0 0 0 0 0 0 0 0 
1997 0.0982802 0.0579404 0.245324 0.266533 0.0578185 0.0446112 0.00935175 0.0930194 0.01741 0 0.06964 0 0.0133569 0.00890462 0.0178092 0 0 0 0 0 0 0 0 0 0 0 0 0 0 0 
1998 0.45062 0.234247 0.0496757 0.197959 0 0 0 0 0 0 0 0 0 0 0 0 0 0 0.00749983 0.0224995 0.00749983 0.0299993 0 0 0 0 0 0 0 0 
1999 0.249804 0.395112 0.0857011 0.0411218 0.0703643 0 0 0 0 0 0.0526325 0.0350884 0.0350884 0.0350884 0 0 0 0 0 0 0 0 0 0 0 0 0 0 0 0 
2000 0.409589 0.157941 0.249405 0.147832 0.0234885 0.0117443 0 0 0 0 0 0 0 0 0 0 0 0 0 0 0 0 0 0 0 0 0 0 0 0 
2001 0.289631 0.100548 0.147919 0.356927 0.104976 0 0 0 0 0 0 0 0 0 0 0 0 0 0 0 0 0 0 0 0 0 0 0 0 0 
2002 0.171803 0.273857 0.193255 0.0687324 0.226017 0.0199355 0.0154667 0.0154667 0.0154667 0 0 0 0 0 0 0 0 0 0 0 0 0 0 0 0 0 0 0 0 0 
2003 0.332005 0.00494554 0.183926 0.152013 0.0949833 0.202992 0.029136 0 0 0 0 0 0 0 0 0 0 0 0 0 0 0 0 0 0 0 0 0 0 0 
2004 0.351076 0.3307 0.0535558 0.0823715 0.013255 0.037565 0.131477 0 0 0 0 0 0 0 0 0 0 0 0 0 0 0 0 0 0 0 0 0 0 0 
2005 0.113708 0.338838 0.32216 0.027662 0.189023 0.00860972 0 0 0 0 0 0 0 0 0 0 0 0 0 0 0 0 0 0 0 0 0 0 0 0 
2006 0.293269 0.027119 0.350034 0.175093 0.0527705 0.0638169 0.0258219 0 0.0120761 0 0 0 0 0 0 0 0 0 0 0 0 0 0 0 0 0 0 0 0 0 
2007 0.12573 0.0734722 0.0213996 0 0.128305 0.237123 0.301098 0.112872 0 0 0 0 0 0 0 0 0 0 0 0 0 0 0 0 0 0 0 0 0 0 
2008 0.364801 0.0316313 0.0855083 0.00934674 0.237103 0.211242 0 0.0603672 0 0 0 0 0 0 0 0 0 0 0 0 0 0 0 0 0 0 0 0 0 0 
2009 0 0.404009 0.140426 0.135982 0 0.0419577 0.0850224 0.027763 0.0954323 0.0694074 0 0 0 0 0 0 0 0 0 0 0 0 0 0 0 0 0 0 0 0 
2010 0 0.0341916 0.469952 0.141678 0.0871143 0.0296737 0.118695 0.118695 0 0 0 0 0 0 0 0 0 0 0 0 0 0 0 0 0 0 0 0 0 0 
2011 0.161119 0.206253 0.186684 0.189378 0 0 0.0102158 0.0306475 0.095738 0.0102158 0.0548746 0.0548746 0 0 0 0 0 0 0 0 0 0 0 0 0 0 0 0 0 0 
2012 0.0400869 0.390885 0.190245 0.0516892 0.168448 0.0220035 0.0440069 0 0 0.0720501 0.0102929 0.0102929 0 0 0 0 0 0 0 0 0 0 0 0 0 0 0 0 0 0 
2013 0.0428586 0.0524879 0.296201 0.100588 0 0.156431 0.0704875 0.217232 0.0318574 0 0 0 0.0318574 0 0 0 0 0 0 0 0 0 0 0 0 0 0 0 0 0 
end_table
table error_values
1990 0 0 0 0 0 0 0 0 0 0 0 0 0 0 0 0 0 0 0 0 0 0 0 0 0 0 0 0 0 0 
1991 0 0 0 0 0 0 0 0 0 0 0 0 0 0 0 0 0 0 0 0 0 0 0 0 0 0 0 0 0 0 
1992 0 0 0 0 0 0 0 0 0 0 0 0 0 0 0 0 0 0 0 0 0 0 0 0 0 0 0 0 0 0 
1993 0 0 0 0 0 0 0 0 0 0 0 0 0 0 0 0 0 0 0 0 0 0 0 0 0 0 0 0 0 0 
1994 0 0 0 0 0 0 0 0 0 0 0 0 0 0 0 0 0 0 0 0 0 0 0 0 0 0 0 0 0 0 
1995 0 0 0 0 0 0 0 0 0 0 0 0 0 0 0 0 0 0 0 0 0 0 0 0 0 0 0 0 0 0 
1996 0 0 0 0 0 0 0 0 0 0 0 0 0 0 0 0 0 0 0 0 0 0 0 0 0 0 0 0 0 0 
1997 0 0 0 0 0 0 0 0 0 0 0 0 0 0 0 0 0 0 0 0 0 0 0 0 0 0 0 0 0 0 
1998 0 0 0 0 0 0 0 0 0 0 0 0 0 0 0 0 0 0 0 0 0 0 0 0 0 0 0 0 0 0 
1999 0 0 0 0 0 0 0 0 0 0 0 0 0 0 0 0 0 0 0 0 0 0 0 0 0 0 0 0 0 0 
2000 0 0 0 0 0 0 0 0 0 0 0 0 0 0 0 0 0 0 0 0 0 0 0 0 0 0 0 0 0 0 
2001 0 0 0 0 0 0 0 0 0 0 0 0 0 0 0 0 0 0 0 0 0 0 0 0 0 0 0 0 0 0 
2002 0 0 0 0 0 0 0 0 0 0 0 0 0 0 0 0 0 0 0 0 0 0 0 0 0 0 0 0 0 0 
2003 0 0 0 0 0 0 0 0 0 0 0 0 0 0 0 0 0 0 0 0 0 0 0 0 0 0 0 0 0 0 
2004 0 0 0 0 0 0 0 0 0 0 0 0 0 0 0 0 0 0 0 0 0 0 0 0 0 0 0 0 0 0 
2005 0 0 0 0 0 0 0 0 0 0 0 0 0 0 0 0 0 0 0 0 0 0 0 0 0 0 0 0 0 0 
2006 0 0 0 0 0 0 0 0 0 0 0 0 0 0 0 0 0 0 0 0 0 0 0 0 0 0 0 0 0 0 
2007 0 0 0 0 0 0 0 0 0 0 0 0 0 0 0 0 0 0 0 0 0 0 0 0 0 0 0 0 0 0 
2008 0 0 0 0 0 0 0 0 0 0 0 0 0 0 0 0 0 0 0 0 0 0 0 0 0 0 0 0 0 0 
2009 0 0 0 0 0 0 0 0 0 0 0 0 0 0 0 0 0 0 0 0 0 0 0 0 0 0 0 0 0 0 
2010 0 0 0 0 0 0 0 0 0 0 0 0 0 0 0 0 0 0 0 0 0 0 0 0 0 0 0 0 0 0 
2011 0 0 0 0 0 0 0 0 0 0 0 0 0 0 0 0 0 0 0 0 0 0 0 0 0 0 0 0 0 0 
2012 0 0 0 0 0 0 0 0 0 0 0 0 0 0 0 0 0 0 0 0 0 0 0 0 0 0 0 0 0 0 
2013 0 0 0 0 0 0 0 0 0 0 0 0 0 0 0 0 0 0 0 0 0 0 0 0 0 0 0 0 0 0 
end_table

