@observation EN_age_sample_sim
age_samples_per_cluster 10 
ageing_error age_error 
average_cluster_weight 6 
cluster_cv 0.6 
cluster_sigma 1.1 
fishery_label Fishing_LL 
layer_of_stratum_definitions area_definition 
max_age 20 
min_age 0 
process_label fishing 
strata_to_include EN 
type mortality_event_biomass_age_clusters 
years 1990 1991 1992 1993 1994 1995 1996 1997 1998 1999 2000 2001 2002 2003 2004 2005 2006 2007 2008 2009 2010 2011 2012 2013 
table obs
1990 0 0.00406831 0.0258799 0.0551553 0.110802 0.121579 0.0652058 0.0641236 0.063395 0.0415693 0.0337951 0.0521509 0.0181715 0.0288915 0.0410654 0.0264045 0.0242572 0.048415 0.0219809 0.0302883 0.122802 
1991 0 0.0178113 0.0247136 0.0726784 0.113187 0.14758 0.0943431 0.0820888 0.0612814 0.0319034 0.0326138 0.00748458 0.0188442 0.0299777 0.0204939 0.0210496 0.024737 0.0220144 0.0264254 0.021361 0.129411 
1992 0 0.0125041 0.0859996 0.0687856 0.102868 0.0933986 0.0636163 0.0514207 0.0326134 0.0360545 0.046219 0.0557914 0.0434726 0.0279046 0.0139994 0.0128815 0.0150978 0.0164609 0.0239126 0.0125522 0.184447 
1993 0 0 0.00480786 0.146251 0.0572529 0.0961858 0.0796057 0.0811823 0.0798172 0.0310169 0.0647394 0.0365329 0.0518439 0.0252647 0.0248031 0.0170808 0.0185923 0.0175387 0.00617942 0.0172867 0.144018 
1994 0 0.0356336 0.0359664 0.0313824 0.279467 0.0857549 0.046905 0.101559 0.10015 0.0721588 0.0570114 0.0259229 0.0335021 0.0112339 0.0289504 0.0220022 0.0110083 0.00314692 0.00540459 0.0027023 0.0101376 
1995 0 0.000916911 0.0103933 0.0507615 0.0750243 0.283462 0.0829062 0.0457441 0.0464078 0.0731072 0.0319355 0.0414918 0.039353 0.0386454 0.0231731 0.00829189 0.0174294 0.0121985 0.00186121 0.0118236 0.105073 
1996 0 0 0.0392615 0.0157921 0.0842291 0.0222975 0.305169 0.0740847 0.0531019 0.0465534 0.0580191 0.0237302 0.0488393 0.0357803 0.0229891 0.0135064 0.0353524 0.00400034 0.0129155 0.0045624 0.0998154 
1997 0 0.0366001 0.00674309 0.100037 0.136249 0.17594 0.0438518 0.185204 0.0353832 0.0473849 0.0318375 0.0224116 0.0211308 0.0197366 0.0144662 0.00849743 0.011816 0.0121144 0.0144132 0.00689619 0.0692867 
1998 0 0.0543639 0.0682108 0.0170343 0.0792848 0.0627791 0.0840166 0.0239034 0.1983 0.0575504 0.0215679 0.0342095 0.0231612 0.0345301 0.0184006 0.0164172 0.0237819 0.0109477 0.00892881 0.00887412 0.153737 
1999 0 0.0130877 0.0763078 0.142995 0.0480155 0.106187 0.0998163 0.09251 0.0219173 0.179998 0.0330111 0.0241894 0.0506092 0.0192417 0.0237431 0.0174498 0.016558 0.00546466 0.00200321 0 0.0268957 
2000 0 0.00918977 0.0670008 0.151806 0.228375 0.0455869 0.0849983 0.0459639 0.0499371 0.0134229 0.0883756 0.00888654 0.0129089 0.0105701 0.0155043 0.00713076 0.00563126 0.0135053 0.0306099 0.0157966 0.0948003 
2001 0 0.00729545 0.0936733 0.110041 0.154706 0.188053 0.0414682 0.0554989 0.05939 0.0659757 0.00801411 0.0447626 0.0345544 0.0275209 0.0240594 0.0219704 0.00642714 0.00390846 0.00848238 0.0106741 0.0335236 
2002 0 0.00362783 0.0133376 0.150409 0.181918 0.161602 0.177101 0.010116 0.052531 0.040819 0.0250762 0.00596443 0.0344176 0.0166239 0.0245253 0.00844875 0.00131058 0.00131058 0.00393174 0.00285201 0.0840767 
2003 0 0.00736211 0.0364224 0.0256636 0.203369 0.124891 0.120238 0.123829 0.0227146 0.0871943 0.0543935 0.0472747 0.0328651 0.0238695 0.0055503 0.00181503 0.00181503 0 0.00181503 0 0.0789178 
2004 0 0.00797227 0.0235815 0.0836592 0.0589826 0.203318 0.0854245 0.0784475 0.0948852 0.0173948 0.054475 0.00746423 0.0365149 0.0104087 0.121875 0.0165423 0.0315281 0.00801387 0.00244939 0.00489878 0.0521648 
2005 0 0.00194649 0.100041 0.0756371 0.182011 0.0266745 0.141064 0.0909771 0.0831517 0.122241 0.0117425 0.0410758 0.0274414 0.023491 0.00368617 0.0180768 0.000751358 0.000723004 0.00144601 0.00144601 0.0463762 
2006 0 0 0 0.180695 0.0850962 0.129919 0.102733 0.138479 0.0606062 0.0549747 0.0334861 0.00754565 0.0344478 0.0167546 0.0194256 0 0.063976 0.0119356 0.00757083 0.002374 0.0499803 
2007 0 0.000626088 0.00114332 0.0027724 0.038208 0.0153458 0.0157774 0.00460096 0.00777453 0.00173981 0.00383671 0.00640675 0.000667539 0.00131141 0.00168117 0.00170717 0.000988811 0.00299921 0.00119505 0.00157062 0.889647 
2008 0 0.0117694 0.0638296 0.023471 0.054482 0.240114 0.157364 0.101711 0.0472559 0.0728781 0.0501462 0.0450331 0.0324922 0.00469285 0.00309036 0.0120941 0.0294673 0.000877459 0.0245588 0.00167954 0.0229924 
2009 0 0.0366842 0.0548073 0.0998268 0.0346972 0.0630482 0.206683 0.0652932 0.0661389 0.0173627 0.053924 0.047766 0.0453842 0.02217 0.00372053 0.0598511 0.00724678 0.000919805 0.0058145 0.0379465 0.0707152 
2010 0 0.00463756 0.105556 0.0911619 0.100095 0.0198264 0.0401271 0.261774 0.0420019 0.0368178 0.00852226 0.0541592 0.0264276 0.0515892 0.0666049 0 0.0163577 0.0130658 0.0180063 0.000837097 0.0424317 
2011 0 0.024686 0.0147255 0.083186 0.0641806 0.0627204 0.0142699 0.0154542 0.221897 0.0743346 0.0864782 0.0408197 0.160448 0.0436686 0.0118007 0.0145241 0.00152534 0 0.00408968 0.000838707 0.0603536 
2012 0 0.0308791 0.0751067 0.0430376 0.182441 0.0948906 0.0519727 0.0315498 0.0330187 0.156642 0.0623677 0.0490821 0.0138983 0.0538993 0.0138611 0.0143497 0.0238282 0.00411517 0.00898004 0.0203348 0.0357451 
2013 0 0.0121645 0.11982 0.133142 0.0693533 0.151105 0.0717834 0.0530802 0.0320047 0.0293693 0.088558 0.046046 0.040347 0.00674753 0.0216909 0.0070385 0.020338 0.0122674 0 0.00806082 0.0770836 
end_table
table error_values
1990 0 0 0 0 0 0 0 0 0 0 0 0 0 0 0 0 0 0 0 0 0 
1991 0 0 0 0 0 0 0 0 0 0 0 0 0 0 0 0 0 0 0 0 0 
1992 0 0 0 0 0 0 0 0 0 0 0 0 0 0 0 0 0 0 0 0 0 
1993 0 0 0 0 0 0 0 0 0 0 0 0 0 0 0 0 0 0 0 0 0 
1994 0 0 0 0 0 0 0 0 0 0 0 0 0 0 0 0 0 0 0 0 0 
1995 0 0 0 0 0 0 0 0 0 0 0 0 0 0 0 0 0 0 0 0 0 
1996 0 0 0 0 0 0 0 0 0 0 0 0 0 0 0 0 0 0 0 0 0 
1997 0 0 0 0 0 0 0 0 0 0 0 0 0 0 0 0 0 0 0 0 0 
1998 0 0 0 0 0 0 0 0 0 0 0 0 0 0 0 0 0 0 0 0 0 
1999 0 0 0 0 0 0 0 0 0 0 0 0 0 0 0 0 0 0 0 0 0 
2000 0 0 0 0 0 0 0 0 0 0 0 0 0 0 0 0 0 0 0 0 0 
2001 0 0 0 0 0 0 0 0 0 0 0 0 0 0 0 0 0 0 0 0 0 
2002 0 0 0 0 0 0 0 0 0 0 0 0 0 0 0 0 0 0 0 0 0 
2003 0 0 0 0 0 0 0 0 0 0 0 0 0 0 0 0 0 0 0 0 0 
2004 0 0 0 0 0 0 0 0 0 0 0 0 0 0 0 0 0 0 0 0 0 
2005 0 0 0 0 0 0 0 0 0 0 0 0 0 0 0 0 0 0 0 0 0 
2006 0 0 0 0 0 0 0 0 0 0 0 0 0 0 0 0 0 0 0 0 0 
2007 0 0 0 0 0 0 0 0 0 0 0 0 0 0 0 0 0 0 0 0 0 
2008 0 0 0 0 0 0 0 0 0 0 0 0 0 0 0 0 0 0 0 0 0 
2009 0 0 0 0 0 0 0 0 0 0 0 0 0 0 0 0 0 0 0 0 0 
2010 0 0 0 0 0 0 0 0 0 0 0 0 0 0 0 0 0 0 0 0 0 
2011 0 0 0 0 0 0 0 0 0 0 0 0 0 0 0 0 0 0 0 0 0 
2012 0 0 0 0 0 0 0 0 0 0 0 0 0 0 0 0 0 0 0 0 0 
2013 0 0 0 0 0 0 0 0 0 0 0 0 0 0 0 0 0 0 0 0 0 
end_table

