@observation EN_age_sample_sim
age_samples_per_cluster 10 
ageing_error age_error 
average_cluster_weight 6 
cluster_cv 0.6 
cluster_sigma 1.1 
fishery_label Fishing_LL 
layer_of_stratum_definitions area_definition 
max_age 20 
min_age 0 
process_label fishing 
strata_to_include EN 
type mortality_event_biomass_age_clusters 
years 1990 1991 1992 1993 1994 1995 1996 1997 1998 1999 2000 2001 2002 2003 2004 2005 2006 2007 2008 2009 2010 2011 2012 2013 
table obs
1990 0 0 0.0258676 0.0360652 0.0743181 0.0811784 0.0996096 0.0504133 0.0525752 0.0646042 0.0489572 0.0329665 0.0687161 0.0487605 0.0237982 0.0326792 0.0042937 0.0111713 0.0106173 0.0119417 0.221467 
1991 0 0.0512501 0.0347562 0.0367845 0.0635032 0.0864935 0.0454272 0.0338379 0.0458346 0.063964 0.0428742 0.0393875 0.0278111 0.0386393 0.0347074 0.0397583 0.0326075 0.0350119 0.0376365 0.0453552 0.16436 
1992 0 0 0.0555494 0.0720261 0.0721546 0.106764 0.0982245 0.0659914 0.0571326 0.0332574 0.0315313 0.035747 0.020874 0.0236584 0.02017 0.00920473 0.00858164 0.0116767 0.031124 0.0338042 0.212528 
1993 0 0.00285504 0.00732985 0.162298 0.0569144 0.0353094 0.0470865 0.0611046 0.0705605 0.0350864 0.0668969 0.0819569 0.055652 0.0581727 0.0538703 0.0371589 0.00677144 0.0127801 0.00190715 0.016817 0.129472 
1994 0 0.0138047 0.0216225 0.0177893 0.399185 0.104679 0.0512889 0.0215573 0.0258673 0.0151468 0.0253033 0.0262002 0.034149 0.0352113 0.0569131 0.0210584 0.00948013 0.00801237 0.00485784 0.0141741 0.0936993 
1995 0 0.0155959 0.0296652 0.0486562 0.0313479 0.242283 0.076971 0.0855651 0.079089 0.0672256 0.0469306 0.0516634 0.0308896 0.0371606 0.0282645 0.0178759 0.0160801 0.0218342 0.00762038 0.00330097 0.0619812 
1996 0 0 0.0579826 0.0653465 0.0871308 0.0262301 0.247025 0.0888756 0.0719028 0.0447043 0.0427329 0.0328441 0.0437373 0.0407029 0.045002 0.0322483 0.023589 0.0116029 0.0109662 0.00260544 0.0247716 
1997 0 0 0.00212972 0.0825258 0.123713 0.122649 0.0382628 0.121791 0.0642364 0.0513068 0.0348748 0.038354 0.0479389 0.0232959 0.0364774 0.023656 0.0285049 0.0186577 0.0176764 0.0104637 0.113486 
1998 0 0.00759928 0.100022 0.0517926 0.109203 0.103132 0.104628 0.0142161 0.126123 0.0580263 0.0612967 0.0270586 0.0303456 0.0204308 0.019199 0.0171666 0.0364208 0.0193915 0.0109984 0.000984576 0.0819653 
1999 0 0.0102535 0.021651 0.086873 0.0439792 0.112925 0.0858148 0.086362 0.011084 0.190919 0.0584009 0.0491158 0.026782 0.0207916 0.0143773 0.0126096 0.00855637 0.0115946 0.0218245 0.0157835 0.110302 
2000 0 0.00249677 0.0154703 0.121317 0.261438 0.0590419 0.148326 0.061255 0.0335196 0.0140821 0.0887398 0.0165257 0.0114806 0.0232713 0.0193135 0.0217621 0.0220607 0.0189306 0 0 0.0609689 
2001 0 0.0134018 0.0807682 0.113686 0.13511 0.16387 0.0401601 0.0969591 0.0622876 0.043165 0.0186693 0.10307 0.0292525 0.0047071 0.0252755 0.0114109 0.017819 0.00998641 0.00620743 0.00220757 0.0219857 
2002 0 0.00943069 0.0183169 0.206842 0.166633 0.175175 0.170416 0.014076 0.016469 0.0404578 0.0377359 0.0243909 0.0702276 0.0176167 0.00616103 0.00212316 0.00359549 0.00179774 0 0 0.0185351 
2003 0 0.0240122 0.0629373 0.0479397 0.226103 0.101477 0.0852509 0.101953 0.00177902 0.0269499 0.0531595 0.0421207 0.00347979 0.0795439 0.0126613 0.0239088 0.0244604 0.00964745 0.0171471 0.00770753 0.0477604 
2004 0 0.033443 0.0469646 0.101571 0.0790525 0.173732 0.128624 0.102055 0.0920332 0.0128922 0.0276915 0.00835562 0.00267643 0 0.0723425 0.0173115 0.0124782 0.00564954 0.0167898 0.00901482 0.0573224 
2005 0 0.0088817 0.0689727 0.0824984 0.0873623 0.0725378 0.179284 0.100801 0.0700936 0.0841553 0.0255303 0.0202991 0.0146405 0.0100524 0 0.0265651 0.0258335 0.00691603 0.007266 0.00519956 0.103111 
2006 0 0 0.00605874 0.171186 0.109253 0.117703 0.0508676 0.0915065 0.0651554 0.0653593 0.0473927 0.00460333 0.00503955 0.0175995 0.00502673 0.00257444 0.0810086 0.004118 0.0317538 0.024378 0.0994154 
2007 0 0.000529879 0.00109533 0.00370323 0.0223778 0.0133217 0.0400462 0.0069429 0.0129667 0.00441543 0.00808235 0.00801029 0.00151931 0.00129848 0.000893201 0.000940053 0 0.00114868 0.000438757 0.000191368 0.872078 
2008 0 0.00605226 0.0128437 0.00951712 0.0135716 0.276409 0.0908515 0.108144 0.0522344 0.136406 0.080533 0.042197 0.045638 0.00954027 0.0162906 0.0268356 0.0445314 0.00566864 0.0138285 0.000698594 0.00820853 
2009 0 0.0235983 0.0491511 0.0999976 0.0204183 0.0256625 0.218695 0.0670072 0.106865 0.0426308 0.0685088 0.0808867 0.0597322 0.0474377 0.00733919 0.0114251 0.00161506 0.00115651 0 0.00477796 0.0630949 
2010 0 0.0123014 0.0626019 0.0769942 0.157349 0.0175007 0.0172075 0.178131 0.0515271 0.117575 0.015384 0.0909758 0.0600616 0.0461861 0.0334835 0.00303473 0.00823372 0.00273109 0.00569003 0.00136554 0.0416663 
2011 0 0.0126918 0.0206602 0.193677 0.0859912 0.0948498 0.0154105 0.0149959 0.177611 0.0443503 0.0624064 0.0132159 0.101181 0.0409369 0.0528249 0.0364085 0.00301972 0.00269161 0 0 0.027078 
2012 0 0.050448 0.0654238 0.017094 0.165543 0.0972996 0.0697309 0.0161897 0.0238174 0.159845 0.0594 0.0290319 0.0111841 0.0376604 0.0269924 0.0273054 0.0495858 0.00675732 0.00926615 0.00919239 0.0682328 
2013 0 0.0415311 0.122866 0.0965948 0.0553185 0.146475 0.045212 0.0457897 0.0198483 0.0262492 0.121093 0.0541323 0.0296032 0.0032 0.0356098 0.00910023 0.0265589 0.0379482 0 0.0076797 0.0751902 
end_table
table error_values
1990 0 0 0 0 0 0 0 0 0 0 0 0 0 0 0 0 0 0 0 0 0 
1991 0 0 0 0 0 0 0 0 0 0 0 0 0 0 0 0 0 0 0 0 0 
1992 0 0 0 0 0 0 0 0 0 0 0 0 0 0 0 0 0 0 0 0 0 
1993 0 0 0 0 0 0 0 0 0 0 0 0 0 0 0 0 0 0 0 0 0 
1994 0 0 0 0 0 0 0 0 0 0 0 0 0 0 0 0 0 0 0 0 0 
1995 0 0 0 0 0 0 0 0 0 0 0 0 0 0 0 0 0 0 0 0 0 
1996 0 0 0 0 0 0 0 0 0 0 0 0 0 0 0 0 0 0 0 0 0 
1997 0 0 0 0 0 0 0 0 0 0 0 0 0 0 0 0 0 0 0 0 0 
1998 0 0 0 0 0 0 0 0 0 0 0 0 0 0 0 0 0 0 0 0 0 
1999 0 0 0 0 0 0 0 0 0 0 0 0 0 0 0 0 0 0 0 0 0 
2000 0 0 0 0 0 0 0 0 0 0 0 0 0 0 0 0 0 0 0 0 0 
2001 0 0 0 0 0 0 0 0 0 0 0 0 0 0 0 0 0 0 0 0 0 
2002 0 0 0 0 0 0 0 0 0 0 0 0 0 0 0 0 0 0 0 0 0 
2003 0 0 0 0 0 0 0 0 0 0 0 0 0 0 0 0 0 0 0 0 0 
2004 0 0 0 0 0 0 0 0 0 0 0 0 0 0 0 0 0 0 0 0 0 
2005 0 0 0 0 0 0 0 0 0 0 0 0 0 0 0 0 0 0 0 0 0 
2006 0 0 0 0 0 0 0 0 0 0 0 0 0 0 0 0 0 0 0 0 0 
2007 0 0 0 0 0 0 0 0 0 0 0 0 0 0 0 0 0 0 0 0 0 
2008 0 0 0 0 0 0 0 0 0 0 0 0 0 0 0 0 0 0 0 0 0 
2009 0 0 0 0 0 0 0 0 0 0 0 0 0 0 0 0 0 0 0 0 0 
2010 0 0 0 0 0 0 0 0 0 0 0 0 0 0 0 0 0 0 0 0 0 
2011 0 0 0 0 0 0 0 0 0 0 0 0 0 0 0 0 0 0 0 0 0 
2012 0 0 0 0 0 0 0 0 0 0 0 0 0 0 0 0 0 0 0 0 0 
2013 0 0 0 0 0 0 0 0 0 0 0 0 0 0 0 0 0 0 0 0 0 
end_table

