@observation EN_age_sample_sim
age_samples_per_cluster 10 
ageing_error age_error 
average_cluster_weight 6 
cluster_cv 0.6 
cluster_sigma 1.1 
fishery_label Fishing_LL 
layer_of_stratum_definitions area_definition 
max_age 20 
min_age 0 
process_label fishing 
strata_to_include EN 
type mortality_event_biomass_age_clusters 
years 1990 1991 1992 1993 1994 1995 1996 1997 1998 1999 2000 2001 2002 2003 2004 2005 2006 2007 2008 2009 2010 2011 2012 2013 
table obs
1990 0 0.00229743 0.0302186 0.0753323 0.082592 0.0931154 0.090747 0.0753091 0.0540596 0.0432746 0.0676619 0.0428097 0.0474695 0.0432022 0.0754463 0.0401117 0.0309444 0.0106408 0.0171736 0.0132628 0.0643311 
1991 0 0.0267741 0.046063 0.0561999 0.0637382 0.0853025 0.0941073 0.0470596 0.0517109 0.0385454 0.0478019 0.0472875 0.0746604 0.0393377 0.0241119 0.0365098 0.0216995 0.0119288 0.0166704 0.0145173 0.155974 
1992 0 0.00430852 0.134499 0.102093 0.107681 0.108888 0.121688 0.0379205 0.0418442 0.0477614 0.035658 0.0291047 0.016817 0.0158007 0.0135688 0.0124652 0.0198746 0.00665686 0.00424808 0.00422183 0.134901 
1993 0 0.00216859 0.000905347 0.203501 0.115799 0.0877634 0.0463224 0.0692893 0.0681053 0.0570547 0.0494186 0.0305453 0.0263434 0.0500306 0.039289 0.0146866 0.0146308 0.0110038 0.00748706 0.0013269 0.104329 
1994 0 0.0185053 0.0130092 0.0163285 0.308523 0.0911994 0.0919612 0.0542889 0.0415189 0.0485673 0.027185 0.0355838 0.0300797 0.0507813 0.0386644 0.0236704 0.0162074 0.00375087 0.0123267 0.0179425 0.0599064 
1995 0 0.00530313 0.0160928 0.0511865 0.0343879 0.246361 0.114217 0.122116 0.0642563 0.0319012 0.038299 0.0499524 0.0398382 0.0242219 0.0169753 0.0263273 0.0197158 0.0191614 0.0273421 0.00622416 0.0461196 
1996 0 0.00985285 0.0380264 0.0802033 0.109187 0.0309314 0.203325 0.0594255 0.0287214 0.0477313 0.0454204 0.0338688 0.0339388 0.0460578 0.0401446 0.00660483 0.0253879 0.000712276 0.00714825 0.00551253 0.147799 
1997 0 0.00567113 0.00189038 0.0587243 0.120074 0.107875 0.0394657 0.284567 0.0858652 0.053976 0.0422734 0.0140859 0.0320941 0.0168038 0.0082237 0.0132968 0.00682762 0.0139429 0.0144704 0.0101131 0.0697588 
1998 0 0.00356608 0.0598223 0.0245992 0.152462 0.088988 0.111812 0.0350015 0.193102 0.0360003 0.0426285 0.0508464 0.0272652 0.0546527 0.0461048 0.0225406 0.00629394 0.00145562 0.0087337 0.00734324 0.0267812 
1999 0 0 0.0639585 0.153166 0.0429094 0.135109 0.0956884 0.0566447 0.0234702 0.179776 0.0436301 0.0402296 0.0278608 0.0254998 0.0169087 0.000965402 0.00225189 0.00225189 0.00707677 0.00579028 0.0768127 
2000 0 0.0350067 0.037477 0.120865 0.28313 0.0402419 0.0959302 0.0450857 0.042003 0.00374307 0.0850736 0.0108949 0.0116131 0.0142382 0.0158871 0.0120229 0.00245448 0.00936043 0.00406659 0 0.130906 
2001 0 0.018258 0.0702074 0.12745 0.141962 0.204039 0.040003 0.0744788 0.0411107 0.0456532 0.00717065 0.0628136 0.0234951 0.016532 0.030184 0.00363633 0.0172789 0.00802468 0.00340903 0.0133026 0.0509912 
2002 0 0.00487267 0.021473 0.212311 0.140372 0.12717 0.150569 0.0202097 0.0399232 0.044774 0.037819 0.00808649 0.0601903 0.0178068 0.019343 0.00665577 0 0.00286597 0.00778811 0.0114698 0.0662999 
2003 0 0.00877678 0.0597154 0.0528934 0.19612 0.0976618 0.124658 0.0937271 0.0130874 0.0540104 0.0331754 0.0341457 0.0136189 0.0713489 0.00750252 0.0255714 0.0160104 0.00682635 0.0103712 0.0199247 0.0608548 
2004 0 0.0483452 0.0407013 0.103628 0.0658953 0.201553 0.108003 0.122516 0.0916564 0.0104987 0.0128587 0.0136551 0.015116 0.0163203 0.0321558 0.0324598 0.00417462 0.00421844 0.00843687 0.0300994 0.0377082 
2005 0 0 0.101529 0.0585554 0.104801 0.0541992 0.149441 0.0848715 0.0622374 0.0660633 0.0135882 0.0544551 0.0742948 0.0404368 0.0120118 0.0639449 0.0115027 0.00678138 0.0096978 0.00176953 0.0298198 
2006 0 0 0.00801096 0.133899 0.0770504 0.0811453 0.035675 0.105248 0.077744 0.138611 0.143216 0.00619076 0.0320701 0.0483871 0.0117547 0.00314208 0.0223014 0.00517119 0 0.0110816 0.0593004 
2007 0 0 0.000255844 0.00158723 0.0836902 0.0347529 0.0727746 0.0186759 0.0187892 0.0144408 0.00683965 0.00936128 0.00241283 0.00872577 0.00947563 0.00959634 0.00106706 0.00668294 0.000355687 0 0.700516 
2008 0 0.0111723 0.0261101 0.0200149 0.0756006 0.318139 0.139282 0.0734537 0.0203533 0.0648116 0.0357999 0.04401 0.0393796 0.00157581 0.0178413 0.0323051 0.00987542 0.0127043 0.0290738 0.0032022 0.0252954 
2009 0 0 0.00380313 0.0640094 0.0333762 0.0377396 0.224408 0.105116 0.119295 0.0476344 0.0796512 0.049407 0.0377163 0.072837 0.0106865 0.0119602 0.0134877 0.0401317 0.0125653 0.0247825 0.0113933 
2010 0 0.00128561 0.0660595 0.0543973 0.0876497 0.0536282 0.0315926 0.257458 0.0802905 0.073648 0.0266227 0.0619936 0.0354112 0.0240726 0.0528728 0 0.0166748 0.0049494 0.0126791 0.00296535 0.0557487 
2011 0 0.0144936 0.0220704 0.111397 0.143909 0.101611 0.0310035 0.0154277 0.136627 0.0538629 0.0354017 0.0139162 0.0887366 0.0525405 0.0397548 0.0330632 0.0153201 0.0169448 0.0258387 0.0198866 0.0281956 
2012 0 0.0136712 0.0545607 0.02698 0.199301 0.132719 0.0861205 0.0235984 0.0347559 0.18513 0.0528003 0.0430211 0.00793919 0.0228843 0.0061553 0.0108969 0.0108969 0.00111619 0.00579812 0.0143342 0.0673219 
2013 0 0.0105814 0.0732612 0.125545 0.0270509 0.130773 0.092677 0.0606728 0.0380294 0.0251569 0.136798 0.0488213 0.0336823 0.0073526 0.0562803 0.0119215 0.0160673 0.0126553 0.00978134 0.03203 0.0508627 
end_table
table error_values
1990 0 0 0 0 0 0 0 0 0 0 0 0 0 0 0 0 0 0 0 0 0 
1991 0 0 0 0 0 0 0 0 0 0 0 0 0 0 0 0 0 0 0 0 0 
1992 0 0 0 0 0 0 0 0 0 0 0 0 0 0 0 0 0 0 0 0 0 
1993 0 0 0 0 0 0 0 0 0 0 0 0 0 0 0 0 0 0 0 0 0 
1994 0 0 0 0 0 0 0 0 0 0 0 0 0 0 0 0 0 0 0 0 0 
1995 0 0 0 0 0 0 0 0 0 0 0 0 0 0 0 0 0 0 0 0 0 
1996 0 0 0 0 0 0 0 0 0 0 0 0 0 0 0 0 0 0 0 0 0 
1997 0 0 0 0 0 0 0 0 0 0 0 0 0 0 0 0 0 0 0 0 0 
1998 0 0 0 0 0 0 0 0 0 0 0 0 0 0 0 0 0 0 0 0 0 
1999 0 0 0 0 0 0 0 0 0 0 0 0 0 0 0 0 0 0 0 0 0 
2000 0 0 0 0 0 0 0 0 0 0 0 0 0 0 0 0 0 0 0 0 0 
2001 0 0 0 0 0 0 0 0 0 0 0 0 0 0 0 0 0 0 0 0 0 
2002 0 0 0 0 0 0 0 0 0 0 0 0 0 0 0 0 0 0 0 0 0 
2003 0 0 0 0 0 0 0 0 0 0 0 0 0 0 0 0 0 0 0 0 0 
2004 0 0 0 0 0 0 0 0 0 0 0 0 0 0 0 0 0 0 0 0 0 
2005 0 0 0 0 0 0 0 0 0 0 0 0 0 0 0 0 0 0 0 0 0 
2006 0 0 0 0 0 0 0 0 0 0 0 0 0 0 0 0 0 0 0 0 0 
2007 0 0 0 0 0 0 0 0 0 0 0 0 0 0 0 0 0 0 0 0 0 
2008 0 0 0 0 0 0 0 0 0 0 0 0 0 0 0 0 0 0 0 0 0 
2009 0 0 0 0 0 0 0 0 0 0 0 0 0 0 0 0 0 0 0 0 0 
2010 0 0 0 0 0 0 0 0 0 0 0 0 0 0 0 0 0 0 0 0 0 
2011 0 0 0 0 0 0 0 0 0 0 0 0 0 0 0 0 0 0 0 0 0 
2012 0 0 0 0 0 0 0 0 0 0 0 0 0 0 0 0 0 0 0 0 0 
2013 0 0 0 0 0 0 0 0 0 0 0 0 0 0 0 0 0 0 0 0 0 
end_table

