@observation EN_age_sample_sim
age_samples_per_cluster 10 
ageing_error age_error 
average_cluster_weight 6 
cluster_cv 0.6 
cluster_sigma 1.1 
fishery_label Fishing_LL 
layer_of_stratum_definitions area_definition 
max_age 20 
min_age 0 
process_label fishing 
strata_to_include EN 
type mortality_event_biomass_age_clusters 
years 1990 1991 1992 1993 1994 1995 1996 1997 1998 1999 2000 2001 2002 2003 2004 2005 2006 2007 2008 2009 2010 2011 2012 2013 
table obs
1990 0 0.00327292 0.0165799 0.0295281 0.073165 0.105475 0.0991937 0.0680174 0.0781178 0.0513902 0.0356411 0.0421137 0.0573973 0.0544551 0.0696283 0.0391033 0.0140651 0.0198125 0.0092324 0.00453758 0.129274 
1991 0 0.0313527 0.0245169 0.0458811 0.0703374 0.0913363 0.0993169 0.0512227 0.0796787 0.0550179 0.039056 0.034148 0.0409672 0.0408039 0.0435046 0.0272797 0.0209441 0.0231763 0.0233577 0.0263346 0.131767 
1992 0 0.0304279 0.0845829 0.0382611 0.0725496 0.0944292 0.0908095 0.04616 0.0966566 0.0653795 0.0235607 0.023119 0.019687 0.0437931 0.035712 0.0313052 0.016569 0.0172622 0.0276997 0.0136081 0.128428 
1993 0 0.00392131 0.0282271 0.229799 0.0979596 0.0602092 0.0562647 0.0471895 0.0565955 0.0391291 0.0306885 0.0288412 0.0211244 0.0160331 0.018572 0.0291529 0.0224517 0.0351376 0.0523073 0.0277692 0.0986274 
1994 0 0.00503232 0.0556366 0.0279494 0.29317 0.070912 0.0488636 0.0475291 0.0597763 0.0622128 0.0466477 0.0233463 0.0296069 0.0156229 0.0195472 0.0133859 0.0460531 0.0166885 0.0159372 0.0203284 0.0817534 
1995 0 0.00101303 0.0166593 0.0263601 0.0449311 0.273645 0.0942177 0.094105 0.0910422 0.0418357 0.0626514 0.0580579 0.0269824 0.0156678 0.0151642 0.0253307 0.0138933 0.00313305 0.0017667 0.00958068 0.0839628 
1996 0 0.00244224 0.0476341 0.0538824 0.186324 0.0463552 0.19914 0.0221139 0.0438476 0.0456171 0.0415685 0.0422579 0.0292431 0.0516746 0.028171 0.00371786 0.00575078 0.0160832 0.0286869 0.0124362 0.0930531 
1997 0 0.00205587 0.0078506 0.104268 0.136536 0.084614 0.0295909 0.271618 0.0757269 0.0553008 0.0455739 0.0327553 0.0171721 0.0260967 0.0143992 0.0087578 0.00352952 0.00923182 0.00418606 0.00241417 0.0683231 
1998 0 0 0.0202415 0.0211107 0.165734 0.0920499 0.0899397 0.0246871 0.184679 0.0484026 0.0367615 0.0591287 0.0369697 0.0519896 0.0400102 0.0322441 0.0209277 0.0085282 0.000914382 0.0014113 0.0642696 
1999 0 0.0189294 0.0555289 0.0984421 0.0462006 0.132012 0.0848935 0.0808915 0.0160466 0.133678 0.0300825 0.034514 0.0266006 0.014749 0.0047298 0.0167341 0.0205251 0.0224581 0.0301213 0.0137777 0.119085 
2000 0 0.00463711 0.0215961 0.0640825 0.229819 0.0333572 0.127762 0.0541317 0.0655027 0.0266759 0.110845 0.0301213 0.0293759 0.0173758 0.0325004 0.0378882 0.00753861 0.0129531 0.0101862 0.0126628 0.0709884 
2001 0 0.00549626 0.0618701 0.10774 0.176505 0.199224 0.0317478 0.101722 0.0723582 0.0471004 0.0127995 0.0323686 0.0226666 0.00343207 0.0153326 0.0124034 0.00761531 0.00964923 0.0121728 0.00844719 0.0593488 
2002 0 0.00509495 0.0291704 0.104234 0.145341 0.111435 0.19485 0.0207574 0.0796145 0.0496112 0.0435165 0.0219952 0.0962631 0.0183867 0.00395741 0.0135518 0.00388847 0.00533218 0.00634966 0.00857935 0.0380712 
2003 0 0.00441904 0.0470124 0.0566711 0.226456 0.170611 0.141759 0.146676 0.0137898 0.0344814 0.0185697 0.0417842 0.0016236 0.0408673 0.00484465 0 0.000803625 0.00404143 0.00524687 0.00222162 0.0381203 
2004 0 0.0384165 0.0327021 0.0902225 0.111788 0.132382 0.0821254 0.121565 0.079293 0.00555761 0.0563082 0.0257777 0.0411932 0.00742091 0.0148247 0.0115519 0.00510183 0.00884093 0.0142816 0.0244849 0.0961622 
2005 0 0.00124604 0.0515015 0.0721023 0.106089 0.0826117 0.163031 0.0959207 0.0639601 0.0603157 0.000946662 0.00499567 0.0282266 0.0247036 0.00600857 0.0223831 0.0111457 0.013687 0.0316444 0.0378812 0.121599 
2006 0 0 0.0122923 0.17399 0.186311 0.16488 0.0622998 0.0874413 0.0621425 0.05186 0.0610652 0.00736741 0.0104601 0.00984838 0.00845814 0.00624004 0.0455196 0.00636126 0.00488123 0.00591614 0.0326649 
2007 0 0.0074479 0.00446874 0.00198661 0.0648101 0.0412713 0.039895 0.0102233 0.0239898 0.0154192 0.0146 0.0212597 0.00422072 0.00561621 0.00198655 0.0054034 0.000989937 0.0332314 0.000286267 0.0228829 0.680011 
2008 0 0 0.0224536 0.011999 0.0362954 0.327747 0.103583 0.0817376 0.0293685 0.0870836 0.0389081 0.0496052 0.0807679 0 0.0222407 0.0112021 0.0179571 0.00103885 0.0147043 0.00511163 0.058197 
2009 0 0.0277898 0.0437886 0.0251549 0.00644641 0.0210298 0.20912 0.0776173 0.121192 0.0607407 0.115193 0.0880247 0.0658713 0.0580034 0.00528984 0.0178757 0.00549861 0.00725315 0.000819955 0.0149659 0.0283254 
2010 0 0.000875064 0.0455183 0.0726928 0.138162 0.00606491 0.0352832 0.261482 0.0763136 0.0768435 0.0181021 0.0401119 0.023154 0.0385712 0.0599372 0.000948374 0.0143993 0.00375397 0.00916751 0 0.0786188 
2011 0 0.0345592 0.0172405 0.141508 0.0967897 0.0862439 0.00808465 0.0229323 0.19491 0.054274 0.0463282 0.0204913 0.050632 0.0276549 0.0524433 0.0304793 0.00844665 0.0254642 0.0373727 0.00990489 0.0342407 
2012 0 0.065399 0.0492414 0.0159713 0.14245 0.115786 0.0838955 0.0075257 0.0224237 0.17631 0.0533689 0.0452091 0.0243394 0.0544771 0.0194237 0.0271052 0.0157191 0.00149002 0.00954457 0.0089749 0.0613448 
2013 0 0.00951194 0.117585 0.0941938 0.0468046 0.202411 0.082168 0.0798478 0.0074026 0.0324641 0.118717 0.0562491 0.0413625 0.0245284 0.0219672 0.0133683 0.036516 0.0040578 0 0 0.0108452 
end_table
table error_values
1990 0 0 0 0 0 0 0 0 0 0 0 0 0 0 0 0 0 0 0 0 0 
1991 0 0 0 0 0 0 0 0 0 0 0 0 0 0 0 0 0 0 0 0 0 
1992 0 0 0 0 0 0 0 0 0 0 0 0 0 0 0 0 0 0 0 0 0 
1993 0 0 0 0 0 0 0 0 0 0 0 0 0 0 0 0 0 0 0 0 0 
1994 0 0 0 0 0 0 0 0 0 0 0 0 0 0 0 0 0 0 0 0 0 
1995 0 0 0 0 0 0 0 0 0 0 0 0 0 0 0 0 0 0 0 0 0 
1996 0 0 0 0 0 0 0 0 0 0 0 0 0 0 0 0 0 0 0 0 0 
1997 0 0 0 0 0 0 0 0 0 0 0 0 0 0 0 0 0 0 0 0 0 
1998 0 0 0 0 0 0 0 0 0 0 0 0 0 0 0 0 0 0 0 0 0 
1999 0 0 0 0 0 0 0 0 0 0 0 0 0 0 0 0 0 0 0 0 0 
2000 0 0 0 0 0 0 0 0 0 0 0 0 0 0 0 0 0 0 0 0 0 
2001 0 0 0 0 0 0 0 0 0 0 0 0 0 0 0 0 0 0 0 0 0 
2002 0 0 0 0 0 0 0 0 0 0 0 0 0 0 0 0 0 0 0 0 0 
2003 0 0 0 0 0 0 0 0 0 0 0 0 0 0 0 0 0 0 0 0 0 
2004 0 0 0 0 0 0 0 0 0 0 0 0 0 0 0 0 0 0 0 0 0 
2005 0 0 0 0 0 0 0 0 0 0 0 0 0 0 0 0 0 0 0 0 0 
2006 0 0 0 0 0 0 0 0 0 0 0 0 0 0 0 0 0 0 0 0 0 
2007 0 0 0 0 0 0 0 0 0 0 0 0 0 0 0 0 0 0 0 0 0 
2008 0 0 0 0 0 0 0 0 0 0 0 0 0 0 0 0 0 0 0 0 0 
2009 0 0 0 0 0 0 0 0 0 0 0 0 0 0 0 0 0 0 0 0 0 
2010 0 0 0 0 0 0 0 0 0 0 0 0 0 0 0 0 0 0 0 0 0 
2011 0 0 0 0 0 0 0 0 0 0 0 0 0 0 0 0 0 0 0 0 0 
2012 0 0 0 0 0 0 0 0 0 0 0 0 0 0 0 0 0 0 0 0 0 
2013 0 0 0 0 0 0 0 0 0 0 0 0 0 0 0 0 0 0 0 0 0 
end_table

