@observation EN_age_sample_sim
age_samples_per_cluster 10 
ageing_error age_error 
average_cluster_weight 6 
cluster_cv 0.6 
cluster_sigma 1.1 
fishery_label Fishing_LL 
layer_of_stratum_definitions area_definition 
max_age 20 
min_age 0 
process_label fishing 
strata_to_include EN 
type mortality_event_biomass_age_clusters 
years 1990 1991 1992 1993 1994 1995 1996 1997 1998 1999 2000 2001 2002 2003 2004 2005 2006 2007 2008 2009 2010 2011 2012 2013 
table obs
1990 0 0.00586675 0.0307273 0.0489782 0.0778366 0.0565104 0.0579733 0.0586414 0.0796116 0.0706367 0.0389996 0.070698 0.0775264 0.0532115 0.0323038 0.0336539 0.0434934 0.0420989 0.00833852 0.0092184 0.103675 
1991 0 0.00292863 0.0123147 0.0765342 0.117959 0.127713 0.0636603 0.03801 0.0434456 0.0303446 0.0391752 0.0497571 0.0468725 0.0206714 0.021998 0.0271189 0.0216507 0.0161856 0.0162558 0.012606 0.214799 
1992 0 0 0.0950078 0.0603939 0.109113 0.0660337 0.0723837 0.0676751 0.0671518 0.0528125 0.0363804 0.0326441 0.0274317 0.0243199 0.0191764 0.016586 0.0197147 0.0230397 0.0214953 0.0252346 0.163405 
1993 0 0.00121311 0.00798482 0.173842 0.090713 0.089874 0.0522917 0.0401539 0.0430077 0.0577194 0.0495686 0.0556268 0.0467802 0.0204178 0.0172863 0.0282212 0.0267155 0.0147827 0.0196733 0.00322967 0.160898 
1994 0 0.0138155 0.0480226 0.0512336 0.266272 0.0459365 0.0471138 0.0552617 0.0229217 0.024055 0.0158219 0.0402513 0.0593028 0.057411 0.06687 0.0540981 0.0358611 0.0220168 0.0349839 0.00695891 0.0317916 
1995 0 0.00862928 0.0110605 0.0547827 0.0194102 0.36338 0.0721168 0.0920441 0.0572733 0.0419853 0.0317204 0.0360461 0.0256174 0.0291059 0.0204601 0.0484925 0.0256858 0.01237 0.00737576 0.00742515 0.035019 
1996 0 0 0.0151412 0.0454276 0.134986 0.0396342 0.260611 0.0634143 0.0410319 0.0302463 0.0368098 0.0519291 0.0529595 0.0525803 0.0387566 0.0180645 0.0129955 0.00319092 0.00344536 0.00870898 0.0900666 
1997 0 0.0406577 0.0125992 0.0566405 0.107064 0.109677 0.0226107 0.18088 0.0374443 0.0576614 0.0355265 0.0358896 0.0394931 0.0145467 0.0244211 0.015114 0.00144952 0.0158876 0.0182984 0.0195962 0.154543 
1998 0 0.00626983 0.107781 0.0316642 0.128594 0.0953507 0.111237 0.0400554 0.19518 0.019741 0.0345029 0.0285197 0.0235048 0.0231098 0.0115921 0.010297 0.00537062 0.0186269 0.0021378 0.0105513 0.0959132 
1999 0 0.00924722 0.0162968 0.189711 0.0408389 0.097485 0.0763424 0.0868622 0.0328543 0.158808 0.0511837 0.0590731 0.0162458 0.0037435 0.0113804 0.00790192 0.00659387 0 0.0148397 0.0144348 0.106158 
2000 0 0.0273596 0.0416842 0.0932498 0.157093 0.0309553 0.0441574 0.0609956 0.092175 0.012874 0.178301 0.0227667 0.0391345 0.0247652 0.00821083 0.0268058 0.0176629 0.0128397 0.00735979 0.000703869 0.100905 
2001 0 0.00720466 0.0481989 0.0995597 0.152167 0.232889 0.0296975 0.0306615 0.0275981 0.024596 0.0329473 0.151289 0.0366 0.02459 0.00845903 0.0120472 0.00122021 0.00341891 0.00534717 0.00227927 0.0692298 
2002 0 0.0171938 0.0118366 0.108233 0.165648 0.173355 0.119554 0.01139 0.0668386 0.0314092 0.0249677 0.0057462 0.0404261 0.0126448 0.0064948 0.00398018 0.0130397 0.0247058 0.0159061 0.0149623 0.131668 
2003 0 0.015308 0.05614 0.0323766 0.158356 0.100688 0.122779 0.14975 0.0353515 0.0582779 0.0362413 0.0139524 0.0063014 0.0897236 0.00691679 0.0127128 0.00617692 0.0136469 0.00637507 0.00476502 0.074161 
2004 0 0.0489325 0.0740888 0.114479 0.0814251 0.17899 0.100974 0.095908 0.145031 0.00538454 0.0171486 0.013815 0.0163572 0 0.0309432 0.00899782 0.0200281 0.0176939 0.0108477 0.00552973 0.0134249 
2005 0 0 0.0913902 0.0522171 0.137356 0.0436209 0.155511 0.0901868 0.0961587 0.116314 0.0192677 0.0354571 0.0201555 0.0204327 0 0.0235179 0.0114514 0.00815913 0.00188818 0.00592343 0.0709914 
2006 0 0.00472962 0.00481196 0.0945542 0.10921 0.129593 0.110099 0.143677 0.0724983 0.0872068 0.0910889 0.00486661 0.0250934 0.014454 0.00854319 0 0.073463 0.0106517 0.000612665 0.00196509 0.0128812 
2007 0 0 0.00041122 0.00290115 0.0645346 0.0213828 0.506483 0.00680925 0.0281075 0.0166088 0.00774382 0.0130701 0.00101769 0.000699331 0.00266652 0.00780371 0 0.00445043 0.00225082 0.00373001 0.309329 
2008 0 0 0.023516 0.0128398 0.0390433 0.297067 0.17036 0.0953991 0.0284928 0.0720369 0.0473353 0.0468452 0.0498931 0.00119321 0.017561 0.0149421 0.000490712 0.00378776 0.0121394 0.0172009 0.049857 
2009 0 0.0174638 0.0647743 0.0790449 0.0256787 0.0375008 0.322677 0.101393 0.104495 0.0321222 0.0623561 0.0590981 0.0252144 0.0165634 0.00125154 0 0 0.0100123 0 0.0154504 0.0249036 
2010 0 0.0109731 0.0420122 0.0603926 0.133666 0.0396918 0.034173 0.252236 0.0404766 0.051315 0.019875 0.0638314 0.0446559 0.0554922 0.086179 0.00431315 0.0016403 0.00978323 0.0135037 0 0.0357892 
2011 0 0.00954622 0.0132068 0.0883706 0.0509759 0.0510467 0.0190737 0.0265327 0.243996 0.0667448 0.0454953 0.0181918 0.0549926 0.0660628 0.0786082 0.029503 0.00394205 0.0220455 0.012684 0.00141443 0.0975671 
2012 0 0.0255247 0.0469861 0.0245143 0.118561 0.102223 0.046046 0.0102545 0.0414768 0.15127 0.0397654 0.0323702 0.0329708 0.0682433 0.067973 0.0412053 0.0501137 0.00888331 0.0138851 0.0196139 0.0581191 
2013 0 0.00853539 0.167605 0.130301 0.027032 0.0947076 0.0868455 0.119932 0.0211002 0.0492987 0.125073 0.0190377 0.0298397 0.00335401 0.0348785 0.0136802 0.00681421 0.0154409 0.011157 0 0.0353679 
end_table
table error_values
1990 0 0 0 0 0 0 0 0 0 0 0 0 0 0 0 0 0 0 0 0 0 
1991 0 0 0 0 0 0 0 0 0 0 0 0 0 0 0 0 0 0 0 0 0 
1992 0 0 0 0 0 0 0 0 0 0 0 0 0 0 0 0 0 0 0 0 0 
1993 0 0 0 0 0 0 0 0 0 0 0 0 0 0 0 0 0 0 0 0 0 
1994 0 0 0 0 0 0 0 0 0 0 0 0 0 0 0 0 0 0 0 0 0 
1995 0 0 0 0 0 0 0 0 0 0 0 0 0 0 0 0 0 0 0 0 0 
1996 0 0 0 0 0 0 0 0 0 0 0 0 0 0 0 0 0 0 0 0 0 
1997 0 0 0 0 0 0 0 0 0 0 0 0 0 0 0 0 0 0 0 0 0 
1998 0 0 0 0 0 0 0 0 0 0 0 0 0 0 0 0 0 0 0 0 0 
1999 0 0 0 0 0 0 0 0 0 0 0 0 0 0 0 0 0 0 0 0 0 
2000 0 0 0 0 0 0 0 0 0 0 0 0 0 0 0 0 0 0 0 0 0 
2001 0 0 0 0 0 0 0 0 0 0 0 0 0 0 0 0 0 0 0 0 0 
2002 0 0 0 0 0 0 0 0 0 0 0 0 0 0 0 0 0 0 0 0 0 
2003 0 0 0 0 0 0 0 0 0 0 0 0 0 0 0 0 0 0 0 0 0 
2004 0 0 0 0 0 0 0 0 0 0 0 0 0 0 0 0 0 0 0 0 0 
2005 0 0 0 0 0 0 0 0 0 0 0 0 0 0 0 0 0 0 0 0 0 
2006 0 0 0 0 0 0 0 0 0 0 0 0 0 0 0 0 0 0 0 0 0 
2007 0 0 0 0 0 0 0 0 0 0 0 0 0 0 0 0 0 0 0 0 0 
2008 0 0 0 0 0 0 0 0 0 0 0 0 0 0 0 0 0 0 0 0 0 
2009 0 0 0 0 0 0 0 0 0 0 0 0 0 0 0 0 0 0 0 0 0 
2010 0 0 0 0 0 0 0 0 0 0 0 0 0 0 0 0 0 0 0 0 0 
2011 0 0 0 0 0 0 0 0 0 0 0 0 0 0 0 0 0 0 0 0 0 
2012 0 0 0 0 0 0 0 0 0 0 0 0 0 0 0 0 0 0 0 0 0 
2013 0 0 0 0 0 0 0 0 0 0 0 0 0 0 0 0 0 0 0 0 0 
end_table

