@observation EN_age_sample_sim
age_samples_per_cluster 10 
ageing_error age_error 
average_cluster_weight 6 
cluster_cv 0.6 
cluster_sigma 1.1 
fishery_label Fishing_LL 
layer_of_stratum_definitions area_definition 
max_age 20 
min_age 0 
process_label fishing 
strata_to_include EN 
type mortality_event_biomass_age_clusters 
years 1990 1991 1992 1993 1994 1995 1996 1997 1998 1999 2000 2001 2002 2003 2004 2005 2006 2007 2008 2009 2010 2011 2012 2013 
table obs
1990 0 0.00951549 0.0556835 0.0788518 0.137928 0.0784297 0.0808894 0.0522893 0.0813139 0.0583617 0.057878 0.0269138 0.0228563 0.0196007 0.0203706 0.00572512 0.00188222 0.00862315 0.01887 0.0181548 0.165862 
1991 0 0.0446206 0.0373058 0.0200404 0.0626084 0.103432 0.0929744 0.122043 0.066166 0.048845 0.0284611 0.00800373 0.0164153 0.0181887 0.0307435 0.0366857 0.0433883 0.0372655 0.0311897 0.0234607 0.128162 
1992 0 0 0.120911 0.0804002 0.0863122 0.104192 0.0748733 0.0645622 0.0583652 0.048984 0.0539819 0.0461991 0.0549191 0.0134121 0.00945644 0.00158062 0.00316124 0.0118449 0.0238338 0.0169138 0.126097 
1993 0 0.0336658 0.0271296 0.178451 0.104188 0.0520305 0.0483952 0.0535081 0.0473696 0.0517892 0.0435487 0.0153106 0.0262499 0.0351658 0.0344366 0.0284683 0.0192096 0.0118051 0.0141911 0.0184592 0.156628 
1994 0 0.000670233 0.0283278 0.0422162 0.279968 0.0720575 0.0684079 0.051318 0.0542215 0.0493613 0.054032 0.0588822 0.0122476 0.0162095 0.00952785 0.0212636 0.0226575 0.0177255 0.0123359 0.0138958 0.114674 
1995 0 0.00714842 0.00804503 0.0322028 0.0168363 0.257576 0.0982573 0.113629 0.0476334 0.0636853 0.0482026 0.0491033 0.0497787 0.0162731 0.0429346 0.0364096 0.0338228 0.00353662 0.00471118 0.00209821 0.0681162 
1996 0 0.00297538 0.0184533 0.10111 0.183462 0.0519003 0.265539 0.0650023 0.0152783 0.0224392 0.0250056 0.0207697 0.0242287 0.0217797 0.00963163 0.010386 0.00457233 0.00196864 0.01688 0.0432251 0.0953931 
1997 0 0.00293961 0.0180102 0.0956457 0.0916307 0.116236 0.0256432 0.235278 0.0499221 0.0454194 0.0468109 0.0514808 0.0350645 0.0233117 0.0151959 0.0383205 0.0232467 0.0129826 0.0193845 0.00205509 0.0514216 
1998 0 0.0452805 0.0851583 0.0283756 0.14725 0.0997232 0.096543 0.0276022 0.139039 0.02999 0.0464885 0.0452207 0.0425639 0.0447962 0.02709 0.0102289 0.00767152 0 0.00348021 0.00911179 0.0643868 
1999 0 0.00745261 0.0529051 0.110666 0.0387907 0.120596 0.0893931 0.0558756 0.020283 0.108936 0.0646379 0.050155 0.0226694 0.0371687 0.0289454 0.0330827 0.0314461 0.0258121 0.0156993 0.0237271 0.0617583 
2000 0 0.00310941 0.00397685 0.0702727 0.180758 0.0256931 0.118049 0.0458937 0.060226 0.0204048 0.165828 0.0265387 0.0197818 0.0210991 0.0261019 0.0183272 0.0232772 0.0104753 0.0183946 0.0334649 0.108328 
2001 0 0 0.0778457 0.118143 0.109055 0.179982 0.0175492 0.0763654 0.0699487 0.0691751 0.0100359 0.124577 0.0242091 0.026248 0.023493 0.0246545 0.0114353 0.00973991 0 0.00303183 0.0245121 
2002 0 0.00691353 0.0309434 0.128946 0.203203 0.196684 0.153626 0.0150899 0.0421131 0.03146 0.0184412 0.0175829 0.0419155 0.0322516 0.00387074 0.00713567 0.0121946 0.00357475 0 0.00173929 0.0523145 
2003 0 0.0178085 0.0253848 0.0171474 0.168643 0.122697 0.133922 0.166167 0.0236233 0.0394667 0.0370032 0.026802 0.0223299 0.0666132 0.018527 0.00690293 0.0210468 0.00670844 0.0176388 0.0108714 0.0506968 
2004 0 0.036819 0.0369941 0.0572254 0.0783531 0.147564 0.135162 0.164672 0.0881583 0.00531317 0.0366333 0.0335211 0.0361288 0.00764369 0.0507778 0.025524 0.0372121 0 0.000893667 0.00316787 0.0182369 
2005 0 0 0.0187208 0.0580485 0.14973 0.0463958 0.146353 0.0616077 0.0943474 0.0957865 0.0160173 0.0396968 0.0431394 0.0519218 0.00759599 0.0518378 0.00600334 0.0215616 0.00583303 0.003787 0.0816161 
2006 0 0.0206617 0.00438369 0.197281 0.127488 0.145566 0.0829994 0.10709 0.0531872 0.039242 0.0522318 0.0161641 0.0356113 0.0153709 0.0210619 0.0101634 0.0440312 0.006408 0.00696697 0.00139339 0.0126984 
2007 0 0.00140298 0.00154031 0.00770121 0.0529084 0.0204361 0.0256324 0.00924719 0.0188595 0.00919622 0.0104098 0.0062769 0.000589262 0.00126062 8.98716e-005 0.000625754 0.000157136 0.0110914 0.000442724 0.00141393 0.820718 
2008 0 0.0082472 0.0180571 0.0100129 0.056482 0.294015 0.127974 0.0612368 0.0313733 0.0699087 0.0676986 0.067855 0.0745631 0.0101818 0.0249027 0.00378553 0.00991441 0.00381709 0.0124041 0.00282738 0.0447435 
2009 0 0.0182375 0.0422135 0.0713352 0.0393163 0.0420799 0.196274 0.0836034 0.0933535 0.0613236 0.116749 0.0286667 0.0240705 0.0401457 0 0.0177756 0.017073 0.00658077 0.00484569 0.0438546 0.052501 
2010 0 0.0041026 0.0619337 0.0689838 0.0741491 0.0199664 0.0140014 0.284341 0.165304 0.106835 0.0132633 0.0214531 0.0265824 0.0242503 0.0175721 0.00233482 0.00378848 0.00436098 0.00960313 0.00656761 0.0706065 
2011 0 0.01819 0.0148212 0.0936913 0.091392 0.0932373 0.00838532 0.0249168 0.172239 0.0887277 0.0600353 0.0184124 0.0559303 0.0435803 0.0500023 0.0335937 0.00434276 0.030185 0.015437 0.00343444 0.0794463 
2012 0 0.0461282 0.0741628 0.0270301 0.19532 0.0875558 0.0747547 0.00801586 0.0144324 0.165911 0.0787854 0.0608146 0.00994421 0.0244925 0.0103464 0.0183095 0.00335644 0 0.00553073 0.0107185 0.0843905 
2013 0 0.0131117 0.112698 0.159369 0.0307728 0.123951 0.0457144 0.0544478 0.012996 0.0287539 0.155604 0.0478855 0.0150502 0.00341515 0.0171213 0.0177362 0.0169117 0.0522962 0 0.0257659 0.0663993 
end_table
table error_values
1990 0 0 0 0 0 0 0 0 0 0 0 0 0 0 0 0 0 0 0 0 0 
1991 0 0 0 0 0 0 0 0 0 0 0 0 0 0 0 0 0 0 0 0 0 
1992 0 0 0 0 0 0 0 0 0 0 0 0 0 0 0 0 0 0 0 0 0 
1993 0 0 0 0 0 0 0 0 0 0 0 0 0 0 0 0 0 0 0 0 0 
1994 0 0 0 0 0 0 0 0 0 0 0 0 0 0 0 0 0 0 0 0 0 
1995 0 0 0 0 0 0 0 0 0 0 0 0 0 0 0 0 0 0 0 0 0 
1996 0 0 0 0 0 0 0 0 0 0 0 0 0 0 0 0 0 0 0 0 0 
1997 0 0 0 0 0 0 0 0 0 0 0 0 0 0 0 0 0 0 0 0 0 
1998 0 0 0 0 0 0 0 0 0 0 0 0 0 0 0 0 0 0 0 0 0 
1999 0 0 0 0 0 0 0 0 0 0 0 0 0 0 0 0 0 0 0 0 0 
2000 0 0 0 0 0 0 0 0 0 0 0 0 0 0 0 0 0 0 0 0 0 
2001 0 0 0 0 0 0 0 0 0 0 0 0 0 0 0 0 0 0 0 0 0 
2002 0 0 0 0 0 0 0 0 0 0 0 0 0 0 0 0 0 0 0 0 0 
2003 0 0 0 0 0 0 0 0 0 0 0 0 0 0 0 0 0 0 0 0 0 
2004 0 0 0 0 0 0 0 0 0 0 0 0 0 0 0 0 0 0 0 0 0 
2005 0 0 0 0 0 0 0 0 0 0 0 0 0 0 0 0 0 0 0 0 0 
2006 0 0 0 0 0 0 0 0 0 0 0 0 0 0 0 0 0 0 0 0 0 
2007 0 0 0 0 0 0 0 0 0 0 0 0 0 0 0 0 0 0 0 0 0 
2008 0 0 0 0 0 0 0 0 0 0 0 0 0 0 0 0 0 0 0 0 0 
2009 0 0 0 0 0 0 0 0 0 0 0 0 0 0 0 0 0 0 0 0 0 
2010 0 0 0 0 0 0 0 0 0 0 0 0 0 0 0 0 0 0 0 0 0 
2011 0 0 0 0 0 0 0 0 0 0 0 0 0 0 0 0 0 0 0 0 0 
2012 0 0 0 0 0 0 0 0 0 0 0 0 0 0 0 0 0 0 0 0 0 
2013 0 0 0 0 0 0 0 0 0 0 0 0 0 0 0 0 0 0 0 0 0 
end_table

