@observation EN_age_sample_sim
age_samples_per_cluster 10 
ageing_error age_error 
average_cluster_weight 6 
cluster_cv 0.6 
cluster_sigma 1.1 
fishery_label Fishing_LL 
layer_of_stratum_definitions area_definition 
max_age 20 
min_age 0 
process_label fishing 
strata_to_include EN 
type mortality_event_biomass_age_clusters 
years 1990 1991 1992 1993 1994 1995 1996 1997 1998 1999 2000 2001 2002 2003 2004 2005 2006 2007 2008 2009 2010 2011 2012 2013 
table obs
1990 0 0.0168191 0.0458063 0.0709465 0.122301 0.0810591 0.132797 0.0986941 0.0596616 0.078116 0.0427734 0.0290227 0.0351125 0.0226775 0.0146166 0.024253 0.0126183 0.0100433 0.0151168 0.0120158 0.0755496 
1991 0 0.0595589 0.0146411 0.0639781 0.0990574 0.067856 0.123596 0.0551654 0.0399751 0.0434362 0.055275 0.0512188 0.0211007 0.0239254 0.0315714 0.0506283 0.00517244 0.0190334 0.0127306 0.0181317 0.143948 
1992 0 0.00212964 0.0770999 0.085642 0.100178 0.122196 0.0729211 0.0610551 0.0729085 0.0413433 0.0282067 0.0144188 0.0189069 0.0192982 0.0186088 0.0172681 0.0199852 0.0312726 0.0370265 0.0260997 0.133435 
1993 0 0.00326027 0.0168978 0.289897 0.0620256 0.0622564 0.06454 0.0446058 0.0404045 0.0603408 0.032519 0.0461701 0.0365628 0.0199992 0.00933388 0.0196217 0.0249051 0.0358724 0.0243612 0.00484246 0.101584 
1994 0 0.0144929 0.0290444 0.0416898 0.209924 0.070301 0.0966872 0.105927 0.0572403 0.0512555 0.0317423 0.027994 0.0228252 0.021294 0.0337527 0.0233855 0.0259808 0.0248187 0.0116919 0.0145222 0.0854303 
1995 0 0 0.0506796 0.0909587 0.0330297 0.336151 0.0597306 0.0853431 0.0716234 0.0560843 0.0392682 0.0175876 0.012801 0.0180769 0.00725695 0.0122902 0.0107106 0.00630549 0.00124603 0.00308764 0.0877689 
1996 0 0.00326393 0.0182435 0.0625438 0.116618 0.036161 0.280556 0.0640197 0.0426993 0.0592876 0.0418958 0.0485581 0.0446844 0.0525198 0.0254394 0.0116556 0.0175149 0.00537828 0.00696411 0.00969373 0.0523031 
1997 0 0.0247291 0.0176068 0.055415 0.119867 0.0745173 0.0310594 0.174649 0.0692595 0.0635584 0.0605523 0.0405213 0.0406545 0.0237689 0.0171948 0.0228274 0.0398889 0.011154 0.0270611 0.0209666 0.0647487 
1998 0 0.00588688 0.0311041 0.0149936 0.121941 0.109556 0.119925 0.0520934 0.274855 0.047358 0.0273973 0.00665109 0.0177592 0.00751547 0.0417959 0.0381316 0.00929032 0.0133933 0.00798498 0.00658988 0.0457787 
1999 0 0.0183994 0.0524655 0.157674 0.0464079 0.126656 0.0993538 0.0930546 0.0224985 0.0931397 0.0351591 0.0433392 0.0149073 0.0232765 0.0221341 0.0208875 0.0252528 0.0114001 0.0215147 0.00132018 0.0711589 
2000 0 0.0111035 0.053149 0.159792 0.259531 0.0288123 0.089625 0.0478476 0.0232313 0.00647557 0.0763884 0.0119652 0.0168537 0.0152349 0.00694331 0.0290859 0.0249616 0.031063 0.0208429 0.00371844 0.0833753 
2001 0 0.00233835 0.0288308 0.083045 0.145296 0.194403 0.00935368 0.0868736 0.0326412 0.0526286 0.0165309 0.0841602 0.0115643 0.00527376 0.0232202 0.00478694 0.0217862 0.0120113 0.006426 0.00342873 0.175401 
2002 0 0.0153375 0.0262578 0.140031 0.132522 0.136527 0.133613 0.0152118 0.0496616 0.0334561 0.0391334 0.0164629 0.139292 0.020882 0.0386509 0.0161366 0.00169133 0.00721337 0.00812403 0.00361214 0.0261825 
2003 0 0.00687 0.0160064 0.0379663 0.150101 0.135238 0.186563 0.169829 0.0216193 0.0349801 0.0205164 0.0191813 0.00301433 0.0362199 0.0225917 0.0175434 0.0329964 0.0401848 0.0309917 0.00831831 0.00926839 
2004 0 0.0196557 0.0325933 0.111372 0.0673512 0.146262 0.103764 0.134056 0.126178 0.019202 0.0145121 0.0110786 0.0198837 0.00559397 0.0846247 0.00717501 0.0050671 0.00368502 0.00662384 0.00795735 0.0733637 
2005 0 0 0.0883322 0.0649835 0.119514 0.0512902 0.219787 0.0697801 0.053514 0.0818844 0.0254333 0.0687981 0.0116669 0.0153946 0.0136457 0.0605419 0.0123141 0.00840402 0.00418813 0.00533803 0.0251897 
2006 0 0.0724168 0.0158705 0.207093 0.0824366 0.124558 0.0763051 0.137476 0.0462675 0.040467 0.0564985 0.00119117 0.0165701 0.0123729 0.00870939 0.00166324 0.0650631 0.010678 0.00342649 0.00267607 0.01826 
2007 0 0.00215433 6.26468e-005 0.00202136 0.0232613 0.0107411 0.396368 0.00593531 0.0151252 0.00830469 0.00520166 0.00693993 0.0025655 0.00234556 0.00220506 0.000741131 7.62942e-005 0.00057451 0 0.000843844 0.514532 
2008 0 0 0.0392972 0.0170457 0.0914255 0.19585 0.136939 0.0855735 0.0398918 0.105016 0.050415 0.0396821 0.0538879 0.002853 0.0169627 0.0239416 0.017179 0.0134919 0.0281614 0.00111801 0.0412675 
2009 0 0.00351319 0.0478557 0.0815788 0.040025 0.0480685 0.209523 0.073469 0.0828543 0.0283192 0.125218 0.114834 0.0252298 0.0126428 0.00569541 0.0133919 0.0110292 0.0149766 0.00921759 0.0276165 0.024941 
2010 0 0.00361461 0.0217797 0.0694023 0.0808164 0.0143439 0.0144754 0.377724 0.0892225 0.0916754 0.0469851 0.0511417 0.0327575 0.0218989 0.0257072 0 0.0280656 0.00658862 0.00932035 0.00708652 0.00739418 
2011 0 0.0177718 0.0250912 0.10692 0.0916183 0.11535 0.0398729 0.0467166 0.216518 0.0419462 0.0344712 0.013655 0.0703862 0.0369351 0.0149566 0.0190324 0 0.0362369 0.0291539 0.0164248 0.0269431 
2012 0 0.0414367 0.0916231 0.0323488 0.148378 0.086262 0.0733029 0.0191039 0.0457182 0.121632 0.0454251 0.0451493 0.0235745 0.00731195 0.0502338 0.0425708 0.0493736 0 0.00987459 0.0255767 0.0411049 
2013 0 0.00619435 0.059075 0.111371 0.0290943 0.169661 0.11968 0.108569 0.00406835 0.0069564 0.086142 0.0164034 0.0078437 0.0122668 0.0604841 0.0283231 0.0520454 0.0443872 0.00347926 0.0269252 0.0470316 
end_table
table error_values
1990 0 0 0 0 0 0 0 0 0 0 0 0 0 0 0 0 0 0 0 0 0 
1991 0 0 0 0 0 0 0 0 0 0 0 0 0 0 0 0 0 0 0 0 0 
1992 0 0 0 0 0 0 0 0 0 0 0 0 0 0 0 0 0 0 0 0 0 
1993 0 0 0 0 0 0 0 0 0 0 0 0 0 0 0 0 0 0 0 0 0 
1994 0 0 0 0 0 0 0 0 0 0 0 0 0 0 0 0 0 0 0 0 0 
1995 0 0 0 0 0 0 0 0 0 0 0 0 0 0 0 0 0 0 0 0 0 
1996 0 0 0 0 0 0 0 0 0 0 0 0 0 0 0 0 0 0 0 0 0 
1997 0 0 0 0 0 0 0 0 0 0 0 0 0 0 0 0 0 0 0 0 0 
1998 0 0 0 0 0 0 0 0 0 0 0 0 0 0 0 0 0 0 0 0 0 
1999 0 0 0 0 0 0 0 0 0 0 0 0 0 0 0 0 0 0 0 0 0 
2000 0 0 0 0 0 0 0 0 0 0 0 0 0 0 0 0 0 0 0 0 0 
2001 0 0 0 0 0 0 0 0 0 0 0 0 0 0 0 0 0 0 0 0 0 
2002 0 0 0 0 0 0 0 0 0 0 0 0 0 0 0 0 0 0 0 0 0 
2003 0 0 0 0 0 0 0 0 0 0 0 0 0 0 0 0 0 0 0 0 0 
2004 0 0 0 0 0 0 0 0 0 0 0 0 0 0 0 0 0 0 0 0 0 
2005 0 0 0 0 0 0 0 0 0 0 0 0 0 0 0 0 0 0 0 0 0 
2006 0 0 0 0 0 0 0 0 0 0 0 0 0 0 0 0 0 0 0 0 0 
2007 0 0 0 0 0 0 0 0 0 0 0 0 0 0 0 0 0 0 0 0 0 
2008 0 0 0 0 0 0 0 0 0 0 0 0 0 0 0 0 0 0 0 0 0 
2009 0 0 0 0 0 0 0 0 0 0 0 0 0 0 0 0 0 0 0 0 0 
2010 0 0 0 0 0 0 0 0 0 0 0 0 0 0 0 0 0 0 0 0 0 
2011 0 0 0 0 0 0 0 0 0 0 0 0 0 0 0 0 0 0 0 0 0 
2012 0 0 0 0 0 0 0 0 0 0 0 0 0 0 0 0 0 0 0 0 0 
2013 0 0 0 0 0 0 0 0 0 0 0 0 0 0 0 0 0 0 0 0 0 
end_table

