@observation EN_age_sample_sim
age_samples_per_cluster 10 
ageing_error age_error 
average_cluster_weight 6 
cluster_cv 0.6 
cluster_sigma 1.1 
fishery_label Fishing_LL 
layer_of_stratum_definitions area_definition 
max_age 20 
min_age 0 
process_label fishing 
strata_to_include EN 
type mortality_event_biomass_age_clusters 
years 1990 1991 1992 1993 1994 1995 1996 1997 1998 1999 2000 2001 2002 2003 2004 2005 2006 2007 2008 2009 2010 2011 2012 2013 
table obs
1990 0 0.0208053 0.0336342 0.0852518 0.110787 0.11401 0.108255 0.080587 0.0860048 0.0526186 0.0260689 0.0424625 0.0275944 0.0223229 0.0256725 0.0724465 0.0102233 0.0170566 0.00892144 0.00376586 0.0515108 
1991 0 0.0369573 0.0192898 0.0509458 0.107011 0.0832383 0.0583215 0.0685726 0.0586318 0.0787952 0.0370129 0.0287542 0.00713689 0.00438719 0.00936556 0.0130062 0.0159784 0.0149443 0.0251801 0.0302259 0.252245 
1992 0 0.00387749 0.117183 0.0583721 0.107335 0.07993 0.0675957 0.099311 0.0586239 0.0926839 0.069861 0.0280371 0.0391157 0.0184954 0.0293859 0.0194387 0.0284154 0.0148742 0.00434119 0.0115793 0.051544 
1993 0 0.00148178 0.00624984 0.313523 0.113166 0.0738696 0.0757805 0.0584412 0.0610097 0.0295074 0.0117486 0.0388282 0.0392034 0.0204249 0.0215185 0.0103426 0.0171034 0.00853911 0.0191917 0.00813161 0.0719389 
1994 0 0.00945028 0.0222954 0.0303574 0.287646 0.0854658 0.0534093 0.0336025 0.041409 0.0330072 0.0324044 0.0388573 0.0456321 0.0520058 0.0523568 0.0186547 0.01142 0.00953823 0.00724274 0.00489989 0.130346 
1995 0 0.000582984 0.0232691 0.0564951 0.0335394 0.303661 0.0626298 0.0540551 0.0360203 0.0502337 0.0451168 0.0826128 0.0481981 0.02934 0.0194335 0.0352277 0.0211835 0.0033487 0.00961991 0.0114778 0.0739542 
1996 0 0 0.0366747 0.0869589 0.0817602 0.02727 0.223184 0.0551478 0.0513321 0.064095 0.0624166 0.0589213 0.0381317 0.0281238 0.0332815 0.0380582 0.0112643 0.00993836 0.021845 0.0167014 0.0548953 
1997 0 0.0232911 0.00965236 0.148623 0.151645 0.145064 0.0440421 0.179458 0.0476699 0.0308313 0.0311026 0.0095174 0.0174551 0.0250001 0.0170631 0.0128818 0.0130368 0.0156596 0.0168884 0.0213097 0.0398081 
1998 0 0 0.0415763 0.0351555 0.162257 0.139713 0.0871145 0.0325201 0.161724 0.0599748 0.0312411 0.0344223 0.0179385 0.0166494 0.00760922 0.0106908 0.0181501 0.0129564 0.00988691 0.00844781 0.111973 
1999 0 0.0181203 0.0948702 0.154962 0.0387897 0.121424 0.0626946 0.0824369 0.0519194 0.154016 0.0493129 0.016317 0.0102358 0.0167502 0.0185199 0.012279 0.023186 0.0147558 0.0210544 0.00932789 0.0290286 
2000 0 0.015484 0.0902908 0.149811 0.256789 0.049414 0.0798955 0.0594031 0.0565349 0.00510744 0.0784739 0.0281726 0.0215964 0.00803624 0.00958355 0.0136845 0.0128108 0.00819548 0.00179287 0 0.0549242 
2001 0 0.00289369 0.10222 0.15716 0.174123 0.23793 0.0273245 0.0310871 0.0223735 0.0215109 0 0.0533481 0.00145917 0 0.0036651 0.0105055 0.0149038 0.0290167 0.00828269 0.0202271 0.0819689 
2002 0 0.0264112 0.0168571 0.119814 0.119884 0.162612 0.291865 0.0287329 0.0373835 0.0247323 0.0231426 0.00788609 0.0139635 0.0150836 0.00970336 0.0100097 0.0162362 0.0124145 0.00201708 0 0.0612518 
2003 0 0.00750084 0.0553133 0.0401193 0.154787 0.0844779 0.0951049 0.155133 0.0166565 0.0304388 0.0419825 0.0330384 0.0168592 0.0835722 0.0119745 0.011174 0.026365 0.0210254 0.0231727 0.00802944 0.0832747 
2004 0 0.0599254 0.0640988 0.10938 0.0937602 0.127331 0.0951627 0.117764 0.0752801 0.00579947 0.0327425 0.0193497 0.0163921 0.00541261 0.0399729 0.00155881 0.00639405 0.00437154 0.015783 0.0276134 0.081908 
2005 0 0.0285775 0.089534 0.0536324 0.174139 0.0665891 0.147956 0.066563 0.0874918 0.132005 0.00886605 0.0256401 0.0104716 0.00672911 0.00630046 0.0468458 0 0.00844838 0.00244053 0.00412985 0.0336396 
2006 0 0 0.00993493 0.177519 0.102316 0.149932 0.066687 0.13983 0.0630582 0.0833904 0.0684594 0.0122255 0.0268109 0.0116611 0.00902259 0.00454633 0.0378973 0.0208418 0.00446203 0.00331401 0.00809131 
2007 0 0.0011993 0.000235828 0.00124253 0.0300026 0.0119406 0.0384493 0.00471114 0.00824794 0.00316334 0.00301668 0.00884738 0.000653414 0.00132639 0.00183309 0.000892576 6.93304e-005 0.00413749 0.00188764 0.000444521 0.877699 
2008 0 0.00761355 0.0307146 0.0187567 0.0444106 0.294428 0.114593 0.0835519 0.061851 0.117855 0.0780497 0.0451834 0.0334253 0.00319054 0.00427289 0.00419436 0.00907107 0.00358056 0.0288045 0.00069522 0.0157578 
2009 0 0 0.00881717 0.0860374 0.025325 0.0343724 0.226438 0.103083 0.086671 0.0502992 0.0870687 0.0763754 0.0317285 0.0414544 0.00980549 0.0229789 0.018223 0.0202774 0.0143481 0.0262326 0.0304646 
2010 0 0.0104521 0.0731393 0.0535196 0.111907 0.044088 0.0566462 0.274427 0.0961532 0.101065 0.0246077 0.0389711 0.0284371 0.0244755 0.00563329 0 0.00769105 0.00219744 0.000468509 0 0.0461209 
2011 0 0.0278144 0.0304442 0.165465 0.107484 0.0644329 0.0127239 0.0282957 0.152336 0.0754596 0.0685771 0.0140337 0.0496333 0.0565193 0.045371 0.0413713 0.00469233 0.0072242 0 0.00109494 0.0470268 
2012 0 0.0249955 0.0906089 0.0191126 0.164694 0.115506 0.108042 0.0140419 0.0312596 0.168004 0.0341938 0.0402564 0 0.0520782 0.0163115 0.0349608 0.0336745 0.00162672 0.00750715 0.00400112 0.0391249 
2013 0 0.00919804 0.131012 0.120671 0.0552964 0.174606 0.0795658 0.0864402 0.00888568 0.00849907 0.0796229 0.0240263 0.0337221 0.0144596 0.0332756 0.0155888 0.061393 0.0256469 0 0.00338781 0.0347032 
end_table
table error_values
1990 0 0 0 0 0 0 0 0 0 0 0 0 0 0 0 0 0 0 0 0 0 
1991 0 0 0 0 0 0 0 0 0 0 0 0 0 0 0 0 0 0 0 0 0 
1992 0 0 0 0 0 0 0 0 0 0 0 0 0 0 0 0 0 0 0 0 0 
1993 0 0 0 0 0 0 0 0 0 0 0 0 0 0 0 0 0 0 0 0 0 
1994 0 0 0 0 0 0 0 0 0 0 0 0 0 0 0 0 0 0 0 0 0 
1995 0 0 0 0 0 0 0 0 0 0 0 0 0 0 0 0 0 0 0 0 0 
1996 0 0 0 0 0 0 0 0 0 0 0 0 0 0 0 0 0 0 0 0 0 
1997 0 0 0 0 0 0 0 0 0 0 0 0 0 0 0 0 0 0 0 0 0 
1998 0 0 0 0 0 0 0 0 0 0 0 0 0 0 0 0 0 0 0 0 0 
1999 0 0 0 0 0 0 0 0 0 0 0 0 0 0 0 0 0 0 0 0 0 
2000 0 0 0 0 0 0 0 0 0 0 0 0 0 0 0 0 0 0 0 0 0 
2001 0 0 0 0 0 0 0 0 0 0 0 0 0 0 0 0 0 0 0 0 0 
2002 0 0 0 0 0 0 0 0 0 0 0 0 0 0 0 0 0 0 0 0 0 
2003 0 0 0 0 0 0 0 0 0 0 0 0 0 0 0 0 0 0 0 0 0 
2004 0 0 0 0 0 0 0 0 0 0 0 0 0 0 0 0 0 0 0 0 0 
2005 0 0 0 0 0 0 0 0 0 0 0 0 0 0 0 0 0 0 0 0 0 
2006 0 0 0 0 0 0 0 0 0 0 0 0 0 0 0 0 0 0 0 0 0 
2007 0 0 0 0 0 0 0 0 0 0 0 0 0 0 0 0 0 0 0 0 0 
2008 0 0 0 0 0 0 0 0 0 0 0 0 0 0 0 0 0 0 0 0 0 
2009 0 0 0 0 0 0 0 0 0 0 0 0 0 0 0 0 0 0 0 0 0 
2010 0 0 0 0 0 0 0 0 0 0 0 0 0 0 0 0 0 0 0 0 0 
2011 0 0 0 0 0 0 0 0 0 0 0 0 0 0 0 0 0 0 0 0 0 
2012 0 0 0 0 0 0 0 0 0 0 0 0 0 0 0 0 0 0 0 0 0 
2013 0 0 0 0 0 0 0 0 0 0 0 0 0 0 0 0 0 0 0 0 0 
end_table

