@observation EN_age_sample_sim
age_samples_per_cluster 10 
ageing_error age_error 
average_cluster_weight 6 
cluster_cv 0.6 
cluster_sigma 1.1 
fishery_label Fishing_LL 
layer_of_stratum_definitions area_definition 
max_age 20 
min_age 0 
process_label fishing 
strata_to_include EN 
type mortality_event_biomass_age_clusters 
years 1990 1991 1992 1993 1994 1995 1996 1997 1998 1999 2000 2001 2002 2003 2004 2005 2006 2007 2008 2009 2010 2011 2012 2013 
table obs
1990 0 0.00799 0.032983 0.0545645 0.0994257 0.104418 0.107617 0.113941 0.0834085 0.0459209 0.034169 0.0313632 0.0202795 0.0300062 0.0435783 0.0425053 0.0278463 0.00831897 0.0144503 0.0131567 0.0840574 
1991 0 0.0247391 0.0271576 0.0270058 0.0370115 0.0457212 0.0560536 0.0510529 0.0522107 0.0403276 0.0537311 0.040205 0.0518611 0.0410156 0.052015 0.0463448 0.0319822 0.0192463 0.0276357 0.0283724 0.246311 
1992 0 0.000701428 0.0762537 0.0450638 0.076709 0.0872385 0.077143 0.0753579 0.070812 0.0643998 0.0564995 0.047805 0.0424966 0.0433016 0.0317092 0.0358597 0.0406053 0.0253967 0.0162278 0.0227402 0.0636794 
1993 0 0.00739043 0.0133719 0.180019 0.084294 0.0732077 0.0334743 0.0665033 0.0821514 0.049716 0.0483743 0.03867 0.031825 0.0331454 0.0398732 0.0190377 0.0179127 0 0 0 0.181034 
1994 0 0.00353522 0.0349859 0.0206803 0.287918 0.0813498 0.047907 0.0427494 0.0274166 0.0413953 0.0265702 0.0340414 0.0166121 0.023038 0.0357164 0.0246134 0.0239569 0.0229633 0.0105601 0.0204141 0.173577 
1995 0 0.00169035 0.0105869 0.0652919 0.0407328 0.257651 0.0553353 0.0554367 0.0493051 0.0726162 0.0515003 0.106253 0.0527749 0.0261825 0.0125287 0.0092089 0.00469756 0.0189014 0.00983359 0.0121119 0.0873614 
1996 0 0.00319782 0.0407308 0.0885086 0.122649 0.0265223 0.224158 0.0732448 0.0302145 0.0651817 0.0556124 0.0331171 0.0242474 0.0189292 0.0113234 0.0138853 0.0209312 0.00152862 0.0113227 0.0122497 0.122446 
1997 0 0.026911 0.0169191 0.1168 0.107323 0.117931 0.0347393 0.176802 0.0415946 0.0213168 0.0334767 0.0303811 0.0226267 0.0144493 0.0103573 0.028205 0.0294042 0.0218932 0.00913905 0.0108308 0.1289 
1998 0 0.00977187 0.0620718 0.030182 0.0869995 0.0829325 0.0930048 0.0367681 0.213083 0.0517504 0.0314194 0.0174548 0.0173297 0.045313 0.0308928 0.0396171 0.0137294 0.0112372 0.00976994 0.00873012 0.107943 
1999 0 0.012827 0.0510756 0.14328 0.0444371 0.130448 0.0580943 0.0728442 0.0194273 0.110248 0.0306303 0.0454808 0.0481295 0.0220948 0.00858837 0.0201528 0.0135608 0.00812431 0.0182579 0.00342107 0.138878 
2000 0 0.0243869 0.0815236 0.118242 0.223767 0.0324781 0.0866347 0.0869301 0.072439 0.0192573 0.121582 0.0113734 0.00970197 0.0117624 0.0168221 0.0110359 0.00551797 0.00486889 0.00308291 0.00652416 0.0520703 
2001 0 0 0.0549057 0.0906176 0.179793 0.191992 0.0183787 0.0675167 0.0582916 0.060819 0.0210369 0.107187 0.0241326 0.0180338 0.0116426 0.00579314 0.00671549 0.0136418 0.0155716 0.0293384 0.0245925 
2002 0 0.0210623 0.030079 0.143258 0.154377 0.169734 0.135528 0.0150177 0.0658784 0.0451291 0.0380699 0.00815897 0.0887808 0.00574333 0.00373686 0.00285267 0.00676983 0.00997367 0.00921181 0.0165148 0.0301237 
2003 0 0.0227786 0.0968153 0.051352 0.149564 0.186799 0.131683 0.122166 0.00624021 0.0439471 0.0161639 0.00492169 0.00168873 0.116081 0.00798732 0.00789291 0.00473615 0.00306968 0.00536669 0.00638159 0.0143646 
2004 0 0.0230439 0.0371295 0.11031 0.0726721 0.19125 0.138549 0.136108 0.0766295 0.0332503 0.00788469 0.00238174 0.000626412 0.00534103 0.0332533 0.00409143 0.00773799 0.00238341 0.00920553 0.00804784 0.100104 
2005 0 0.00749574 0.105967 0.0948926 0.103046 0.0596405 0.179893 0.115499 0.0779724 0.0723329 0.00231119 0.0399907 0.0216147 0.0267658 0.00136576 0.0356959 0.00180874 0.00999174 0.000972784 0.00277522 0.0399679 
2006 0 0.00357786 0.0322425 0.159 0.12507 0.175612 0.0644275 0.117057 0.0592769 0.103727 0.0835363 0.0025894 0.00575625 0 0.00534769 0 0.0310036 0.00331649 0.00672889 0.00281169 0.0189187 
2007 0 0.0108865 0.006885 0.0109502 0.0773843 0.0317004 0.0493166 0.0188906 0.0353453 0.0249316 0.0252199 0.016979 0.0041334 0.00199048 0.00789745 0.00199048 0.000455968 0.00207619 0.00162022 0.00803353 0.663313 
2008 0 0.0067701 0.0319558 0.0107676 0.039641 0.355207 0.108491 0.0984283 0.0469949 0.0604262 0.0606529 0.0447941 0.061768 0.00228919 0.0151409 0.0161248 0.00266395 0 0.00623538 0.00623538 0.0254145 
2009 0 0.0117769 0.0721767 0.079618 0.0281287 0.0310422 0.186801 0.0792636 0.110039 0.0357551 0.0756082 0.0531772 0.0492861 0.0325591 0.00415878 0.00609226 0.00836342 0.00774316 0.00292431 0.0607647 0.0647219 
2010 0 0.00565303 0.0500854 0.0378711 0.0901369 0.0137734 0.0172976 0.193124 0.0404457 0.0817539 0.0293069 0.104558 0.055477 0.0347172 0.0902875 0.00444285 0.00735127 0.0156346 0.0370539 0.00886669 0.0821632 
2011 0 0.0256272 0.0228603 0.156438 0.156868 0.0994184 0.011146 0.0133908 0.251613 0.0525552 0.0406006 0.0284227 0.048416 0.0254433 0.00581622 0.00628811 0.00166808 0.0135698 0.00561251 0.00224173 0.0320051 
2012 0 0.035559 0.0945962 0.0301482 0.133095 0.102859 0.0570778 0.00748503 0.025072 0.165142 0.0208259 0.0611154 0.00747527 0.0589131 0.0275066 0.0275896 0.0253153 0 0.00131086 0.00682567 0.112088 
2013 0 0.00478594 0.0933219 0.123922 0.0278448 0.106798 0.0799626 0.0564398 0.0111676 0.0168882 0.100621 0.0856912 0.0550447 0.0251859 0.0375204 0.0252538 0.0144246 0.0169631 0.0045093 0.0141872 0.0994682 
end_table
table error_values
1990 0 0 0 0 0 0 0 0 0 0 0 0 0 0 0 0 0 0 0 0 0 
1991 0 0 0 0 0 0 0 0 0 0 0 0 0 0 0 0 0 0 0 0 0 
1992 0 0 0 0 0 0 0 0 0 0 0 0 0 0 0 0 0 0 0 0 0 
1993 0 0 0 0 0 0 0 0 0 0 0 0 0 0 0 0 0 0 0 0 0 
1994 0 0 0 0 0 0 0 0 0 0 0 0 0 0 0 0 0 0 0 0 0 
1995 0 0 0 0 0 0 0 0 0 0 0 0 0 0 0 0 0 0 0 0 0 
1996 0 0 0 0 0 0 0 0 0 0 0 0 0 0 0 0 0 0 0 0 0 
1997 0 0 0 0 0 0 0 0 0 0 0 0 0 0 0 0 0 0 0 0 0 
1998 0 0 0 0 0 0 0 0 0 0 0 0 0 0 0 0 0 0 0 0 0 
1999 0 0 0 0 0 0 0 0 0 0 0 0 0 0 0 0 0 0 0 0 0 
2000 0 0 0 0 0 0 0 0 0 0 0 0 0 0 0 0 0 0 0 0 0 
2001 0 0 0 0 0 0 0 0 0 0 0 0 0 0 0 0 0 0 0 0 0 
2002 0 0 0 0 0 0 0 0 0 0 0 0 0 0 0 0 0 0 0 0 0 
2003 0 0 0 0 0 0 0 0 0 0 0 0 0 0 0 0 0 0 0 0 0 
2004 0 0 0 0 0 0 0 0 0 0 0 0 0 0 0 0 0 0 0 0 0 
2005 0 0 0 0 0 0 0 0 0 0 0 0 0 0 0 0 0 0 0 0 0 
2006 0 0 0 0 0 0 0 0 0 0 0 0 0 0 0 0 0 0 0 0 0 
2007 0 0 0 0 0 0 0 0 0 0 0 0 0 0 0 0 0 0 0 0 0 
2008 0 0 0 0 0 0 0 0 0 0 0 0 0 0 0 0 0 0 0 0 0 
2009 0 0 0 0 0 0 0 0 0 0 0 0 0 0 0 0 0 0 0 0 0 
2010 0 0 0 0 0 0 0 0 0 0 0 0 0 0 0 0 0 0 0 0 0 
2011 0 0 0 0 0 0 0 0 0 0 0 0 0 0 0 0 0 0 0 0 0 
2012 0 0 0 0 0 0 0 0 0 0 0 0 0 0 0 0 0 0 0 0 0 
2013 0 0 0 0 0 0 0 0 0 0 0 0 0 0 0 0 0 0 0 0 0 
end_table

