@observation EN_age_sample_sim
age_samples_per_cluster 10 
ageing_error age_error 
average_cluster_weight 6 
cluster_cv 0.6 
cluster_sigma 1.1 
fishery_label Fishing_LL 
layer_of_stratum_definitions area_definition 
max_age 20 
min_age 0 
process_label fishing 
strata_to_include EN 
type mortality_event_biomass_age_clusters 
years 1990 1991 1992 1993 1994 1995 1996 1997 1998 1999 2000 2001 2002 2003 2004 2005 2006 2007 2008 2009 2010 2011 2012 2013 
table obs
1990 0 0 0.031322 0.0719804 0.119969 0.114856 0.0803944 0.0681752 0.0611084 0.043472 0.0301248 0.0282228 0.0479398 0.0470451 0.0184258 0.0111506 0.034403 0.0325751 0.0233824 0.0137553 0.121698 
1991 0 0.0198748 0.0421154 0.0440558 0.0758395 0.068581 0.0695893 0.0908375 0.0455568 0.0453659 0.060346 0.0630291 0.0340193 0.0254731 0.0165218 0.0222623 0.0138426 0.0133571 0.0203029 0.0174855 0.211545 
1992 0 0.00940485 0.102237 0.0749238 0.103542 0.0729559 0.0456219 0.0520436 0.0551052 0.0578088 0.0233218 0.0516844 0.0626459 0.0537572 0.0301857 0.0088133 0.00597838 0.0129148 0.0154834 0.019356 0.142216 
1993 0 0.00577688 0.0078873 0.180342 0.0420329 0.103043 0.0761244 0.0379765 0.0200757 0.0388828 0.0269547 0.0441666 0.0573509 0.0603841 0.051492 0.0316507 0.0315864 0.0354603 0.0235684 0.0212899 0.103954 
1994 0 0.00355968 0.00088992 0.00957998 0.325316 0.0704498 0.0965011 0.0503669 0.0367512 0.0350528 0.0462833 0.0426342 0.0447223 0.0449723 0.0518423 0.0158209 0.00220839 0 0 0.00571924 0.11733 
1995 0 0 0.0182955 0.0587016 0.0337939 0.254278 0.0627638 0.171476 0.0459112 0.0512315 0.0303369 0.0466813 0.0310647 0.0257038 0.0140681 0.0341151 0.0136746 0.0145443 0.011931 0.00742331 0.0740045 
1996 0 0.00520434 0.0388311 0.0963232 0.112344 0.0353525 0.251972 0.0451643 0.0437131 0.0446302 0.0548326 0.0396496 0.0426423 0.0281599 0.0371004 0.0224128 0.0177824 0.0141336 0.0268587 0.00943167 0.0334611 
1997 0 0.0221361 0.0211452 0.0764097 0.127676 0.158942 0.0271914 0.204645 0.0252049 0.0456446 0.0231008 0.00933588 0.013924 0.00412564 0.00570669 0.026024 0.0180947 0.00808425 0.00678667 0.0152415 0.16058 
1998 0 0.00330336 0.05169 0.0301055 0.178439 0.0944982 0.0642473 0.0407511 0.247197 0.0443957 0.0414455 0.0324368 0.0288343 0.0263153 0.0121466 0.0137557 0.0154665 0.00877142 0.00113521 0.0134929 0.0515729 
1999 0 0.0108812 0.0886915 0.192531 0.0192674 0.0836191 0.0592185 0.0609355 0.022362 0.185724 0.0479446 0.0481948 0.0250026 0.0178757 0.00430053 0.00196563 0.0134684 0.0185772 0.0199567 0.0118194 0.0676644 
2000 0 0 0.024056 0.127678 0.258318 0.0389374 0.10588 0.0490685 0.0865418 0.0221227 0.0925884 0.0272368 0.0146344 0.00719743 0.0231354 0.00665439 0.00760325 0.0055452 0.00591257 0.0108432 0.0860468 
2001 0 0 0.0371371 0.128302 0.210697 0.206905 0.0208765 0.0694751 0.0280744 0.0449975 0.0249945 0.0702785 0.0236253 0.0175603 0.0113843 0.0146274 0.0101582 0.00396473 0.00488387 0.0039085 0.0681492 
2002 0 0.0290099 0.0259327 0.185747 0.138145 0.147896 0.138326 0.0089904 0.0180739 0.02558 0.0365753 0.0242606 0.0739734 0.0128325 0.00840229 0.00353803 0.00382376 0.0216011 0.0266467 0.0101298 0.0605153 
2003 0 0.0119601 0.0458568 0.0466151 0.181593 0.176666 0.134451 0.127716 0.0149416 0.0734375 0.0211429 0.00845578 0.00113395 0.0599156 0.0103241 0.00584789 0.0147332 0.00613711 0.0130286 0.0110756 0.0349687 
2004 0 0.0272035 0.0427901 0.0962065 0.0568829 0.196269 0.131543 0.13442 0.145295 0.00678543 0.0156224 0.0158938 0.0180978 0.00611379 0.0801267 0.0080963 0.00856054 0 0 0 0.0100931 
2005 0 0.0116572 0.116706 0.0711776 0.149984 0.0751096 0.17981 0.0933477 0.0993254 0.0875722 0.00672634 0.0301785 0.00501897 0.0164401 0.00229221 0.016838 0.00292076 0.00587184 0.00721986 0.00409116 0.0177133 
2006 0 0.0180168 0.00653323 0.291753 0.121803 0.141679 0.0657566 0.136224 0.0383197 0.0598001 0.0437014 0.00817775 0.0259074 0.00271747 0.00485559 0 0.013221 0.00563423 0.00910229 0.00124393 0.00555388 
2007 0 0 9.71256e-005 0.00145435 0.0242899 0.0196198 0.0249809 0.0108374 0.0120278 0.00706508 0.00325342 0.00240136 0.000118519 0.000586971 0.001683 0.00124435 0.000628173 0.00400558 0.00577835 0.0014467 0.878481 
2008 0 0 0.0162568 0.0113326 0.0296932 0.180073 0.197864 0.17054 0.0570685 0.0624834 0.0571429 0.0577475 0.0731751 0.0105592 0.00424544 0.00937024 0.0026505 0 0.00592427 0.000827168 0.0530456 
2009 0 0.0263701 0.0235786 0.0525062 0.00974142 0.0182518 0.213428 0.101788 0.100634 0.0477449 0.114741 0.0385626 0.0454683 0.0514371 0.00398144 0.0249094 0.0117379 0.0149431 0.00212219 0.0412419 0.056813 
2010 0 0 0.108105 0.100067 0.172673 0.0308937 0.0254233 0.256331 0.0667149 0.0835732 0.0279663 0.0352322 0.0144128 0.0116004 0.0167311 0.00100147 0.000939302 0.00684493 0.00757882 0.000313101 0.0335985 
2011 0 0.0339831 0.00756834 0.174859 0.0832103 0.0637705 0.0148975 0.016537 0.233427 0.0691807 0.032285 0.0166947 0.0599906 0.0249622 0.0187304 0.022782 0.00207028 0.0297371 0.0465105 0.0251735 0.0236299 
2012 0 0.022098 0.067475 0.0228888 0.102328 0.0886657 0.0776678 0.0112256 0.0257916 0.212253 0.0752768 0.0635513 0.0129243 0.0314869 0.0305611 0.0270449 0.0314993 0.00966441 0.0187734 0 0.0688235 
2013 0 0.00465605 0.10443 0.109464 0.0500243 0.103172 0.0539117 0.0986826 0.0176265 0.0315647 0.140999 0.0273699 0.0270745 0.0112007 0.045546 0.0433656 0.0711476 0.0367302 0.00141771 0.00141771 0.0201989 
end_table
table error_values
1990 0 0 0 0 0 0 0 0 0 0 0 0 0 0 0 0 0 0 0 0 0 
1991 0 0 0 0 0 0 0 0 0 0 0 0 0 0 0 0 0 0 0 0 0 
1992 0 0 0 0 0 0 0 0 0 0 0 0 0 0 0 0 0 0 0 0 0 
1993 0 0 0 0 0 0 0 0 0 0 0 0 0 0 0 0 0 0 0 0 0 
1994 0 0 0 0 0 0 0 0 0 0 0 0 0 0 0 0 0 0 0 0 0 
1995 0 0 0 0 0 0 0 0 0 0 0 0 0 0 0 0 0 0 0 0 0 
1996 0 0 0 0 0 0 0 0 0 0 0 0 0 0 0 0 0 0 0 0 0 
1997 0 0 0 0 0 0 0 0 0 0 0 0 0 0 0 0 0 0 0 0 0 
1998 0 0 0 0 0 0 0 0 0 0 0 0 0 0 0 0 0 0 0 0 0 
1999 0 0 0 0 0 0 0 0 0 0 0 0 0 0 0 0 0 0 0 0 0 
2000 0 0 0 0 0 0 0 0 0 0 0 0 0 0 0 0 0 0 0 0 0 
2001 0 0 0 0 0 0 0 0 0 0 0 0 0 0 0 0 0 0 0 0 0 
2002 0 0 0 0 0 0 0 0 0 0 0 0 0 0 0 0 0 0 0 0 0 
2003 0 0 0 0 0 0 0 0 0 0 0 0 0 0 0 0 0 0 0 0 0 
2004 0 0 0 0 0 0 0 0 0 0 0 0 0 0 0 0 0 0 0 0 0 
2005 0 0 0 0 0 0 0 0 0 0 0 0 0 0 0 0 0 0 0 0 0 
2006 0 0 0 0 0 0 0 0 0 0 0 0 0 0 0 0 0 0 0 0 0 
2007 0 0 0 0 0 0 0 0 0 0 0 0 0 0 0 0 0 0 0 0 0 
2008 0 0 0 0 0 0 0 0 0 0 0 0 0 0 0 0 0 0 0 0 0 
2009 0 0 0 0 0 0 0 0 0 0 0 0 0 0 0 0 0 0 0 0 0 
2010 0 0 0 0 0 0 0 0 0 0 0 0 0 0 0 0 0 0 0 0 0 
2011 0 0 0 0 0 0 0 0 0 0 0 0 0 0 0 0 0 0 0 0 0 
2012 0 0 0 0 0 0 0 0 0 0 0 0 0 0 0 0 0 0 0 0 0 
2013 0 0 0 0 0 0 0 0 0 0 0 0 0 0 0 0 0 0 0 0 0 
end_table

