@observation EN_age_sample_sim
age_samples_per_cluster 10 
ageing_error age_error 
average_cluster_weight 6 
cluster_cv 0.6 
cluster_sigma 1.1 
fishery_label Fishing_LL 
layer_of_stratum_definitions area_definition 
max_age 20 
min_age 0 
process_label fishing 
strata_to_include EN 
type mortality_event_biomass_age_clusters 
years 1990 1991 1992 1993 1994 1995 1996 1997 1998 1999 2000 2001 2002 2003 2004 2005 2006 2007 2008 2009 2010 2011 2012 2013 
table obs
1990 0 0.00187804 0.0414316 0.0933195 0.10903 0.11174 0.062589 0.0709817 0.0658488 0.0543873 0.0461832 0.0384487 0.0160939 0.0210311 0.0268487 0.0217 0.00717344 0.0157373 0.0130179 0.0218457 0.160715 
1991 0 0.0637352 0.0253232 0.044623 0.0545316 0.0510839 0.0407091 0.10139 0.0632747 0.0426611 0.0316093 0.0455256 0.0393965 0.0401363 0.061975 0.0262332 0.0313547 0.00816128 0.0196967 0.0108606 0.197719 
1992 0 0.00785461 0.1298 0.0540492 0.114966 0.0647189 0.0495355 0.0718943 0.0517918 0.0428284 0.0498344 0.0412705 0.0344081 0.0178759 0.0173961 0.0245445 0.0426144 0.0208152 0.0154273 0.0154273 0.132947 
1993 0 0 0.00178069 0.190722 0.0838381 0.117539 0.0643544 0.0747845 0.074158 0.042785 0.0642758 0.059231 0.0328143 0.040426 0.0136011 0.0172099 0.00965346 0.0181413 0.0196021 0.0122829 0.0628001 
1994 0 0 0.0493099 0.073843 0.230089 0.0613708 0.0714151 0.0659401 0.0522197 0.0636506 0.0506275 0.0562843 0.0337188 0.0240309 0.0166044 0.0167838 0.00629835 0.0129439 0.00816229 0.00779032 0.098917 
1995 0 0.00120723 0.027882 0.0640832 0.0335187 0.330286 0.0759568 0.0954384 0.0540897 0.0459401 0.0356704 0.049378 0.0314771 0.0272324 0.0163788 0.0163285 0.00695683 0.00508391 0.00280448 0.00141689 0.0788703 
1996 0 0 0.0346877 0.0701521 0.0704664 0.0383094 0.319342 0.0418228 0.0448938 0.0552523 0.0659709 0.015658 0.0110572 0.0175535 0.0337806 0.0246585 0.020489 0.0148428 0.0518144 0.0138753 0.0553733 
1997 0 0.0151693 0.0125309 0.100928 0.143428 0.108264 0.0440364 0.219301 0.0567207 0.0425432 0.0219235 0.00693033 0.013171 0.0112414 0.0080249 0.00827575 0.0101306 0.0151855 0.0122829 0.0025301 0.147382 
1998 0 0.0116636 0.0804886 0.0425615 0.219002 0.0871803 0.0383051 0.0257259 0.143311 0.0409405 0.080873 0.0603294 0.0263958 0.0182257 0.00768361 0.00558005 0.0123531 0.00283488 0.0040335 0.00189943 0.0906129 
1999 0 0.00697852 0.0715282 0.14869 0.0285823 0.112652 0.0794169 0.0817598 0.0203651 0.166139 0.0523368 0.0364671 0.0136912 0.0318312 0.0132897 0.00960043 0.0235301 0.00400393 0.0109077 0.00919637 0.0790339 
2000 0 0.0414372 0.0718154 0.113108 0.221499 0.037503 0.115825 0.0466773 0.0608515 0.0151379 0.085639 0.0156465 0.00990461 0.00649007 0.00946995 0.00202472 0.0049891 0.00913441 0.0145539 0.00463271 0.11366 
2001 0 0 0.0445676 0.0980348 0.155666 0.147227 0.0110308 0.0492747 0.0663059 0.0352295 0.0250432 0.0486134 0.0384875 0.0570963 0.0151817 0.0318496 0.00793139 0.0175739 0.00512807 0.0155304 0.130229 
2002 0 0.0284497 0.0257075 0.118694 0.139635 0.211532 0.177884 0.0201754 0.0354433 0.0306622 0.0554834 0.00992567 0.0235266 0.0110488 0.0131312 0.00505323 0.00459948 0.00463044 0.0101285 0.00855091 0.0657391 
2003 0 0.00488587 0.0434167 0.0367326 0.167309 0.121328 0.116389 0.164773 0.00828644 0.0167746 0.00810153 0.0158943 0.0085443 0.0814831 0.00718179 0.00713926 0.0157781 0.0212879 0.0115509 0.0116808 0.131462 
2004 0 0.0261488 0.0281096 0.0696679 0.0675819 0.184296 0.103083 0.0883298 0.114487 0.00778481 0.0628298 0.03895 0.0201027 0.00624379 0.0460141 0.0139388 0.0137763 0.0155212 0.0101513 0.0174802 0.0655033 
2005 0 0.00263534 0.114712 0.165596 0.141361 0.0610791 0.129156 0.0760556 0.0791288 0.0719658 0.00521795 0.0229335 0.0395608 0.0115214 0.0102001 0.0310893 0.00130049 0.000508539 0.00152562 0.0030086 0.0314444 
2006 0 0 0.0191603 0.128879 0.104287 0.190083 0.0549858 0.0914852 0.0968008 0.10475 0.0923561 0.00600457 0.0292904 0.0170876 0.0264633 0.00137023 0.0221176 0.00941298 0 0 0.00546577 
2007 0 0.00010638 0.000324044 0.00156761 0.0232643 0.0123143 0.0301563 0.00413568 0.00896136 0.00333163 0.00468724 0.00472288 0.000715205 0.00161911 7.05391e-005 0.000839269 0.000427846 0.00348164 0.0014421 0.00047754 0.897355 
2008 0 0.000957585 0.0123871 0.00921413 0.0279079 0.396053 0.128831 0.0856498 0.0243402 0.0512856 0.0390323 0.0278679 0.0613915 0.00161322 0.0222328 0.00484333 0.00533247 0 0.0445813 0.00291395 0.0535652 
2009 0 0.00906384 0.0346401 0.0522814 0.00684978 0.0193033 0.294063 0.0918858 0.103248 0.0475879 0.103285 0.0505145 0.0238892 0.046559 0.00817408 0.0216534 0.00415903 0.00445655 0.00496699 0.0341188 0.0392994 
2010 0 0 0.0838224 0.093 0.127352 0.060299 0.0394789 0.193272 0.0690659 0.106801 0.0209449 0.0505608 0.033515 0.0175382 0.0239568 0.00642748 0.0269711 0.00665656 0.00887542 0 0.0314622 
2011 0 0.00554432 0.0145335 0.158872 0.103244 0.127564 0.0192952 0.0256689 0.153651 0.0530068 0.0650506 0.0371038 0.0622206 0.0484008 0.0206193 0.0483765 0.00924872 0.0159858 0.00538851 0 0.0262252 
2012 0 0.0104754 0.0538848 0.0159586 0.132368 0.105953 0.0893983 0.0026289 0.028332 0.228209 0.0530231 0.091123 0.026948 0.0584156 0.0233811 0.0220063 0.0174039 0.00289835 0.00426111 0.00637254 0.0269592 
2013 0 0 0.16071 0.10105 0.0301123 0.143289 0.0679089 0.0572371 0.0120524 0.0195778 0.106365 0.0210419 0.0308924 0.0111104 0.0317783 0.0408695 0.0404195 0.0315895 0.00138579 0.00690099 0.0857092 
end_table
table error_values
1990 0 0 0 0 0 0 0 0 0 0 0 0 0 0 0 0 0 0 0 0 0 
1991 0 0 0 0 0 0 0 0 0 0 0 0 0 0 0 0 0 0 0 0 0 
1992 0 0 0 0 0 0 0 0 0 0 0 0 0 0 0 0 0 0 0 0 0 
1993 0 0 0 0 0 0 0 0 0 0 0 0 0 0 0 0 0 0 0 0 0 
1994 0 0 0 0 0 0 0 0 0 0 0 0 0 0 0 0 0 0 0 0 0 
1995 0 0 0 0 0 0 0 0 0 0 0 0 0 0 0 0 0 0 0 0 0 
1996 0 0 0 0 0 0 0 0 0 0 0 0 0 0 0 0 0 0 0 0 0 
1997 0 0 0 0 0 0 0 0 0 0 0 0 0 0 0 0 0 0 0 0 0 
1998 0 0 0 0 0 0 0 0 0 0 0 0 0 0 0 0 0 0 0 0 0 
1999 0 0 0 0 0 0 0 0 0 0 0 0 0 0 0 0 0 0 0 0 0 
2000 0 0 0 0 0 0 0 0 0 0 0 0 0 0 0 0 0 0 0 0 0 
2001 0 0 0 0 0 0 0 0 0 0 0 0 0 0 0 0 0 0 0 0 0 
2002 0 0 0 0 0 0 0 0 0 0 0 0 0 0 0 0 0 0 0 0 0 
2003 0 0 0 0 0 0 0 0 0 0 0 0 0 0 0 0 0 0 0 0 0 
2004 0 0 0 0 0 0 0 0 0 0 0 0 0 0 0 0 0 0 0 0 0 
2005 0 0 0 0 0 0 0 0 0 0 0 0 0 0 0 0 0 0 0 0 0 
2006 0 0 0 0 0 0 0 0 0 0 0 0 0 0 0 0 0 0 0 0 0 
2007 0 0 0 0 0 0 0 0 0 0 0 0 0 0 0 0 0 0 0 0 0 
2008 0 0 0 0 0 0 0 0 0 0 0 0 0 0 0 0 0 0 0 0 0 
2009 0 0 0 0 0 0 0 0 0 0 0 0 0 0 0 0 0 0 0 0 0 
2010 0 0 0 0 0 0 0 0 0 0 0 0 0 0 0 0 0 0 0 0 0 
2011 0 0 0 0 0 0 0 0 0 0 0 0 0 0 0 0 0 0 0 0 0 
2012 0 0 0 0 0 0 0 0 0 0 0 0 0 0 0 0 0 0 0 0 0 
2013 0 0 0 0 0 0 0 0 0 0 0 0 0 0 0 0 0 0 0 0 0 
end_table

