@observation EN_age_sample_sim
age_samples_per_cluster 10 
ageing_error age_error 
average_cluster_weight 6 
cluster_cv 0.6 
cluster_sigma 1.1 
fishery_label Fishing_LL 
layer_of_stratum_definitions area_definition 
max_age 20 
min_age 0 
process_label fishing 
strata_to_include EN 
type mortality_event_biomass_age_clusters 
years 1990 1991 1992 1993 1994 1995 1996 1997 1998 1999 2000 2001 2002 2003 2004 2005 2006 2007 2008 2009 2010 2011 2012 2013 
table obs
1990 0 0 0.0116883 0.0253144 0.0948927 0.0804795 0.0940957 0.0930104 0.0913703 0.0777683 0.0604054 0.076069 0.0389228 0.0535471 0.0361049 0.0214724 0.0165073 0.010883 0.00424721 0.00804036 0.105181 
1991 0 0.0243363 0.0223035 0.0606007 0.0829667 0.0880717 0.0811145 0.0809888 0.0508699 0.0669586 0.027189 0.0605358 0.0331824 0.0367569 0.0457557 0.0302382 0.0197224 0.0302065 0.0286693 0.00783489 0.121698 
1992 0 0.0188848 0.0950622 0.0744149 0.113764 0.0726025 0.0852067 0.0694838 0.0536688 0.0484153 0.0424553 0.0547489 0.037331 0.0376152 0.0391855 0.0269881 0.0130449 0.00523065 0.0190204 0.00943122 0.0834459 
1993 0 0.0135015 0.0123359 0.176845 0.0790426 0.072786 0.0289 0.0524372 0.071463 0.0670757 0.0395916 0.022866 0.0340902 0.0324987 0.041831 0.0250316 0.0169877 0.00909618 0.00897042 0.0074444 0.187206 
1994 0 0.0128612 0.0340132 0.0226292 0.258195 0.0555046 0.066672 0.0427024 0.0598096 0.0390281 0.0462033 0.0391689 0.0259355 0.0313437 0.0434879 0.0123286 0.0141273 0.0264775 0.0368881 0.039068 0.0935557 
1995 0 0.0115343 0.0259115 0.071819 0.0205513 0.343949 0.0849615 0.0868588 0.0414943 0.0342835 0.0206406 0.0159035 0.0121638 0.0233497 0.0223858 0.0187902 0.0243407 0.0282398 0.0237388 0.00479229 0.0842919 
1996 0 0 0.0528544 0.0863143 0.11237 0.0499064 0.23662 0.0582472 0.0521756 0.0654686 0.0288188 0.0232792 0.0156382 0.0126638 0.0148586 0.0249435 0.0282998 0.0265108 0.0120654 0.0118901 0.0870752 
1997 0 0.000550405 0.000550405 0.0786722 0.10508 0.137942 0.048069 0.23999 0.0380945 0.0243806 0.0288663 0.0603289 0.0579367 0.0668482 0.0278226 0.0204164 0.0131412 0.0118845 0.0181906 0.00396495 0.0172701 
1998 0 0.0158817 0.0297719 0.0229449 0.101619 0.0633411 0.0828751 0.0477196 0.195506 0.0684525 0.0655301 0.0313815 0.0271103 0.0279852 0.0196047 0.0235754 0.0113327 0.0118601 0.00472005 0.00427649 0.144512 
1999 0 0.00329018 0.0322154 0.217713 0.0430061 0.142826 0.104502 0.0901704 0.02088 0.125564 0.0297048 0.0432157 0.0354987 0.0103262 0.0192096 0.0119594 0.00934221 0.00675073 0.00623886 0.0027771 0.0448099 
2000 0 0.0136353 0.0212483 0.121773 0.235951 0.0210222 0.0754449 0.0642136 0.0803419 0.0164327 0.093593 0.0288354 0.015549 0.0157461 0.0256146 0.0149108 0.0167968 0.0125146 0.00810146 0.00854506 0.109729 
2001 0 0.0122852 0.0276421 0.100887 0.155469 0.17304 0.027493 0.0910429 0.0431619 0.0756641 0.0237801 0.0916916 0.032207 0.00538707 0.00630137 0.0122354 0.0016916 0.00507479 0.00058561 0.00292805 0.111432 
2002 0 0.0105547 0.0241792 0.195496 0.137835 0.191472 0.133848 0.011885 0.0574618 0.0225626 0.0584835 0.002157 0.0445201 0.0221749 0.00391481 0 0 0 0 0.00858574 0.0748691 
2003 0 0.00360873 0.0910675 0.051798 0.176623 0.1212 0.0801005 0.115182 0.0203189 0.0564926 0.0421005 0.0490683 0.0262034 0.0630063 0.01638 0.0116071 0.0116279 0.00284206 0 0.00314321 0.0576307 
2004 0 0.0363325 0.0441924 0.118482 0.106307 0.184311 0.115291 0.092417 0.0549732 0.00710873 0.0336696 0.0118443 0.0187419 0.0078056 0.0909209 0.0101495 0.0181721 0.00923822 0 0.00321642 0.0368266 
2005 0 0 0.10184 0.0751063 0.16357 0.0406902 0.138526 0.088676 0.102069 0.0749226 0.00156277 0.0164471 0.0379045 0.0225269 0.00245806 0.0595999 0.00770551 0.0142068 0.00427205 0 0.0479156 
2006 0 0 0.00730683 0.247686 0.114493 0.151404 0.0745397 0.0731613 0.0477143 0.0611013 0.0548742 0.00543856 0.0315856 0.0163711 0.00486801 0.00283942 0.0625208 0.00447055 0.0147241 0.00900397 0.0158972 
2007 0 0 0.000611422 0.00174291 0.0385778 0.0153852 0.0344623 0.00972269 0.01235 0.00701186 0.00778452 0.00675717 0.00114911 0.0026687 0.00179797 0.000673124 0.000885137 0.00165133 0.000426018 0.00320781 0.853135 
2008 0 0.0398217 0.0531049 0.00894576 0.0496054 0.330657 0.135372 0.073021 0.0262536 0.0314675 0.0385544 0.037597 0.0524061 0.0124775 0.0130121 0.0201831 0.0310201 0.00101936 0.0123874 0 0.0330938 
2009 0 0.000645165 0.0125864 0.0543893 0.0150029 0.0380441 0.316704 0.107541 0.120129 0.0326516 0.0918496 0.0483642 0.0401404 0.0484196 0.00444863 0.0136726 0.0140512 0.0106764 0.00261176 0.0150138 0.0130588 
2010 0 0 0.0430224 0.0404118 0.0640767 0.0245922 0.0214489 0.316154 0.125664 0.097297 0.0156133 0.0783774 0.0336167 0.0331722 0.0219293 0.0142568 0.0246921 0.00515654 0.0119977 0.00392791 0.0245935 
2011 0 0.00246239 0.00944665 0.115237 0.12494 0.150092 0.0187278 0.0184078 0.188391 0.0775899 0.0783772 0.0150631 0.0862908 0.0436179 0.03542 0.0103262 0.000605095 0.00319464 0.00517909 0 0.0166313 
2012 0 0.0212492 0.0897373 0.00955088 0.193566 0.142753 0.11883 0.00437797 0.0193136 0.118085 0.0257503 0.0459561 0.00993189 0.0657036 0.019346 0.0331887 0.0152844 0.000723725 0.00741494 0.0061383 0.0531001 
2013 0 0.0144911 0.108993 0.151552 0.070123 0.152888 0.0411029 0.0728231 0.0277089 0.0332167 0.129605 0.0341121 0.0323059 0.0226932 0.029398 0.0164232 0.0310376 0.0261995 0.00133176 0.00399528 0 
end_table
table error_values
1990 0 0 0 0 0 0 0 0 0 0 0 0 0 0 0 0 0 0 0 0 0 
1991 0 0 0 0 0 0 0 0 0 0 0 0 0 0 0 0 0 0 0 0 0 
1992 0 0 0 0 0 0 0 0 0 0 0 0 0 0 0 0 0 0 0 0 0 
1993 0 0 0 0 0 0 0 0 0 0 0 0 0 0 0 0 0 0 0 0 0 
1994 0 0 0 0 0 0 0 0 0 0 0 0 0 0 0 0 0 0 0 0 0 
1995 0 0 0 0 0 0 0 0 0 0 0 0 0 0 0 0 0 0 0 0 0 
1996 0 0 0 0 0 0 0 0 0 0 0 0 0 0 0 0 0 0 0 0 0 
1997 0 0 0 0 0 0 0 0 0 0 0 0 0 0 0 0 0 0 0 0 0 
1998 0 0 0 0 0 0 0 0 0 0 0 0 0 0 0 0 0 0 0 0 0 
1999 0 0 0 0 0 0 0 0 0 0 0 0 0 0 0 0 0 0 0 0 0 
2000 0 0 0 0 0 0 0 0 0 0 0 0 0 0 0 0 0 0 0 0 0 
2001 0 0 0 0 0 0 0 0 0 0 0 0 0 0 0 0 0 0 0 0 0 
2002 0 0 0 0 0 0 0 0 0 0 0 0 0 0 0 0 0 0 0 0 0 
2003 0 0 0 0 0 0 0 0 0 0 0 0 0 0 0 0 0 0 0 0 0 
2004 0 0 0 0 0 0 0 0 0 0 0 0 0 0 0 0 0 0 0 0 0 
2005 0 0 0 0 0 0 0 0 0 0 0 0 0 0 0 0 0 0 0 0 0 
2006 0 0 0 0 0 0 0 0 0 0 0 0 0 0 0 0 0 0 0 0 0 
2007 0 0 0 0 0 0 0 0 0 0 0 0 0 0 0 0 0 0 0 0 0 
2008 0 0 0 0 0 0 0 0 0 0 0 0 0 0 0 0 0 0 0 0 0 
2009 0 0 0 0 0 0 0 0 0 0 0 0 0 0 0 0 0 0 0 0 0 
2010 0 0 0 0 0 0 0 0 0 0 0 0 0 0 0 0 0 0 0 0 0 
2011 0 0 0 0 0 0 0 0 0 0 0 0 0 0 0 0 0 0 0 0 0 
2012 0 0 0 0 0 0 0 0 0 0 0 0 0 0 0 0 0 0 0 0 0 
2013 0 0 0 0 0 0 0 0 0 0 0 0 0 0 0 0 0 0 0 0 0 
end_table

