@observation EN_age_sample_sim
age_samples_per_cluster 10 
ageing_error age_error 
average_cluster_weight 6 
cluster_cv 0.6 
cluster_sigma 1.1 
fishery_label Fishing_LL 
layer_of_stratum_definitions area_definition 
max_age 20 
min_age 0 
process_label fishing 
strata_to_include EN 
type mortality_event_biomass_age_clusters 
years 1990 1991 1992 1993 1994 1995 1996 1997 1998 1999 2000 2001 2002 2003 2004 2005 2006 2007 2008 2009 2010 2011 2012 2013 
table obs
1990 0 0.00365936 0.0256908 0.0598867 0.0901336 0.095035 0.102472 0.0850076 0.0638664 0.043329 0.0548718 0.038528 0.0335976 0.036407 0.0338321 0.0220689 0.0230859 0.0103172 0.0109627 0.0113524 0.155896 
1991 0 0.0252068 0.0547261 0.0991181 0.0993687 0.0694883 0.0560518 0.0458002 0.054849 0.0568956 0.0384378 0.0185783 0.0258104 0.0198087 0.0500871 0.024922 0.025199 0.0228395 0.0203371 0.0299744 0.162501 
1992 0 0.0113232 0.114944 0.0805704 0.0791816 0.0821095 0.0588677 0.0680138 0.0712538 0.0496181 0.030973 0.0400325 0.0265885 0.0136443 0.0239378 0.0204576 0.0674076 0.0247939 0.0271113 0.00643652 0.102735 
1993 0 0.0250942 0.010555 0.213413 0.0835382 0.0635436 0.0483185 0.0456443 0.0546089 0.0396036 0.0266757 0.0302043 0.0194362 0.0257792 0.0363689 0.0244482 0.0132747 0.0265584 0.011422 0.00809863 0.193414 
1994 0 0.0143535 0.0224587 0.0269315 0.324044 0.0864113 0.102561 0.0484271 0.0274672 0.0330474 0.0215562 0.0134914 0.0176213 0.023111 0.0219666 0.0331323 0.0185871 0.00280271 0.0277089 0.0124564 0.121864 
1995 0 0 0.00350195 0.0138727 0.0398222 0.278602 0.0995227 0.0819717 0.067481 0.0736508 0.0807159 0.0385225 0.0394566 0.0141014 0.0145797 0.00816848 0.00364622 0.0145588 0.0060111 0.00742738 0.114387 
1996 0 0.0116036 0.032322 0.0689245 0.0935529 0.035459 0.255514 0.053755 0.0471865 0.036485 0.0344934 0.0422234 0.0355367 0.0267433 0.0225448 0.012199 0.0120798 0.0101965 0.0146387 0.020172 0.13437 
1997 0 0.0325007 0.0213095 0.102717 0.0980964 0.126978 0.0277433 0.171283 0.0375285 0.0289225 0.00698884 0.0390664 0.0458748 0.024058 0.0259368 0.0153864 0.0283579 0.0230493 0.0172255 0.0133735 0.113603 
1998 0 0.00566654 0.0528771 0.0209282 0.13848 0.100868 0.0816059 0.033368 0.284782 0.0383041 0.0305918 0.0372774 0.0269014 0.00904675 0.00689911 0.0142025 0.015223 0.00138104 0.00359246 0.00872974 0.0892748 
1999 0 0.0268874 0.0579724 0.19085 0.0402698 0.0877916 0.060565 0.0222163 0.00988573 0.137113 0.0369826 0.0367212 0.0292912 0.0085875 0.0107737 0.0122039 0.0145279 0.0206124 0.027031 0.0214466 0.148271 
2000 0 0.00902787 0.0491285 0.159482 0.230126 0.0390647 0.0992417 0.0793403 0.0452167 0.0502644 0.0780375 0.0194728 0.0157333 0.0117438 0.0140665 0.0242026 0.0191602 0.00549202 0.0029869 0.00571389 0.0424984 
2001 0 0.00159225 0.0424243 0.064516 0.162684 0.194648 0.0636946 0.0674504 0.0364474 0.049326 0.010973 0.0713566 0.0272148 0.0370292 0.0373339 0.0228034 0.0117172 0 0.00974407 0.00517904 0.0838658 
2002 0 0 0.0129082 0.152021 0.138441 0.141121 0.139477 0.0158931 0.0445123 0.0239194 0.0291909 0.00513238 0.128945 0.0525867 0.0414564 0.0215583 0.00761394 0 0.013851 0 0.0313719 
2003 0 0.0501265 0.093529 0.0641766 0.145935 0.101036 0.121276 0.115005 0.0131184 0.0425965 0.0246579 0.016659 0.0187446 0.0656479 0.0120867 0.0141379 0.00165974 0.0130446 0.0300358 0.012243 0.0442831 
2004 0 0.0282896 0.0610601 0.133528 0.08151 0.135737 0.0892093 0.0556707 0.0792169 0.00496149 0.0711502 0.0377912 0.0631824 0.00819722 0.0632863 0.0293519 0.00092123 0.00340302 0.00368492 0.00347856 0.0463693 
2005 0 0.00229835 0.104814 0.0938738 0.164977 0.0556524 0.212012 0.07453 0.0615038 0.0469055 0.00517894 0.0182691 0.0135655 0.00763631 0 0.03192 0.00792065 0.00971963 0.0108845 0.00719592 0.0711429 
2006 0 0 0.00765752 0.189021 0.107437 0.139323 0.0894213 0.15864 0.0596599 0.060577 0.0746404 0.0165882 0.0319559 0.0182645 0.0198416 0 0.0231664 0.00126877 0.00190316 0.000634386 0 
2007 0 0.00054862 9.14367e-005 0.000681582 0.0186791 0.0094139 0.0175223 0.0035836 0.00658947 0.0022392 0.00227553 0.0031605 0.000512373 0.00171133 0.00092376 0.00103679 0.000300998 0.000494483 9.29557e-005 0.000905727 0.929236 
2008 0 0.00365097 0.0685213 0.0192144 0.0609319 0.318846 0.106822 0.0856048 0.0646833 0.0805097 0.0539088 0.0329539 0.0456768 0 0.00461389 0.00230694 0.00565143 0.00199258 0.0206527 0.00610776 0.017351 
2009 0 0.0230317 0.0667513 0.103362 0.0307081 0.0509763 0.221854 0.0670177 0.089819 0.0258467 0.054349 0.0354904 0.046423 0.0631836 0.0226879 0.0298044 0.00491049 0.0163425 0 0.0155866 0.0318547 
2010 0 0 0.0413664 0.0530115 0.109299 0.0538796 0.0992943 0.219659 0.0900974 0.100842 0.0205494 0.0402102 0.0347949 0.0390813 0.0459775 0 0 0.00611895 0.0160381 0.00276963 0.0270114 
2011 0 0.0101805 0.0271219 0.0824085 0.107943 0.0961109 0.0253631 0.0298016 0.151952 0.0668958 0.0384884 0.0129171 0.100079 0.0566101 0.0403906 0.0378498 0.00658157 0.0160385 0.0141306 0.00187204 0.0772655 
2012 0 0.00284478 0.062781 0.0395194 0.171912 0.0748406 0.0837757 0.0191445 0.0378342 0.112316 0.0396127 0.0592239 0.0219368 0.0657464 0.0283172 0.0422625 0.0267054 0.0028335 0.0203077 0.0280141 0.060072 
2013 0 0.00394478 0.108748 0.101869 0.0441083 0.238455 0.0714 0.0612387 0.0314086 0.0293983 0.150201 0.0268917 0.0309518 0.00568798 0.0158232 0.0227429 0.0151053 0.0134975 0.00321565 0 0.0253123 
end_table
table error_values
1990 0 0 0 0 0 0 0 0 0 0 0 0 0 0 0 0 0 0 0 0 0 
1991 0 0 0 0 0 0 0 0 0 0 0 0 0 0 0 0 0 0 0 0 0 
1992 0 0 0 0 0 0 0 0 0 0 0 0 0 0 0 0 0 0 0 0 0 
1993 0 0 0 0 0 0 0 0 0 0 0 0 0 0 0 0 0 0 0 0 0 
1994 0 0 0 0 0 0 0 0 0 0 0 0 0 0 0 0 0 0 0 0 0 
1995 0 0 0 0 0 0 0 0 0 0 0 0 0 0 0 0 0 0 0 0 0 
1996 0 0 0 0 0 0 0 0 0 0 0 0 0 0 0 0 0 0 0 0 0 
1997 0 0 0 0 0 0 0 0 0 0 0 0 0 0 0 0 0 0 0 0 0 
1998 0 0 0 0 0 0 0 0 0 0 0 0 0 0 0 0 0 0 0 0 0 
1999 0 0 0 0 0 0 0 0 0 0 0 0 0 0 0 0 0 0 0 0 0 
2000 0 0 0 0 0 0 0 0 0 0 0 0 0 0 0 0 0 0 0 0 0 
2001 0 0 0 0 0 0 0 0 0 0 0 0 0 0 0 0 0 0 0 0 0 
2002 0 0 0 0 0 0 0 0 0 0 0 0 0 0 0 0 0 0 0 0 0 
2003 0 0 0 0 0 0 0 0 0 0 0 0 0 0 0 0 0 0 0 0 0 
2004 0 0 0 0 0 0 0 0 0 0 0 0 0 0 0 0 0 0 0 0 0 
2005 0 0 0 0 0 0 0 0 0 0 0 0 0 0 0 0 0 0 0 0 0 
2006 0 0 0 0 0 0 0 0 0 0 0 0 0 0 0 0 0 0 0 0 0 
2007 0 0 0 0 0 0 0 0 0 0 0 0 0 0 0 0 0 0 0 0 0 
2008 0 0 0 0 0 0 0 0 0 0 0 0 0 0 0 0 0 0 0 0 0 
2009 0 0 0 0 0 0 0 0 0 0 0 0 0 0 0 0 0 0 0 0 0 
2010 0 0 0 0 0 0 0 0 0 0 0 0 0 0 0 0 0 0 0 0 0 
2011 0 0 0 0 0 0 0 0 0 0 0 0 0 0 0 0 0 0 0 0 0 
2012 0 0 0 0 0 0 0 0 0 0 0 0 0 0 0 0 0 0 0 0 0 
2013 0 0 0 0 0 0 0 0 0 0 0 0 0 0 0 0 0 0 0 0 0 
end_table

