@observation EN_age_sample_sim
age_samples_per_cluster 10 
ageing_error age_error 
average_cluster_weight 6 
cluster_cv 0.6 
cluster_sigma 1.1 
fishery_label Fishing_LL 
layer_of_stratum_definitions area_definition 
max_age 20 
min_age 0 
process_label fishing 
strata_to_include EN 
type mortality_event_biomass_age_clusters 
years 1990 1991 1992 1993 1994 1995 1996 1997 1998 1999 2000 2001 2002 2003 2004 2005 2006 2007 2008 2009 2010 2011 2012 2013 
table obs
1990 0 0.00192745 0.0327931 0.060783 0.116584 0.131526 0.0837461 0.0635497 0.039004 0.0462776 0.0325893 0.0340352 0.0219063 0.00808003 0.0251866 0.0494839 0.04308 0.0367175 0.0326231 0.0158237 0.124283 
1991 0 0.0337283 0.0522444 0.0484437 0.0860832 0.089876 0.0603138 0.036027 0.0580466 0.0510861 0.0435423 0.0377987 0.0381294 0.0230012 0.0663015 0.0470972 0.0357236 0.0285312 0.0180162 0.0188388 0.127171 
1992 0 0 0.171635 0.0862186 0.149515 0.0696472 0.0556991 0.0726943 0.0543341 0.048548 0.0385857 0.0164825 0.0229842 0.0241885 0.0150091 0.0300553 0.020348 0.0197258 0.00571569 0.010261 0.0883528 
1993 0 0.00201181 0.00835605 0.230147 0.137752 0.0942967 0.0772035 0.101764 0.0674856 0.0418228 0.0192567 0.0167119 0.0269651 0.0159067 0.0391491 0.0135161 0.00782743 0.00410543 0.00602023 0.00857716 0.0811237 
1994 0 0.00496764 0.0187058 0.0187121 0.245625 0.0710255 0.0483817 0.0861591 0.0428376 0.0523426 0.0329084 0.0229643 0.0210048 0.0335215 0.0492213 0.0338131 0.0161688 0.0301133 0.0261664 0.0171857 0.128175 
1995 0 0 0.0261663 0.037892 0.0164125 0.347221 0.101468 0.101234 0.0544741 0.0398325 0.0199424 0.0375712 0.032331 0.0290143 0.0207069 0.0155119 0.00606042 0.00899919 0.00266832 0.00531574 0.0971781 
1996 0 0.00172528 0.0264464 0.0487865 0.0892923 0.0436342 0.349511 0.0647723 0.0493025 0.0294656 0.0367474 0.0184323 0.0314925 0.0336727 0.0262891 0.0286014 0.010348 0.00997858 0.0117855 0.0160811 0.0736353 
1997 0 0.00995411 0.00497524 0.0827477 0.0939064 0.109297 0.0321843 0.28971 0.0503707 0.0665445 0.0352727 0.0119906 0.0215071 0.0206788 0.0302423 0.0293186 0.0238827 0.01864 0.0110987 0.0138112 0.0438674 
1998 0 0.0212322 0.0386567 0.0224434 0.0954315 0.0980791 0.111033 0.0266316 0.173822 0.0281812 0.0312066 0.0240791 0.0406918 0.0115338 0.016391 0.0096464 0.0152367 0.0111237 0.00256593 0.0129428 0.209072 
1999 0 0.00417446 0.0337851 0.132105 0.047064 0.169141 0.0839373 0.0977933 0.0285147 0.204731 0.0573768 0.0454447 0.0257049 0.00664392 0.00673952 0.00784421 0.0137627 0.00327146 0.00160559 0.00257238 0.027788 
2000 0 0.0114863 0.0761572 0.0892152 0.203145 0.0570938 0.114675 0.0850869 0.0393695 0.0185616 0.111828 0.0141247 0.0238106 0.0215325 0.0206766 0.00815941 0.006314 0.00296791 0 0.00419034 0.0916064 
2001 0 0.0116616 0.0444916 0.0612779 0.210655 0.186533 0.0240399 0.0709284 0.0661104 0.071282 0.00837853 0.0766494 0.0326479 0.014122 0.00420349 0.00210175 0.00838312 0.00558875 0 0.00191844 0.0990272 
2002 0 0.0544701 0.0264823 0.117101 0.152229 0.131266 0.150343 0.00687624 0.0414365 0.0366477 0.0547215 0.0145694 0.0386565 0.00238183 0.00718553 0.00724822 0.00269761 0.0189347 0.0232614 0.0273073 0.0861842 
2003 0 0.00712956 0.046038 0.0448281 0.147578 0.0878249 0.10941 0.103604 0.00946416 0.0599286 0.0418913 0.0183842 0.023626 0.124187 0.0129953 0.00827716 0.0339626 0.0173331 0.0238948 0.012434 0.0672086 
2004 0 0.0383508 0.0336059 0.107898 0.0517533 0.214022 0.0919522 0.112385 0.153305 0.0307842 0.014195 0.0103837 0.0195851 0.00948881 0.0512234 0.0159471 0.00776439 0.0036401 0.00185472 0.00226984 0.0295923 
2005 0 0.00396237 0.112512 0.0796845 0.165418 0.0328821 0.146081 0.112399 0.0830887 0.0790562 0.00683602 0.0161733 0.0248132 0.0192596 0.00242291 0.0515252 0.0145271 0.0203296 0.00514267 0.00413999 0.0197465 
2006 0 0 0.0064472 0.205911 0.109993 0.15811 0.127566 0.118806 0.0438049 0.0704267 0.0630146 0.00114934 0.00114934 0.00114934 0 0 0.0552176 0.00656392 0 0 0.0306918 
2007 0 0 0 7.81812e-005 0.021617 0.0124458 0.0152709 0.0039392 0.00824025 0.00481391 0.00257587 0.00308647 0.000856724 0.000106196 0.000725197 0.000106419 0.000159406 0.00119224 0.000158174 0.000158174 0.92447 
2008 0 0.00087207 0.039215 0.00725297 0.0171821 0.213124 0.0563876 0.101024 0.0154332 0.0730093 0.0571157 0.0519608 0.0741087 0.0105891 0.0310146 0.035687 0.0166027 0.0210561 0.105265 0.00452705 0.0685738 
2009 0 0.0223227 0.0257641 0.130778 0.0383698 0.0216776 0.181878 0.089504 0.0878317 0.0297043 0.0820926 0.0476743 0.0390171 0.0626957 0.0141382 0.0399659 0.0187508 0.0311261 0.00664552 0.0164487 0.0136147 
2010 0 0 0.0724086 0.121822 0.0963464 0.0282251 0.0228531 0.160089 0.078649 0.121869 0.0359359 0.0681711 0.0264942 0.0386638 0.0415735 0.00305634 0.0169639 0.00267593 0.0169767 0 0.0472261 
2011 0 0.020836 0.0298437 0.0835272 0.0937645 0.115203 0.0276877 0.0153767 0.191248 0.0632924 0.0757817 0.0258953 0.0947977 0.0486847 0.0499555 0.0230147 0 0 0 0 0.041091 
2012 0 0.0424855 0.0818952 0.0340511 0.152539 0.124147 0.105026 0.00985467 0.0250113 0.153506 0.0335148 0.0694095 0.00549998 0.0345052 0.0290251 0.0244974 0.0322384 0.00392588 0.00999123 0.0132623 0.0156147 
2013 0 0.00424288 0.102968 0.136401 0.0668501 0.15331 0.0899157 0.0691371 0.0101496 0.0207238 0.184131 0.0400544 0.026505 0.0116319 0.0331821 0.00808281 0.0191452 0.00257061 0 0 0.0209981 
end_table
table error_values
1990 0 0 0 0 0 0 0 0 0 0 0 0 0 0 0 0 0 0 0 0 0 
1991 0 0 0 0 0 0 0 0 0 0 0 0 0 0 0 0 0 0 0 0 0 
1992 0 0 0 0 0 0 0 0 0 0 0 0 0 0 0 0 0 0 0 0 0 
1993 0 0 0 0 0 0 0 0 0 0 0 0 0 0 0 0 0 0 0 0 0 
1994 0 0 0 0 0 0 0 0 0 0 0 0 0 0 0 0 0 0 0 0 0 
1995 0 0 0 0 0 0 0 0 0 0 0 0 0 0 0 0 0 0 0 0 0 
1996 0 0 0 0 0 0 0 0 0 0 0 0 0 0 0 0 0 0 0 0 0 
1997 0 0 0 0 0 0 0 0 0 0 0 0 0 0 0 0 0 0 0 0 0 
1998 0 0 0 0 0 0 0 0 0 0 0 0 0 0 0 0 0 0 0 0 0 
1999 0 0 0 0 0 0 0 0 0 0 0 0 0 0 0 0 0 0 0 0 0 
2000 0 0 0 0 0 0 0 0 0 0 0 0 0 0 0 0 0 0 0 0 0 
2001 0 0 0 0 0 0 0 0 0 0 0 0 0 0 0 0 0 0 0 0 0 
2002 0 0 0 0 0 0 0 0 0 0 0 0 0 0 0 0 0 0 0 0 0 
2003 0 0 0 0 0 0 0 0 0 0 0 0 0 0 0 0 0 0 0 0 0 
2004 0 0 0 0 0 0 0 0 0 0 0 0 0 0 0 0 0 0 0 0 0 
2005 0 0 0 0 0 0 0 0 0 0 0 0 0 0 0 0 0 0 0 0 0 
2006 0 0 0 0 0 0 0 0 0 0 0 0 0 0 0 0 0 0 0 0 0 
2007 0 0 0 0 0 0 0 0 0 0 0 0 0 0 0 0 0 0 0 0 0 
2008 0 0 0 0 0 0 0 0 0 0 0 0 0 0 0 0 0 0 0 0 0 
2009 0 0 0 0 0 0 0 0 0 0 0 0 0 0 0 0 0 0 0 0 0 
2010 0 0 0 0 0 0 0 0 0 0 0 0 0 0 0 0 0 0 0 0 0 
2011 0 0 0 0 0 0 0 0 0 0 0 0 0 0 0 0 0 0 0 0 0 
2012 0 0 0 0 0 0 0 0 0 0 0 0 0 0 0 0 0 0 0 0 0 
2013 0 0 0 0 0 0 0 0 0 0 0 0 0 0 0 0 0 0 0 0 0 
end_table

