@observation EN_age_sample_sim
age_samples_per_cluster 10 
ageing_error age_error 
average_cluster_weight 6 
cluster_cv 0.6 
cluster_sigma 1.1 
fishery_label Fishing_LL 
layer_of_stratum_definitions area_definition 
max_age 20 
min_age 0 
process_label fishing 
strata_to_include EN 
type mortality_event_biomass_age_clusters 
years 1990 1991 1992 1993 1994 1995 1996 1997 1998 1999 2000 2001 2002 2003 2004 2005 2006 2007 2008 2009 2010 2011 2012 2013 
table obs
1990 0 0.0236927 0.0449019 0.0917592 0.100582 0.0597875 0.0705353 0.0435402 0.0402746 0.0585854 0.0644172 0.0239146 0.0172248 0.0245762 0.0363664 0.0479708 0.0360454 0.0281799 0.0333962 0.0331124 0.121137 
1991 0 0.0234541 0.0312835 0.0419446 0.0617115 0.0645864 0.0915793 0.0839623 0.0535329 0.0580934 0.0595137 0.0520633 0.0263499 0.031973 0.0423877 0.0217852 0.0190016 0.0269141 0.0137375 0.00488385 0.191242 
1992 0 0.00279785 0.0932855 0.075821 0.0976815 0.0927069 0.0854054 0.0645779 0.0823171 0.0436214 0.0540488 0.0402143 0.0173094 0.0174558 0.0152114 0.0105871 0.0200744 0.0238308 0.00423113 0.0201264 0.138696 
1993 0 0.00688605 0.00982807 0.20135 0.0548771 0.0744848 0.0843797 0.112744 0.0565702 0.0495648 0.0429033 0.0314339 0.0228176 0.0308374 0.024594 0.0310694 0.0379235 0.0210519 0.0102448 0.0118923 0.0845473 
1994 0 0.0100316 0.0418464 0.0378283 0.288962 0.055834 0.0551944 0.0472485 0.0360927 0.0452512 0.0182706 0.028604 0.0383143 0.0207965 0.0385151 0.026978 0.0152074 0.006263 0.00300177 0.00802961 0.177731 
1995 0 0.0143828 0.0327035 0.0549923 0.0311921 0.198814 0.0662124 0.13053 0.0673663 0.047734 0.0285619 0.0484446 0.0155326 0.0287728 0.0273426 0.0246311 0.022615 0.0240371 0.0107106 0.00585182 0.119572 
1996 0 0.0205059 0.0346363 0.0291104 0.081134 0.0422098 0.224201 0.0720661 0.105844 0.0670587 0.0434372 0.0588082 0.0404045 0.0278941 0.0200248 0.0403998 0.0180123 0.0190936 0.00836973 0.00321497 0.0435754 
1997 0 0.040608 0.0133926 0.0375407 0.0409966 0.075288 0.0169577 0.314222 0.0259598 0.0485176 0.0432174 0.0336779 0.028031 0.0279855 0.0682466 0.0260296 0.0146728 0.0107948 0.00871734 0.0019525 0.123192 
1998 0 0.0220471 0.0807526 0.025945 0.134963 0.109446 0.116246 0.0299332 0.154131 0.0510166 0.043708 0.00986064 0.0182388 0.0196885 0.0147268 0.025226 0.00325082 0.0207189 0.0183351 0.00373197 0.0980331 
1999 0 0.00642058 0.0556482 0.136791 0.0387739 0.109145 0.0810341 0.0952431 0.0168493 0.166462 0.0333 0.0231393 0.0318744 0.0367294 0.0453786 0.0145763 0.0112181 0.0111362 0.00929458 0.00685567 0.0701311 
2000 0 0.0362855 0.0825562 0.102925 0.22223 0.0564861 0.118567 0.080645 0.0348793 0.022128 0.0742919 0.0325999 0.0364323 0.0297939 0.0157226 0.0160699 0.00887936 0.0118391 0 0 0.0176695 
2001 0 0 0.0866976 0.105664 0.156216 0.153383 0.0163694 0.0843783 0.0603953 0.0514797 0.013921 0.128479 0.0262314 0.00939351 0.00859747 0.00638095 0.00388741 0.00632548 0.00465838 0.00244849 0.0750941 
2002 0 0.0173798 0.0307308 0.135889 0.152579 0.136688 0.143332 0.0278541 0.0721848 0.0433681 0.0272089 0.0213447 0.0635508 0.00364382 0.0077935 0.0222595 0.0231233 0.0185056 0.00968471 0 0.0428805 
2003 0 0.00686784 0.0599452 0.078515 0.161513 0.112209 0.113366 0.130249 0.0184615 0.0246841 0.0135669 0.0150602 0.00284372 0.0580206 0.0332986 0.00900948 0.0237987 0.0171023 0.0175724 0.0135168 0.0903995 
2004 0 0.0259345 0.0399528 0.0877647 0.0565253 0.126527 0.10799 0.139804 0.086165 0.0128548 0.0343877 0.00492432 0.0103683 0.0141447 0.133433 0.0436776 0.00510538 0.00676476 0.000569294 0.00304942 0.0600572 
2005 0 0 0.0110945 0.0479092 0.127443 0.0644801 0.172301 0.0969205 0.0964784 0.109689 0.0189897 0.0264553 0.0236744 0.021923 0.00260539 0.0654386 0.00953711 0.0193391 0.0172498 0.0021701 0.066302 
2006 0 0.0147721 0.0151545 0.127516 0.103838 0.165945 0.0580367 0.15372 0.102306 0.0895199 0.0912577 0.00438872 0.0213133 0.00953991 0.0118347 0 0 0 0 0 0.0308575 
2007 0 0 0.00647656 0.00878664 0.230992 0.0883857 0.258048 0.0489814 0.112239 0.0510289 0.0503319 0.0470827 0.0154598 0.0144737 0.0217685 0.0237978 0.00262375 0.012453 0.00523308 0.00183823 0 
2008 0 0.00151635 0.0212883 0.012226 0.036545 0.262939 0.166321 0.136672 0.053832 0.0976403 0.0449149 0.0309456 0.0213844 0.00325149 0.00344036 0.00601111 0.00211012 0.00255026 0.0439913 0.0029904 0.0494303 
2009 0 0.00903982 0.0644328 0.0518562 0.0334154 0.0336923 0.327523 0.106207 0.0777903 0.0261195 0.111633 0.0579162 0.0267772 0.0128529 0 0.00100164 0.00324219 0.0118193 0.00200329 0.0265015 0.0161759 
2010 0 0 0.0213614 0.0296257 0.0478119 0.0149834 0.0217808 0.239265 0.0982051 0.0862766 0.0352878 0.114244 0.076139 0.0595514 0.0467672 0.00299916 0 0.0140945 0.0302869 0.00254851 0.0587724 
2011 0 0.0303866 0.0280769 0.138321 0.0995087 0.141418 0.0219804 0.0270743 0.182494 0.031637 0.04444 0.00394444 0.079878 0.0392067 0.0284412 0.0142634 0 0.00789346 0.0297347 0.00599377 0.0453078 
2012 0 0.0142071 0.101506 0.0227608 0.118865 0.0770794 0.0634813 0.00802031 0.0285308 0.132453 0.054799 0.10265 0.0205665 0.05657 0.0351767 0.021742 0.00827778 0.00250273 0.0145823 0.031175 0.0850538 
2013 0 0.01085 0.175834 0.0936596 0.046427 0.137863 0.0826825 0.0920063 0.0165059 0.0173888 0.0907164 0.049219 0.0429495 0.00735765 0.0229615 0.0148754 0.0250594 0.0138017 0.00221215 0.00228852 0.0553426 
end_table
table error_values
1990 0 0 0 0 0 0 0 0 0 0 0 0 0 0 0 0 0 0 0 0 0 
1991 0 0 0 0 0 0 0 0 0 0 0 0 0 0 0 0 0 0 0 0 0 
1992 0 0 0 0 0 0 0 0 0 0 0 0 0 0 0 0 0 0 0 0 0 
1993 0 0 0 0 0 0 0 0 0 0 0 0 0 0 0 0 0 0 0 0 0 
1994 0 0 0 0 0 0 0 0 0 0 0 0 0 0 0 0 0 0 0 0 0 
1995 0 0 0 0 0 0 0 0 0 0 0 0 0 0 0 0 0 0 0 0 0 
1996 0 0 0 0 0 0 0 0 0 0 0 0 0 0 0 0 0 0 0 0 0 
1997 0 0 0 0 0 0 0 0 0 0 0 0 0 0 0 0 0 0 0 0 0 
1998 0 0 0 0 0 0 0 0 0 0 0 0 0 0 0 0 0 0 0 0 0 
1999 0 0 0 0 0 0 0 0 0 0 0 0 0 0 0 0 0 0 0 0 0 
2000 0 0 0 0 0 0 0 0 0 0 0 0 0 0 0 0 0 0 0 0 0 
2001 0 0 0 0 0 0 0 0 0 0 0 0 0 0 0 0 0 0 0 0 0 
2002 0 0 0 0 0 0 0 0 0 0 0 0 0 0 0 0 0 0 0 0 0 
2003 0 0 0 0 0 0 0 0 0 0 0 0 0 0 0 0 0 0 0 0 0 
2004 0 0 0 0 0 0 0 0 0 0 0 0 0 0 0 0 0 0 0 0 0 
2005 0 0 0 0 0 0 0 0 0 0 0 0 0 0 0 0 0 0 0 0 0 
2006 0 0 0 0 0 0 0 0 0 0 0 0 0 0 0 0 0 0 0 0 0 
2007 0 0 0 0 0 0 0 0 0 0 0 0 0 0 0 0 0 0 0 0 0 
2008 0 0 0 0 0 0 0 0 0 0 0 0 0 0 0 0 0 0 0 0 0 
2009 0 0 0 0 0 0 0 0 0 0 0 0 0 0 0 0 0 0 0 0 0 
2010 0 0 0 0 0 0 0 0 0 0 0 0 0 0 0 0 0 0 0 0 0 
2011 0 0 0 0 0 0 0 0 0 0 0 0 0 0 0 0 0 0 0 0 0 
2012 0 0 0 0 0 0 0 0 0 0 0 0 0 0 0 0 0 0 0 0 0 
2013 0 0 0 0 0 0 0 0 0 0 0 0 0 0 0 0 0 0 0 0 0 
end_table

