@observation EN_age_sample_sim
age_samples_per_cluster 10 
ageing_error age_error 
average_cluster_weight 6 
cluster_cv 0.6 
cluster_sigma 1.1 
fishery_label Fishing_LL 
layer_of_stratum_definitions area_definition 
max_age 20 
min_age 0 
process_label fishing 
strata_to_include EN 
type mortality_event_biomass_age_clusters 
years 1990 1991 1992 1993 1994 1995 1996 1997 1998 1999 2000 2001 2002 2003 2004 2005 2006 2007 2008 2009 2010 2011 2012 2013 
table obs
1990 0 0.0106131 0.0132132 0.0476167 0.0984919 0.088094 0.0934752 0.126619 0.0944449 0.0727515 0.0595174 0.0331554 0.0263842 0.0260258 0.01931 0.0173985 0.00617169 0.00995202 0.0238245 0.0123227 0.120618 
1991 0 0.036075 0.0546889 0.0582902 0.0561636 0.0670132 0.0451559 0.0579502 0.0598575 0.0574613 0.0768923 0.0576234 0.0316955 0.0393254 0.0321186 0.0310011 0.02746 0.0194753 0.032872 0.0325794 0.126301 
1992 0 0 0.0420678 0.0478672 0.0990168 0.0508356 0.0749846 0.0931796 0.0890736 0.0684372 0.0315532 0.0427078 0.036334 0.0710091 0.0617187 0.0183421 0.014607 0.00931227 0.0112498 0.0394611 0.0982424 
1993 0 0.0153324 0.0243577 0.326903 0.126214 0.0568753 0.0339618 0.0556734 0.0289126 0.0207059 0.0225494 0.0116522 0.0261591 0.0122906 0.0350929 0.0123314 0.00753674 0.0048278 0.00300165 0.00511446 0.170508 
1994 0 0.00545819 0.0643264 0.041445 0.296952 0.0546533 0.0649561 0.0794167 0.0600302 0.0706213 0.0417412 0.055677 0.0361829 0.0112113 0.0298896 0.0184894 0.00650878 0.00785021 0.0040774 0.00188173 0.0486316 
1995 0 0 0.00831387 0.0362912 0.0129427 0.255442 0.0432506 0.0512216 0.064276 0.0545796 0.0720248 0.133541 0.0455938 0.0376981 0.0370741 0.0307225 0.0159281 0.0174937 0.0204328 0.011623 0.0515511 
1996 0 0 0.0252882 0.0484136 0.11442 0.0294889 0.315908 0.0498692 0.0667846 0.0399364 0.0425045 0.0263583 0.0214629 0.0253274 0.0201729 0.00727086 0.0245424 0.0283148 0.0103768 0.0173845 0.0861749 
1997 0 0.0146413 0.00528635 0.180529 0.0902934 0.0713854 0.0233131 0.17593 0.0682193 0.0637317 0.0398852 0.0223491 0.0340799 0.0145425 0.00635066 0.00764846 0.0269696 0.0248985 0.0102096 0.0152919 0.104445 
1998 0 0.0160627 0.0448028 0.016171 0.17021 0.130039 0.130882 0.0456095 0.142868 0.0603039 0.0442933 0.0276464 0.0169351 0.00494969 0.0238162 0.00721601 0.00805954 0.0280828 0.0138131 0.000978825 0.0672605 
1999 0 0.0174883 0.107189 0.144421 0.0569961 0.109754 0.0623638 0.0466674 0.0330592 0.143363 0.0362936 0.0145766 0.0182064 0.041224 0.00824102 0.0170958 0.0035857 0.00381325 0.0171129 0.00790991 0.110639 
2000 0 0 0.0341354 0.16354 0.248571 0.0171246 0.0483535 0.0373058 0.0483777 0.0317152 0.143072 0.0674672 0.031691 0.0458976 0.0248675 0.0304228 0.00981843 0.00149062 0.00259888 0.00340332 0.0101478 
2001 0 0.00581122 0.0689406 0.110787 0.118702 0.181745 0.0275128 0.0848464 0.0448556 0.0436925 0.032147 0.122104 0.0366788 0.022867 0.0153011 0.0130829 0.0117457 0.00936734 0.00667637 0.000742979 0.0423933 
2002 0 0.0122543 0.0315388 0.193183 0.2016 0.122938 0.145133 0.00988499 0.025804 0.0560432 0.018944 0.00600529 0.0323619 0.0106038 0.0192718 0.0213429 0.00809023 0.0042494 0.00434309 0.00456031 0.0718487 
2003 0 0.0175174 0.0510967 0.0364083 0.176204 0.13405 0.107503 0.139866 0.00796952 0.0361498 0.0311047 0.0355297 0.00853031 0.113845 0.0129807 0.0107968 0.0280694 0.0175663 0.0113443 0.0060525 0.0174135 
2004 0 0.0181289 0.0577613 0.118504 0.0965955 0.193147 0.151641 0.13693 0.118573 0.00537661 0.0151128 0.00682969 0.00557349 0.00357674 0.0258381 0.00758266 0.00730738 0.00582944 0 0.00100444 0.0246875 
2005 0 0.00940102 0.138128 0.0410562 0.131 0.0769086 0.199613 0.076529 0.0968042 0.0557783 0.00342389 0.0150966 0.0177847 0.0049465 0.000713845 0.0197478 0.00455814 0.00830709 0.018422 0.00632334 0.0754578 
2006 0 0 0.00651458 0.186715 0.140701 0.13861 0.0868076 0.0957317 0.0554207 0.0943882 0.0939111 0.0169419 0.0330171 0.00746994 0.00381065 0.00697326 0.0168034 0.000613154 0.00203796 0.000613154 0.0129186 
2007 0 9.28109e-005 0.000604986 0.00409715 0.0276956 0.0109892 0.0326209 0.00198519 0.0154002 0.00886017 0.00588088 0.00982303 0.000962573 0.00190046 0.00114269 0.000813243 0 0.00393469 0.000513066 0.00497498 0.867708 
2008 0 0.0024392 0.0278114 0.00320115 0.0374158 0.209747 0.164464 0.162134 0.0486767 0.124592 0.042376 0.0361649 0.0258839 0.00115302 0.00439701 0.00313053 0.0111515 0.0188504 0.0421606 0.0166887 0.0175625 
2009 0 0.00796691 0.042714 0.0844465 0.0325272 0.0284092 0.289196 0.0769119 0.065605 0.0461406 0.0971684 0.069675 0.0262451 0.0143155 0 0.0209028 0.0226466 0.0178256 0.0117044 0.0134021 0.0321968 
2010 0 0.00125837 0.0213216 0.0450899 0.11561 0.0202069 0.0221985 0.275129 0.0965272 0.100989 0.0523216 0.0642402 0.0312118 0.0498512 0.0367673 0.00481573 0.006901 0.00132586 0.00783374 0 0.0464009 
2011 0 0.0342329 0.0214202 0.154588 0.144202 0.115842 0.0132218 0.0363693 0.132764 0.0760948 0.0933094 0.0246781 0.0517616 0.0289176 0.0165974 0.0160027 0.00391181 0.0125136 0.0073203 0.00212237 0.0141311 
2012 0 0.0462186 0.055554 0.0230923 0.134892 0.0587621 0.0781318 0.0171661 0.0419308 0.153972 0.0534046 0.0515813 0.0161857 0.0566102 0.029349 0.0491762 0.0169629 0 0.010309 0.00919835 0.0975027 
2013 0 0.00407395 0.172041 0.149805 0.0532634 0.148649 0.0851493 0.0557597 0.0280303 0.0236074 0.135034 0.0305192 0.0478391 0.00211809 0.0273165 0.00491784 0 0 0 0 0.031877 
end_table
table error_values
1990 0 0 0 0 0 0 0 0 0 0 0 0 0 0 0 0 0 0 0 0 0 
1991 0 0 0 0 0 0 0 0 0 0 0 0 0 0 0 0 0 0 0 0 0 
1992 0 0 0 0 0 0 0 0 0 0 0 0 0 0 0 0 0 0 0 0 0 
1993 0 0 0 0 0 0 0 0 0 0 0 0 0 0 0 0 0 0 0 0 0 
1994 0 0 0 0 0 0 0 0 0 0 0 0 0 0 0 0 0 0 0 0 0 
1995 0 0 0 0 0 0 0 0 0 0 0 0 0 0 0 0 0 0 0 0 0 
1996 0 0 0 0 0 0 0 0 0 0 0 0 0 0 0 0 0 0 0 0 0 
1997 0 0 0 0 0 0 0 0 0 0 0 0 0 0 0 0 0 0 0 0 0 
1998 0 0 0 0 0 0 0 0 0 0 0 0 0 0 0 0 0 0 0 0 0 
1999 0 0 0 0 0 0 0 0 0 0 0 0 0 0 0 0 0 0 0 0 0 
2000 0 0 0 0 0 0 0 0 0 0 0 0 0 0 0 0 0 0 0 0 0 
2001 0 0 0 0 0 0 0 0 0 0 0 0 0 0 0 0 0 0 0 0 0 
2002 0 0 0 0 0 0 0 0 0 0 0 0 0 0 0 0 0 0 0 0 0 
2003 0 0 0 0 0 0 0 0 0 0 0 0 0 0 0 0 0 0 0 0 0 
2004 0 0 0 0 0 0 0 0 0 0 0 0 0 0 0 0 0 0 0 0 0 
2005 0 0 0 0 0 0 0 0 0 0 0 0 0 0 0 0 0 0 0 0 0 
2006 0 0 0 0 0 0 0 0 0 0 0 0 0 0 0 0 0 0 0 0 0 
2007 0 0 0 0 0 0 0 0 0 0 0 0 0 0 0 0 0 0 0 0 0 
2008 0 0 0 0 0 0 0 0 0 0 0 0 0 0 0 0 0 0 0 0 0 
2009 0 0 0 0 0 0 0 0 0 0 0 0 0 0 0 0 0 0 0 0 0 
2010 0 0 0 0 0 0 0 0 0 0 0 0 0 0 0 0 0 0 0 0 0 
2011 0 0 0 0 0 0 0 0 0 0 0 0 0 0 0 0 0 0 0 0 0 
2012 0 0 0 0 0 0 0 0 0 0 0 0 0 0 0 0 0 0 0 0 0 
2013 0 0 0 0 0 0 0 0 0 0 0 0 0 0 0 0 0 0 0 0 0 
end_table

