@observation EN_age_sample_sim
age_samples_per_cluster 10 
ageing_error age_error 
average_cluster_weight 6 
cluster_cv 0.6 
cluster_sigma 1.1 
fishery_label Fishing_LL 
layer_of_stratum_definitions area_definition 
max_age 20 
min_age 0 
process_label fishing 
strata_to_include EN 
type mortality_event_biomass_age_clusters 
years 1990 1991 1992 1993 1994 1995 1996 1997 1998 1999 2000 2001 2002 2003 2004 2005 2006 2007 2008 2009 2010 2011 2012 2013 
table obs
1990 0 0 0.0248349 0.071013 0.0872913 0.0920513 0.12124 0.0770907 0.0531636 0.0344584 0.0243389 0.042755 0.019859 0.0302913 0.0279687 0.0213045 0.0124481 0.0134498 0.0345972 0.0445902 0.167254 
1991 0 0.0203058 0.0190732 0.0515195 0.0530109 0.0770399 0.0612369 0.0396766 0.0483709 0.0619235 0.0666781 0.0619022 0.071078 0.045142 0.0377003 0.0218502 0.0209567 0.00858924 0.0106223 0.0131129 0.210211 
1992 0 0.00119049 0.125485 0.0799752 0.0602654 0.0776596 0.0564101 0.0599129 0.0430962 0.0543872 0.0372988 0.0492916 0.043597 0.0593764 0.0310891 0.029197 0.0363657 0.0214619 0.0152838 0.0298055 0.088851 
1993 0 0.0127783 0.0170377 0.157115 0.0549335 0.0494444 0.0854561 0.055608 0.0441545 0.0321094 0.0238237 0.0692457 0.0636018 0.039106 0.0201337 0.0207748 0.0133818 0.0208134 0.0331765 0.0255907 0.161715 
1994 0 0.023388 0.0341369 0.0228375 0.262367 0.0931999 0.0616024 0.0406089 0.0461037 0.0486815 0.038967 0.0370985 0.0466056 0.0261227 0.00802549 0.0069619 0.00489271 0.00619171 0.0180835 0.0194083 0.154716 
1995 0 0.00314518 0.0183039 0.0419618 0.0369832 0.354581 0.0563181 0.0681634 0.0278818 0.0402291 0.0545677 0.0506259 0.0557326 0.0425321 0.0240716 0.0228301 0.0116423 0.0164133 0.0087644 0.0190929 0.0461599 
1996 0 0.00466073 0.0513326 0.0592005 0.119003 0.0378289 0.27508 0.045413 0.0571774 0.0493755 0.0300061 0.0300954 0.0237949 0.0238428 0.0269212 0.0113826 0.0139993 0.0141161 0.00943741 0.0151212 0.102212 
1997 0 0.00396452 0.00264301 0.0687194 0.110223 0.109755 0.0390591 0.214228 0.0667535 0.0434386 0.026127 0.010551 0.0374701 0.0314094 0.022927 0.0108832 0.0104235 0.0246205 0.0231823 0.00647968 0.137142 
1998 0 0.0257172 0.0960827 0.0331659 0.14275 0.0772085 0.124012 0.0161608 0.154433 0.0208483 0.0246578 0.016253 0.0290724 0.0166316 0.0211788 0.0513271 0.0419644 0.00945267 0.00869598 0.00670003 0.083688 
1999 0 0.0221371 0.0896552 0.193972 0.0224486 0.0915593 0.0547794 0.0897551 0.0360576 0.175699 0.0397194 0.0162072 0.0213053 0.0107566 0.012617 0.00658631 0.0114809 0.0251743 0.0318494 0.0299411 0.0183 
2000 0 0.0306243 0.0338542 0.163014 0.219303 0.0517801 0.11544 0.0536576 0.0466321 0.00964939 0.0791699 0.0322176 0.0387035 0.029892 0.0220516 0.00808413 0.00431638 0.00669314 0.00563252 0.00375501 0.0455298 
2001 0 0.00418205 0.0601617 0.103928 0.155808 0.142343 0.0304497 0.0553038 0.0562531 0.0463684 0.0406005 0.136347 0.0399592 0.0253504 0.0206073 0.00202972 0.00682224 0.0179919 0.0114018 0.0121988 0.0318935 
2002 0 0.00427416 0.0425236 0.110718 0.181853 0.150807 0.143629 0.0266614 0.0577362 0.0269433 0.02602 0.0114855 0.0696381 0.0219832 0.0101122 0.01403 0.0272253 0.0170038 0.0243143 0.0121406 0.0209016 
2003 0 0.0043496 0.0321983 0.0473401 0.223216 0.125682 0.164705 0.161258 0.0194603 0.045454 0.0167459 0.0171329 0.0117053 0.0339646 0.00597404 0.0116543 0.0102915 0.00948148 0.024103 0.0178725 0.0174115 
2004 0 0.0487736 0.0193006 0.0696298 0.0631262 0.245058 0.11632 0.153907 0.117532 0.0126016 0.0172988 0.0251059 0.0268408 0.00526006 0.0200669 0.00996321 0.00350406 0.0130486 0.00797981 0.00293696 0.0217458 
2005 0 0 0.0630757 0.0580308 0.178481 0.0849081 0.14315 0.105059 0.0754153 0.0744679 0.00940492 0.0170051 0.0216405 0.0136064 0.00839399 0.030274 0.0135516 0.0209216 0.0121414 0.0172344 0.0532381 
2006 0 0.00821942 0.031393 0.161953 0.123622 0.150911 0.0399564 0.130124 0.0767155 0.0539428 0.0412358 0.000631733 0.0021815 0.00619906 0.0237549 0 0.0413406 0.0143524 0.0030945 0 0.0903719 
2007 0 0.00123037 0.000236611 0.00367149 0.0344662 0.0196236 0.0220472 0.0127943 0.0138093 0.0104126 0.00798266 0.00807643 0.00113666 0.00191922 0.00184355 0.000244927 0.000122463 0.000340812 0 0 0.860042 
2008 0 0.00101963 0.0192774 0.0100697 0.0455385 0.327571 0.114067 0.0585529 0.0156947 0.053984 0.0408481 0.0638934 0.046033 0.0163666 0.0169283 0.0280063 0.0388083 0.0063613 0.0416547 0.0101633 0.0451622 
2009 0 0.0393872 0.0667166 0.0999486 0.0163695 0.0313943 0.285301 0.0539248 0.0800738 0.0488388 0.103539 0.0504611 0.0278735 0.0193116 0.0043782 0.0152954 0.0183188 0.0133781 0.00306648 0.0137915 0.0086318 
2010 0 0.00545991 0.0616476 0.0715829 0.173377 0.0193349 0.0189747 0.161217 0.0612942 0.113326 0.0266683 0.0275947 0.0342314 0.052944 0.0582628 0.00423322 0.0160108 0.00304583 0.00104447 0 0.0897501 
2011 0 0.00322491 0.00794405 0.146002 0.0993817 0.100983 0.0191039 0.0177109 0.2186 0.0523671 0.0530048 0.0282894 0.0446174 0.0270766 0.0286144 0.0408637 0.00879564 0.0103863 0.00703485 0.00210077 0.0838983 
2012 0 0.0264336 0.106218 0.0242592 0.157114 0.0955011 0.0772959 0.0145129 0.0321878 0.118176 0.0432305 0.0453397 0.00762666 0.0642084 0.0347334 0.0291097 0.0216407 0.00291582 0.00855281 0.00194388 0.0890001 
2013 0 0.0245373 0.112683 0.118317 0.0453556 0.137737 0.0628083 0.0789271 0.011859 0.00705101 0.197679 0.022675 0.0420848 0.00659502 0.025957 0.0297986 0.0334662 0.0275406 0 0.00497594 0.00995188 
end_table
table error_values
1990 0 0 0 0 0 0 0 0 0 0 0 0 0 0 0 0 0 0 0 0 0 
1991 0 0 0 0 0 0 0 0 0 0 0 0 0 0 0 0 0 0 0 0 0 
1992 0 0 0 0 0 0 0 0 0 0 0 0 0 0 0 0 0 0 0 0 0 
1993 0 0 0 0 0 0 0 0 0 0 0 0 0 0 0 0 0 0 0 0 0 
1994 0 0 0 0 0 0 0 0 0 0 0 0 0 0 0 0 0 0 0 0 0 
1995 0 0 0 0 0 0 0 0 0 0 0 0 0 0 0 0 0 0 0 0 0 
1996 0 0 0 0 0 0 0 0 0 0 0 0 0 0 0 0 0 0 0 0 0 
1997 0 0 0 0 0 0 0 0 0 0 0 0 0 0 0 0 0 0 0 0 0 
1998 0 0 0 0 0 0 0 0 0 0 0 0 0 0 0 0 0 0 0 0 0 
1999 0 0 0 0 0 0 0 0 0 0 0 0 0 0 0 0 0 0 0 0 0 
2000 0 0 0 0 0 0 0 0 0 0 0 0 0 0 0 0 0 0 0 0 0 
2001 0 0 0 0 0 0 0 0 0 0 0 0 0 0 0 0 0 0 0 0 0 
2002 0 0 0 0 0 0 0 0 0 0 0 0 0 0 0 0 0 0 0 0 0 
2003 0 0 0 0 0 0 0 0 0 0 0 0 0 0 0 0 0 0 0 0 0 
2004 0 0 0 0 0 0 0 0 0 0 0 0 0 0 0 0 0 0 0 0 0 
2005 0 0 0 0 0 0 0 0 0 0 0 0 0 0 0 0 0 0 0 0 0 
2006 0 0 0 0 0 0 0 0 0 0 0 0 0 0 0 0 0 0 0 0 0 
2007 0 0 0 0 0 0 0 0 0 0 0 0 0 0 0 0 0 0 0 0 0 
2008 0 0 0 0 0 0 0 0 0 0 0 0 0 0 0 0 0 0 0 0 0 
2009 0 0 0 0 0 0 0 0 0 0 0 0 0 0 0 0 0 0 0 0 0 
2010 0 0 0 0 0 0 0 0 0 0 0 0 0 0 0 0 0 0 0 0 0 
2011 0 0 0 0 0 0 0 0 0 0 0 0 0 0 0 0 0 0 0 0 0 
2012 0 0 0 0 0 0 0 0 0 0 0 0 0 0 0 0 0 0 0 0 0 
2013 0 0 0 0 0 0 0 0 0 0 0 0 0 0 0 0 0 0 0 0 0 
end_table

