@observation EN_age_sample_sim
age_samples_per_cluster 10 
ageing_error age_error 
average_cluster_weight 6 
cluster_cv 0.6 
cluster_sigma 1.1 
fishery_label Fishing_LL 
layer_of_stratum_definitions area_definition 
max_age 20 
min_age 0 
process_label fishing 
strata_to_include EN 
type mortality_event_biomass_age_clusters 
years 1990 1991 1992 1993 1994 1995 1996 1997 1998 1999 2000 2001 2002 2003 2004 2005 2006 2007 2008 2009 2010 2011 2012 2013 
table obs
1990 0 0 0.0218135 0.108657 0.123306 0.0983626 0.062383 0.0542667 0.0644772 0.0475055 0.0445361 0.0415602 0.0261782 0.0319784 0.0190211 0.00780865 0.00573805 0.0412046 0.0143843 0.0283498 0.158469 
1991 0 0.0310843 0.024216 0.0791615 0.148363 0.108727 0.0929152 0.0695748 0.0629619 0.042081 0.032429 0.0408137 0.00874979 0.0100467 0.0105951 0.021338 0.00583211 0.0129944 0.0115834 0.0255615 0.160972 
1992 0 0 0.0751194 0.0696421 0.133342 0.123924 0.0960044 0.0739598 0.0383581 0.0183258 0.0248956 0.0279526 0.0276929 0.0404365 0.029381 0.0338174 0.0272442 0.030712 0.016194 0.0170699 0.0959278 
1993 0 0.0101086 0.0130032 0.158108 0.0531049 0.0805967 0.0475471 0.035937 0.0492112 0.0588017 0.0613188 0.0657751 0.039803 0.0357677 0.0209321 0.0564202 0.0335438 0.0162468 0.0294494 0.0273899 0.106934 
1994 0 0.00424538 0.033668 0.0199606 0.275397 0.0625052 0.0390144 0.073846 0.0521515 0.0576511 0.0590814 0.0757113 0.0575257 0.0217182 0.0266201 0.0247246 0.0232824 0.0126436 0.00264514 0.00132257 0.0762861 
1995 0 0.00777232 0.0111108 0.0587964 0.0320845 0.286769 0.0564861 0.112187 0.065638 0.0442909 0.0361682 0.0614702 0.045519 0.0212529 0.00437123 0.00764234 0.0152509 0.0111962 0.0122253 0.00739667 0.102373 
1996 0 0 0.0457571 0.0688448 0.107902 0.0369246 0.277793 0.0528426 0.0374279 0.0573007 0.0398855 0.047521 0.0330408 0.0170763 0.0181735 0.0234333 0.0120155 0.0119935 0.0139571 0.0101923 0.0879184 
1997 0 0.0134142 0.00865474 0.0567739 0.101596 0.111561 0.072665 0.239829 0.0607106 0.0482076 0.0478938 0.0132187 0.0212397 0.0141364 0.0154498 0.0306337 0.0316441 0.0204987 0.0163217 0.00957449 0.0659776 
1998 0 0.0446229 0.121546 0.0560178 0.165016 0.101659 0.110717 0.0434727 0.169358 0.0279972 0.0180251 0.0176933 0.0110395 0.00776188 0.0151542 0.0111512 0.0178004 0.0105549 0.00365692 0.0104324 0.0363237 
1999 0 0.0267304 0.0843248 0.122187 0.0198473 0.0901305 0.0539466 0.0603009 0.0210381 0.163672 0.0950915 0.0378721 0.0496889 0.0248021 0.0334179 0.0111094 0.0152521 0.0177414 0.00672718 0.00719701 0.0589229 
2000 0 0.0227707 0.0325799 0.130279 0.301669 0.0496775 0.1089 0.0760995 0.0475162 0.0241761 0.0729313 0.0121356 0.0140804 0.0047776 0.0122805 0.00859238 0.00504243 0.00717162 0.00106827 0.00891805 0.0593336 
2001 0 0.00834529 0.0855131 0.124796 0.163845 0.224821 0.0155912 0.0801477 0.0593962 0.0213627 0.0204757 0.0893763 0.00797956 0.0107887 0.0153747 0.00756698 0.00281146 0.00349679 0 0.000874197 0.0574373 
2002 0 0 0.0129621 0.0967306 0.163301 0.183589 0.138079 0.0199615 0.0432231 0.0357175 0.0205913 0.0101838 0.151804 0.0332489 0.0348679 0.0135509 0.00739854 0.0157632 0.00304548 0.00513211 0.0108502 
2003 0 0.0114525 0.0798481 0.0428039 0.151634 0.114208 0.1538 0.145904 0.010901 0.0351367 0.0287831 0.019758 0.0040942 0.0581593 0.0222642 0.0164734 0.0201736 0.0115845 0.00497546 0.000967882 0.0670786 
2004 0 0.0313684 0.0280693 0.104508 0.047628 0.198679 0.141621 0.101635 0.0928431 0.00659966 0.03491 0.0143925 0.0154115 0.00384337 0.0238666 0.0103776 0.0193727 0.0277728 0.0128356 0.0114348 0.0728294 
2005 0 0 0.159863 0.115588 0.15592 0.0600505 0.158891 0.0864329 0.0623069 0.0597846 0.00185961 0.0249063 0.0196268 0.00208431 0.00416861 0.0262721 0.015912 0.00256798 0.0117781 0.00327039 0.0287171 
2006 0 0 0.00976988 0.204475 0.0933378 0.151891 0.063363 0.113861 0.0519387 0.0823242 0.0640699 0.020988 0.0378584 0.00579731 0.0180244 0 0.0308845 0.0049422 0.00355974 0.00148604 0.0414294 
2007 0 0.00188253 0.0140478 0.045151 0.290155 0.120687 0.12765 0.0466357 0.080205 0.0440645 0.0432844 0.0399694 0.0118382 0.0264777 0.019056 0.0149842 0.00562564 0.0206651 0.0092507 0.00937635 0.0289936 
2008 0 0 0 0.0197434 0.0335192 0.392583 0.204912 0.109589 0.0296396 0.0349413 0.014984 0.00689156 0.0174753 0.00469826 0.010154 0.00749183 0.0143862 0.00164992 0.0641864 0.00581509 0.0273395 
2009 0 0.028069 0.0292135 0.118955 0.0144735 0.0238406 0.226311 0.0897599 0.107405 0.0462953 0.0851999 0.0648303 0.019919 0.0372226 0.00616425 0.03318 0.00254471 0.0010865 0 0.00988962 0.0556397 
2010 0 0.00651282 0.0938293 0.0673581 0.0963806 0.0127234 0.0193423 0.19534 0.0612862 0.118847 0.0418271 0.0973524 0.042808 0.0569013 0.0501591 0.00318821 0.00309948 0.0010738 0.00375831 0 0.0282121 
2011 0 0.0127028 0.00359777 0.101699 0.095158 0.150009 0.0293933 0.0268917 0.166573 0.104008 0.0507646 0.0216298 0.0402566 0.0259112 0.0155773 0.00958521 0.00614935 0.0205719 0.00721233 0.00713136 0.105178 
2012 0 0.0505451 0.0808116 0.0494176 0.148891 0.0990677 0.0426235 0.0159514 0.0312907 0.184573 0.0418651 0.0517059 0.00880137 0.0308142 0.0200459 0.0403032 0.0492892 0 0 0.00178788 0.0522157 
2013 0 0.0153183 0.0746645 0.0990474 0.0356647 0.210633 0.0534452 0.0599297 0.00722688 0.0310719 0.0840146 0.0406499 0.0444223 0.0179454 0.0904622 0.027309 0.0345769 0.0251057 0.00172417 0.00693878 0.0398491 
end_table
table error_values
1990 0 0 0 0 0 0 0 0 0 0 0 0 0 0 0 0 0 0 0 0 0 
1991 0 0 0 0 0 0 0 0 0 0 0 0 0 0 0 0 0 0 0 0 0 
1992 0 0 0 0 0 0 0 0 0 0 0 0 0 0 0 0 0 0 0 0 0 
1993 0 0 0 0 0 0 0 0 0 0 0 0 0 0 0 0 0 0 0 0 0 
1994 0 0 0 0 0 0 0 0 0 0 0 0 0 0 0 0 0 0 0 0 0 
1995 0 0 0 0 0 0 0 0 0 0 0 0 0 0 0 0 0 0 0 0 0 
1996 0 0 0 0 0 0 0 0 0 0 0 0 0 0 0 0 0 0 0 0 0 
1997 0 0 0 0 0 0 0 0 0 0 0 0 0 0 0 0 0 0 0 0 0 
1998 0 0 0 0 0 0 0 0 0 0 0 0 0 0 0 0 0 0 0 0 0 
1999 0 0 0 0 0 0 0 0 0 0 0 0 0 0 0 0 0 0 0 0 0 
2000 0 0 0 0 0 0 0 0 0 0 0 0 0 0 0 0 0 0 0 0 0 
2001 0 0 0 0 0 0 0 0 0 0 0 0 0 0 0 0 0 0 0 0 0 
2002 0 0 0 0 0 0 0 0 0 0 0 0 0 0 0 0 0 0 0 0 0 
2003 0 0 0 0 0 0 0 0 0 0 0 0 0 0 0 0 0 0 0 0 0 
2004 0 0 0 0 0 0 0 0 0 0 0 0 0 0 0 0 0 0 0 0 0 
2005 0 0 0 0 0 0 0 0 0 0 0 0 0 0 0 0 0 0 0 0 0 
2006 0 0 0 0 0 0 0 0 0 0 0 0 0 0 0 0 0 0 0 0 0 
2007 0 0 0 0 0 0 0 0 0 0 0 0 0 0 0 0 0 0 0 0 0 
2008 0 0 0 0 0 0 0 0 0 0 0 0 0 0 0 0 0 0 0 0 0 
2009 0 0 0 0 0 0 0 0 0 0 0 0 0 0 0 0 0 0 0 0 0 
2010 0 0 0 0 0 0 0 0 0 0 0 0 0 0 0 0 0 0 0 0 0 
2011 0 0 0 0 0 0 0 0 0 0 0 0 0 0 0 0 0 0 0 0 0 
2012 0 0 0 0 0 0 0 0 0 0 0 0 0 0 0 0 0 0 0 0 0 
2013 0 0 0 0 0 0 0 0 0 0 0 0 0 0 0 0 0 0 0 0 0 
end_table

