@observation EN_age_sample_sim
age_samples_per_cluster 10 
ageing_error age_error 
average_cluster_weight 6 
cluster_cv 0.6 
cluster_sigma 1.1 
fishery_label Fishing_LL 
layer_of_stratum_definitions area_definition 
max_age 20 
min_age 0 
process_label fishing 
strata_to_include EN 
type mortality_event_biomass_age_clusters 
years 1990 1991 1992 1993 1994 1995 1996 1997 1998 1999 2000 2001 2002 2003 2004 2005 2006 2007 2008 2009 2010 2011 2012 2013 
table obs
1990 0 0.0027409 0.0219818 0.0457461 0.120468 0.0789962 0.0739262 0.0382023 0.0431115 0.0353403 0.0416674 0.0677353 0.040922 0.053966 0.0460711 0.0304804 0.0446793 0.0581237 0.0448847 0.0169962 0.0939603 
1991 0 0.0411316 0.0437165 0.0255772 0.0634885 0.0735214 0.101284 0.0782682 0.066272 0.0788264 0.039939 0.0409324 0.0084196 0.0297525 0.0239108 0.00256183 0.0307969 0.0234501 0.0334313 0.020331 0.174389 
1992 0 0.00307368 0.0871817 0.0358564 0.0767629 0.087024 0.0916844 0.0549389 0.0760102 0.0692718 0.0759461 0.0355095 0.022105 0.0285906 0.049828 0.0192642 0.00664009 0.00554493 0.00429731 0.000918374 0.169552 
1993 0 0.0320519 0.0151534 0.189339 0.053541 0.0800352 0.0900158 0.0572645 0.0656593 0.0391546 0.0348078 0.0368766 0.0282257 0.0396589 0.0370119 0.021207 0.0288791 0.0116595 0.00434121 0.00390365 0.131215 
1994 0 0.00831765 0.0332352 0.0210831 0.301291 0.097015 0.0703786 0.0519019 0.0482527 0.0826632 0.044589 0.0448815 0.0256215 0.00627795 0.00768738 0.00997422 0.0102763 0.0193386 0.0107235 0.000693082 0.105798 
1995 0 0.0357412 0.010787 0.0278259 0.0606314 0.385769 0.0483767 0.0979442 0.0836707 0.0560572 0.0141181 0.024426 0.020032 0.0116732 0.0208438 0.00842143 0.00538003 0.00518943 0.00816749 0.00312664 0.0718182 
1996 0 0 0.0467511 0.0655955 0.158161 0.0722761 0.26044 0.0766455 0.0412349 0.0297402 0.0251426 0.0131399 0.0112019 0.0174698 0.0347069 0.0216121 0.0118844 0.00445573 0.0007414 0 0.108801 
1997 0 0.0160905 0.0137864 0.1384 0.0911399 0.13768 0.039748 0.203147 0.0553362 0.0398583 0.0360001 0.0471693 0.0337136 0.00957087 0.0197849 0.0103869 0.00835009 0.012198 0.0111724 0.0268625 0.0496047 
1998 0 0.0145904 0.0278603 0.022299 0.0605623 0.0561791 0.0806944 0.0208227 0.258785 0.0630512 0.0646984 0.0422351 0.0319831 0.0216791 0.0349968 0.0176588 0.0214994 0.0141987 0.0157597 0.0179741 0.112473 
1999 0 0.00741624 0.0660242 0.235498 0.0520136 0.119911 0.113746 0.0940042 0.0235668 0.0879542 0.0172129 0.00823569 0.000977953 0.00195591 0.00504881 0.00228779 0.00957726 0.00372334 0.0100514 0.0179232 0.122872 
2000 0 0.00197821 0.0355016 0.116489 0.186094 0.0412663 0.133687 0.107766 0.070782 0.0112272 0.0872475 0.0129154 0.016175 0.0204814 0.0220181 0.0178934 0.00753062 0.00673959 0.00568013 0.0124981 0.0860292 
2001 0 0.00131094 0.0650887 0.106114 0.212695 0.226334 0.0454948 0.0677531 0.0672561 0.0454601 0.00624572 0.0664199 0.0194563 0.0172051 0.0172486 0.0142665 0.00794443 0.00206316 0.00412633 0 0.00751792 
2002 0 0 0.00650994 0.174912 0.163382 0.192907 0.19667 0.0207744 0.0482629 0.0273063 0.0200104 0.00575439 0.0418962 0.00907287 0.0026806 0.00221005 0.00331507 0.00331507 0 0 0.0810212 
2003 0 0.0116024 0.0594386 0.0575944 0.110576 0.154988 0.13091 0.159395 0.0248108 0.0777265 0.0369647 0.00708294 0.00701606 0.0530245 0.00836996 0.00717285 0.0233533 0.0172135 0.00703066 0.00336076 0.0423687 
2004 0 0.0203132 0.0146121 0.0765478 0.0887349 0.221212 0.103583 0.0999302 0.101563 0.019147 0.0525214 0.00802697 0.0219318 0.00558617 0.0719266 0.00533137 0.000649354 0.000649354 0 0 0.0877329 
2005 0 0.01044 0.0656712 0.0983866 0.0888474 0.0373374 0.17414 0.082261 0.0805736 0.0686123 0.0119083 0.0390774 0.0291197 0.0154092 0.00156901 0.0740241 0.0276252 0.0124326 0.0101655 0.00298141 0.0694182 
2006 0 0.0071903 0.0173995 0.166264 0.0928722 0.1136 0.0663211 0.135268 0.0448612 0.059207 0.0887204 0.00960493 0.0411856 0.0245726 0.0256575 0.00553209 0.072398 0.00320229 0 0.00132827 0.0248156 
2007 0 0.00703076 0.00470199 0.00913687 0.120427 0.0322174 0.0612767 0.0139459 0.0365058 0.0106044 0.012888 0.00908802 0.00613008 0.0069445 0.00305093 0.00422201 0.00186212 0.00667524 0.00371338 0.0085973 0.640981 
2008 0 0.00854477 0.0136587 0 0.0479682 0.318107 0.102395 0.111074 0.0392643 0.139058 0.0561952 0.0428662 0.0318913 0.0086291 0.0285528 0.0122212 0 0.00228862 0.0157117 0.00114431 0.0204296 
2009 0 0.0111848 0.0712619 0.0401751 0.018204 0.034428 0.293693 0.111751 0.103525 0.0193598 0.065664 0.0371568 0.0324946 0.0485357 0.00550878 0.00949574 0.00362647 0.00241764 0.00567673 0.0363056 0.0495363 
2010 0 0 0.051143 0.0576711 0.0718015 0.0517955 0.0331307 0.190406 0.0801333 0.0727514 0.0324242 0.049396 0.0679368 0.0232645 0.0412016 0.00204235 0.0254421 0.0129041 0.019268 0.00496707 0.112321 
2011 0 0.0325286 0.0289323 0.118398 0.140314 0.138048 0.0124521 0.0273833 0.11015 0.0819652 0.0538338 0.0403352 0.0932578 0.0325597 0.0422032 0.0360286 0.00158252 0.00119371 0.00196318 0 0.00687113 
2012 0 0.0150332 0.0843783 0.0444571 0.160333 0.0740669 0.0596062 0.015379 0.0205753 0.177952 0.0689275 0.0327328 0.0149986 0.0254423 0.0284358 0.0287509 0.0344605 0 0.0232783 0.0105066 0.0806855 
2013 0 0.00615946 0.120229 0.164074 0.0657212 0.215245 0.081645 0.0527772 0.00992387 0.0245767 0.100188 0.0234545 0.062923 0.00803597 0.0257995 0.00912712 0.0162472 0.0030565 0 0 0.0108178 
end_table
table error_values
1990 0 0 0 0 0 0 0 0 0 0 0 0 0 0 0 0 0 0 0 0 0 
1991 0 0 0 0 0 0 0 0 0 0 0 0 0 0 0 0 0 0 0 0 0 
1992 0 0 0 0 0 0 0 0 0 0 0 0 0 0 0 0 0 0 0 0 0 
1993 0 0 0 0 0 0 0 0 0 0 0 0 0 0 0 0 0 0 0 0 0 
1994 0 0 0 0 0 0 0 0 0 0 0 0 0 0 0 0 0 0 0 0 0 
1995 0 0 0 0 0 0 0 0 0 0 0 0 0 0 0 0 0 0 0 0 0 
1996 0 0 0 0 0 0 0 0 0 0 0 0 0 0 0 0 0 0 0 0 0 
1997 0 0 0 0 0 0 0 0 0 0 0 0 0 0 0 0 0 0 0 0 0 
1998 0 0 0 0 0 0 0 0 0 0 0 0 0 0 0 0 0 0 0 0 0 
1999 0 0 0 0 0 0 0 0 0 0 0 0 0 0 0 0 0 0 0 0 0 
2000 0 0 0 0 0 0 0 0 0 0 0 0 0 0 0 0 0 0 0 0 0 
2001 0 0 0 0 0 0 0 0 0 0 0 0 0 0 0 0 0 0 0 0 0 
2002 0 0 0 0 0 0 0 0 0 0 0 0 0 0 0 0 0 0 0 0 0 
2003 0 0 0 0 0 0 0 0 0 0 0 0 0 0 0 0 0 0 0 0 0 
2004 0 0 0 0 0 0 0 0 0 0 0 0 0 0 0 0 0 0 0 0 0 
2005 0 0 0 0 0 0 0 0 0 0 0 0 0 0 0 0 0 0 0 0 0 
2006 0 0 0 0 0 0 0 0 0 0 0 0 0 0 0 0 0 0 0 0 0 
2007 0 0 0 0 0 0 0 0 0 0 0 0 0 0 0 0 0 0 0 0 0 
2008 0 0 0 0 0 0 0 0 0 0 0 0 0 0 0 0 0 0 0 0 0 
2009 0 0 0 0 0 0 0 0 0 0 0 0 0 0 0 0 0 0 0 0 0 
2010 0 0 0 0 0 0 0 0 0 0 0 0 0 0 0 0 0 0 0 0 0 
2011 0 0 0 0 0 0 0 0 0 0 0 0 0 0 0 0 0 0 0 0 0 
2012 0 0 0 0 0 0 0 0 0 0 0 0 0 0 0 0 0 0 0 0 0 
2013 0 0 0 0 0 0 0 0 0 0 0 0 0 0 0 0 0 0 0 0 0 
end_table

