@observation EN_age_sample_sim
age_samples_per_cluster 10 
ageing_error age_error 
average_cluster_weight 6 
cluster_cv 0.6 
cluster_sigma 1.1 
fishery_label Fishing_LL 
layer_of_stratum_definitions area_definition 
max_age 20 
min_age 0 
process_label fishing 
strata_to_include EN 
type mortality_event_biomass_age_clusters 
years 1990 1991 1992 1993 1994 1995 1996 1997 1998 1999 2000 2001 2002 2003 2004 2005 2006 2007 2008 2009 2010 2011 2012 2013 
table obs
1990 0 0.00580211 0.070505 0.0426357 0.0699645 0.0457323 0.0469697 0.0437184 0.0419541 0.0407204 0.0578458 0.0456768 0.0434373 0.0538619 0.0587967 0.0302146 0.0248444 0.00978948 0.0233753 0.0138148 0.230341 
1991 0 0.0411096 0.0454336 0.0746135 0.118678 0.112646 0.0894841 0.0696828 0.0562636 0.0574229 0.0618585 0.0536585 0.0237748 0.0138602 0.0103287 0.00795423 0.0065043 0.0059644 0.0138931 0.00622016 0.130648 
1992 0 0 0.0970491 0.091288 0.154273 0.081694 0.058428 0.0255451 0.0420252 0.0712735 0.0621454 0.052212 0.052665 0.0442677 0.0467687 0.0128459 0.00717137 0.000879732 0.00440896 0.00312019 0.0919388 
1993 0 0.0034324 0.00700201 0.168444 0.108072 0.0981326 0.0765597 0.0682049 0.0437457 0.046109 0.0210711 0.0264311 0.0336417 0.0203603 0.0223493 0.0551559 0.0422083 0.0148775 0.0107269 0.016501 0.116974 
1994 0 0.0100929 0.0311093 0.0431214 0.392652 0.0920241 0.0666431 0.0406121 0.0486407 0.0448729 0.0408939 0.0273877 0.0258304 0.0178657 0.0100667 0.00200744 0.000964499 0.0131524 0.0145341 0.00526097 0.0722682 
1995 0 0.00926439 0.0311878 0.0875847 0.0552279 0.268654 0.0590451 0.0656775 0.0341803 0.0299662 0.0412367 0.0709674 0.0475502 0.0162549 0.00885606 0.0159369 0.0193263 0.00609091 0.0102378 0.0122707 0.110484 
1996 0 0.00225456 0.0116665 0.0523768 0.131469 0.0414378 0.301464 0.0833949 0.0549828 0.0514282 0.0449375 0.0232247 0.027951 0.0211442 0.0203086 0.0258094 0.025219 0.0156786 0.0166038 0.00147103 0.0471776 
1997 0 0.0268856 0.025084 0.0854715 0.0544252 0.0878127 0.030059 0.20444 0.0697088 0.0673262 0.0421852 0.0462102 0.032107 0.0273408 0.0196056 0.0256832 0.0202991 0.0126909 0.00740894 0.0165702 0.0986862 
1998 0 0.00585677 0.0813552 0.0292764 0.0592863 0.0639232 0.0811312 0.0205341 0.234479 0.052677 0.0404309 0.0604689 0.0344026 0.0316647 0.0431243 0.0358432 0.0246687 0.0145464 0.0130978 0.0104506 0.062783 
1999 0 0.0128389 0.0658855 0.208493 0.0477227 0.134093 0.0500911 0.0527604 0.0358205 0.115768 0.0290408 0.0196753 0.0180765 0.0123238 0.0277105 0.0209859 0.0401957 0.0213982 0.0127225 0.00828029 0.0661177 
2000 0 0.000841294 0.0820428 0.165874 0.271771 0.0516793 0.0510755 0.0502429 0.0543476 0.0142431 0.125483 0.0178545 0.0170818 0.00901715 0.007396 0.0018322 0.0140704 0.0127337 0.00942838 0.00373956 0.0392462 
2001 0 0.0066966 0.0744957 0.0916008 0.11345 0.156958 0.0274195 0.0763448 0.0739282 0.0792189 0.00902118 0.0753345 0.0445524 0.0104921 0.00274541 0.0168514 0.0182445 0.0295893 0.0200799 0.00441886 0.068558 
2002 0 0.010486 0.0131721 0.0984597 0.160089 0.156913 0.163221 0.0157534 0.0594417 0.0470108 0.033369 0.0135992 0.0493219 0.0156595 0.0117843 0.0177573 0.00917642 0.0174573 0.0215856 0.0120976 0.0736455 
2003 0 0 0.0277887 0.0277723 0.226177 0.126597 0.138375 0.0957162 0.0126015 0.0483238 0.0375863 0.0380194 0.0201834 0.0823492 0.0080714 0.00255026 0.00896163 0.00529602 0.00845795 0.00844575 0.0767266 
2004 0 0.0384279 0.0846053 0.155104 0.0574759 0.142376 0.0870209 0.104561 0.112894 0.0136064 0.0448416 0.013313 0.0177114 0.0128132 0.0463816 0.00764745 0.000897469 0.00269241 0.00990127 0.00360443 0.0441241 
2005 0 0.00579499 0.106924 0.0751998 0.177037 0.0442687 0.140132 0.0755627 0.0756716 0.0870501 0.00491439 0.0115407 0.0110334 0.00112932 0.00944837 0.104284 0.00934308 0.00685028 0.00332425 0 0.0504917 
2006 0 0 0 0.16974 0.0731953 0.127948 0.0905971 0.144194 0.0838552 0.0931306 0.0526908 0.00435537 0.0270321 0.0200617 0.0132689 0.00297968 0.0387386 0.0021134 0.00719991 0.00669141 0.0422076 
2007 0 0.00244933 0.0108665 0.0294763 0.296383 0.11725 0.215038 0.0321732 0.0955265 0.0495069 0.0347094 0.0424561 0.00190849 0.00381698 0.00891058 0.00127294 0 0 0 0.0323646 0.0258917 
2008 0 0.0117291 0.0403309 0.0102381 0.057084 0.259043 0.212511 0.0840154 0.044332 0.152096 0.0291646 0.0161712 0.021396 0.00133499 0.0100097 0.00610882 0.00287054 0.00159469 0.0134756 0.0037717 0.0227226 
2009 0 0.0155836 0.0386772 0.064479 0.0322167 0.0256427 0.244679 0.112555 0.109882 0.0351632 0.127582 0.0526604 0.0395127 0.0539406 0.0141708 0.0216611 0.00847808 0 0.000623053 0.00186916 0.000623053 
2010 0 0.00592269 0.0565288 0.105609 0.0783863 0.0145751 0.0208839 0.245168 0.044892 0.0511897 0.0176322 0.041474 0.0334279 0.0447942 0.0536923 0.00492978 0.0707354 0.0373369 0.0155049 0 0.0573171 
2011 0 0.0319042 0.0303277 0.119565 0.0867293 0.142087 0.014983 0.0328766 0.192841 0.0414833 0.0387823 0.0347161 0.0435358 0.0315934 0.0249519 0.0215287 0.0120317 0.0136739 0.0421068 0.0122255 0.0320571 
2012 0 0.0313143 0.114939 0.0333339 0.21393 0.0576143 0.0763416 0.0115085 0.0240995 0.108278 0.0315157 0.0252736 0.0201726 0.0599687 0.0131212 0.0251101 0.0451403 0.00505063 0.007196 0.00727156 0.0888205 
2013 0 0.00181553 0.123113 0.104136 0.067916 0.221455 0.0556023 0.0662091 0.00976492 0.0154474 0.102558 0.0266312 0.0412524 0.00999123 0.0389863 0.0210197 0.0177212 0.00811415 0 0.0279983 0.0402683 
end_table
table error_values
1990 0 0 0 0 0 0 0 0 0 0 0 0 0 0 0 0 0 0 0 0 0 
1991 0 0 0 0 0 0 0 0 0 0 0 0 0 0 0 0 0 0 0 0 0 
1992 0 0 0 0 0 0 0 0 0 0 0 0 0 0 0 0 0 0 0 0 0 
1993 0 0 0 0 0 0 0 0 0 0 0 0 0 0 0 0 0 0 0 0 0 
1994 0 0 0 0 0 0 0 0 0 0 0 0 0 0 0 0 0 0 0 0 0 
1995 0 0 0 0 0 0 0 0 0 0 0 0 0 0 0 0 0 0 0 0 0 
1996 0 0 0 0 0 0 0 0 0 0 0 0 0 0 0 0 0 0 0 0 0 
1997 0 0 0 0 0 0 0 0 0 0 0 0 0 0 0 0 0 0 0 0 0 
1998 0 0 0 0 0 0 0 0 0 0 0 0 0 0 0 0 0 0 0 0 0 
1999 0 0 0 0 0 0 0 0 0 0 0 0 0 0 0 0 0 0 0 0 0 
2000 0 0 0 0 0 0 0 0 0 0 0 0 0 0 0 0 0 0 0 0 0 
2001 0 0 0 0 0 0 0 0 0 0 0 0 0 0 0 0 0 0 0 0 0 
2002 0 0 0 0 0 0 0 0 0 0 0 0 0 0 0 0 0 0 0 0 0 
2003 0 0 0 0 0 0 0 0 0 0 0 0 0 0 0 0 0 0 0 0 0 
2004 0 0 0 0 0 0 0 0 0 0 0 0 0 0 0 0 0 0 0 0 0 
2005 0 0 0 0 0 0 0 0 0 0 0 0 0 0 0 0 0 0 0 0 0 
2006 0 0 0 0 0 0 0 0 0 0 0 0 0 0 0 0 0 0 0 0 0 
2007 0 0 0 0 0 0 0 0 0 0 0 0 0 0 0 0 0 0 0 0 0 
2008 0 0 0 0 0 0 0 0 0 0 0 0 0 0 0 0 0 0 0 0 0 
2009 0 0 0 0 0 0 0 0 0 0 0 0 0 0 0 0 0 0 0 0 0 
2010 0 0 0 0 0 0 0 0 0 0 0 0 0 0 0 0 0 0 0 0 0 
2011 0 0 0 0 0 0 0 0 0 0 0 0 0 0 0 0 0 0 0 0 0 
2012 0 0 0 0 0 0 0 0 0 0 0 0 0 0 0 0 0 0 0 0 0 
2013 0 0 0 0 0 0 0 0 0 0 0 0 0 0 0 0 0 0 0 0 0 
end_table

