@observation EN_age_sample_sim
age_samples_per_cluster 10 
ageing_error age_error 
average_cluster_weight 6 
cluster_cv 0.6 
cluster_sigma 1.1 
fishery_label Fishing_LL 
layer_of_stratum_definitions area_definition 
max_age 20 
min_age 0 
process_label fishing 
strata_to_include EN 
type mortality_event_biomass_age_clusters 
years 1990 1991 1992 1993 1994 1995 1996 1997 1998 1999 2000 2001 2002 2003 2004 2005 2006 2007 2008 2009 2010 2011 2012 2013 
table obs
1990 0 0.0105116 0.0300622 0.0353144 0.0789154 0.0634559 0.0509552 0.0715341 0.0716308 0.0746915 0.0642375 0.0615435 0.0464301 0.0688906 0.0254924 0.0497509 0.0470978 0.0216133 0.0240672 0.0115438 0.0922619 
1991 0 0.0121868 0.014141 0.104964 0.10741 0.0495438 0.123809 0.0570815 0.0765908 0.0515219 0.034058 0.0355973 0.020008 0.0121738 0.0205211 0.0281402 0.0274554 0.0263829 0.0422508 0.0273239 0.128841 
1992 0 0 0.0471657 0.0407285 0.086436 0.0690549 0.0716515 0.0859014 0.084361 0.0843469 0.0534142 0.0279459 0.0325746 0.0232304 0.0212605 0.0184958 0.0104226 0.0130516 0.014826 0.0312209 0.183912 
1993 0 0.00908312 0.0102957 0.153373 0.10316 0.108724 0.0915966 0.0779013 0.058812 0.0389896 0.053702 0.039881 0.00703881 0.0113409 0.0155737 0.0129004 0.0045305 0.00354603 0.0122301 0.0171398 0.170182 
1994 0 0.0143011 0.0487804 0.0325358 0.236379 0.100304 0.0883782 0.0651984 0.0474884 0.0261976 0.0495902 0.0376839 0.0225049 0.0170495 0.0239142 0.0154999 0.0101056 0.00540147 0.00540147 0.0148757 0.13841 
1995 0 0.00744708 0.0178533 0.0560447 0.049689 0.198812 0.0879709 0.104339 0.0650921 0.0654514 0.0591892 0.0607967 0.052792 0.0182696 0.0243119 0.0119941 0.0182326 0.00864965 0.015822 0.0191332 0.0581096 
1996 0 0.00234499 0.0712274 0.0595387 0.147838 0.0605516 0.34234 0.0221895 0.0301503 0.0236945 0.0249214 0.0168599 0.0069447 0.0100798 0.00572753 0.0225961 0.00923161 0.0167972 0.0255742 0.0110272 0.0903653 
1997 0 0.0424815 0.00865463 0.0626319 0.0947661 0.107461 0.0248785 0.232954 0.0506093 0.0633792 0.0322055 0.0322729 0.0165259 0.0269791 0.0261434 0.0313013 0.0124184 0 0.0068891 0.00465314 0.122795 
1998 0 0.00491606 0.048752 0.0152185 0.0968629 0.0929272 0.108734 0.0570388 0.198193 0.0424759 0.0609373 0.0574817 0.0359229 0.0282725 0.0269255 0.0169729 0.00685341 0.00495202 0.00301188 0.0225969 0.0709547 
1999 0 0.019864 0.0496945 0.0659994 0.0325496 0.128169 0.140015 0.0711334 0.0113135 0.117864 0.0298679 0.048183 0.0656778 0.0244191 0.0262559 0.0347418 0.0164034 0.0261625 0.00641277 0.00954224 0.0757302 
2000 0 0.0078742 0.0332081 0.126269 0.13937 0.0139501 0.0652027 0.068052 0.0512588 0.0258081 0.173443 0.0295917 0.0196607 0.05949 0.0369598 0.0139881 0.0142453 0.00826836 0.00667282 0.00573772 0.100949 
2001 0 0.017919 0.0633599 0.110986 0.172417 0.189352 0.0175786 0.0792864 0.0417404 0.0260567 0.00396797 0.0599188 0.0352892 0.0352404 0.0203653 0.0161509 0.00494904 0.0147111 0.00747834 0.0147111 0.0685214 
2002 0 0.00700702 0.0048443 0.138367 0.166743 0.214347 0.229631 0.0278104 0.0282587 0.0196825 0.0230814 0.0254032 0.0179043 0.0362817 0.0118937 0 0 0 0.00157061 0.00157061 0.0456036 
2003 0 0.0327216 0.0769216 0.0523998 0.24952 0.129102 0.108921 0.135214 0.00396873 0.0166219 0.00443909 0.00515051 0.00481597 0.0481365 0.0105755 0.0199277 0.0205699 0.0155176 0.0151071 0.00782752 0.0425411 
2004 0 0.00961509 0.050915 0.0848038 0.070886 0.156469 0.100027 0.054303 0.0748509 0.0127203 0.0401113 0.0488352 0.0505835 0.0109368 0.0479137 0.0127982 0.0123796 0.0121231 0.022808 0.0166852 0.110235 
2005 0 0.00173256 0.0708961 0.067255 0.106805 0.0395384 0.126244 0.0767322 0.147053 0.128654 0.0103502 0.0141781 0.0264131 0.0291165 0.00952356 0.0422932 0.0119989 0.00750011 0.00297394 0.00103116 0.0797111 
2006 0 0.0394312 0.0166655 0.171992 0.0865911 0.136258 0.0593902 0.105124 0.0547775 0.0672383 0.080201 0.0143232 0.0237493 0.0364845 0.00808939 0.00123007 0.0270009 0.00133626 0.000953235 0.00130699 0.067858 
2007 0 0 0.000981771 0.0043573 0.0686333 0.0323581 0.0442762 0.00841294 0.0298233 0.0138767 0.0119946 0.0106687 0.00400778 0.0107352 0.012367 0.00547856 0.000591394 0.00597468 0.00200968 0.00148613 0.731967 
2008 0 0.00120856 0.0309314 0.0169249 0.0454211 0.352937 0.177846 0.114057 0.0277281 0.0245822 0.0300557 0.0660248 0.0759363 0.0022777 0.00994347 0.0034532 0.00495079 0 0.0116163 0.00136848 0.00273695 
2009 0 0.0102155 0.0240003 0.0907834 0.0326159 0.0293892 0.218868 0.0589339 0.0787634 0.0645183 0.11583 0.0510084 0.0592195 0.0437659 0.00155051 0.0102597 0.00744271 0.0112888 0 0.0557712 0.0357746 
2010 0 0.00360522 0.0473811 0.0745925 0.133038 0.018129 0.0571981 0.228331 0.0593139 0.0684186 0.0358008 0.0817909 0.062822 0.0253123 0.0539716 0.00529623 0.00875616 0.00199379 0 0 0.0342486 
2011 0 0.0247273 0.0175287 0.170598 0.104075 0.121032 0.0159064 0.025513 0.172789 0.0878199 0.0884943 0.0107887 0.0658956 0.0220075 0.0139041 0.00332838 0.0014568 0.00874081 0.0014568 0.00606202 0.0378749 
2012 0 0.0631412 0.0578544 0.0265185 0.138188 0.099641 0.0684305 0.00721118 0.019726 0.196814 0.0403331 0.0375423 0.0106452 0.0461504 0.0145883 0.0153833 0.0227329 0.00409569 0.0184312 0.027746 0.0848267 
2013 0 0.0108911 0.0931297 0.085846 0.0531658 0.140393 0.0608706 0.106491 0.0299111 0.0134953 0.118567 0.022602 0.0291339 0.0072037 0.0145391 0.0224575 0.0336064 0.03959 0.00756735 0.0196208 0.0909189 
end_table
table error_values
1990 0 0 0 0 0 0 0 0 0 0 0 0 0 0 0 0 0 0 0 0 0 
1991 0 0 0 0 0 0 0 0 0 0 0 0 0 0 0 0 0 0 0 0 0 
1992 0 0 0 0 0 0 0 0 0 0 0 0 0 0 0 0 0 0 0 0 0 
1993 0 0 0 0 0 0 0 0 0 0 0 0 0 0 0 0 0 0 0 0 0 
1994 0 0 0 0 0 0 0 0 0 0 0 0 0 0 0 0 0 0 0 0 0 
1995 0 0 0 0 0 0 0 0 0 0 0 0 0 0 0 0 0 0 0 0 0 
1996 0 0 0 0 0 0 0 0 0 0 0 0 0 0 0 0 0 0 0 0 0 
1997 0 0 0 0 0 0 0 0 0 0 0 0 0 0 0 0 0 0 0 0 0 
1998 0 0 0 0 0 0 0 0 0 0 0 0 0 0 0 0 0 0 0 0 0 
1999 0 0 0 0 0 0 0 0 0 0 0 0 0 0 0 0 0 0 0 0 0 
2000 0 0 0 0 0 0 0 0 0 0 0 0 0 0 0 0 0 0 0 0 0 
2001 0 0 0 0 0 0 0 0 0 0 0 0 0 0 0 0 0 0 0 0 0 
2002 0 0 0 0 0 0 0 0 0 0 0 0 0 0 0 0 0 0 0 0 0 
2003 0 0 0 0 0 0 0 0 0 0 0 0 0 0 0 0 0 0 0 0 0 
2004 0 0 0 0 0 0 0 0 0 0 0 0 0 0 0 0 0 0 0 0 0 
2005 0 0 0 0 0 0 0 0 0 0 0 0 0 0 0 0 0 0 0 0 0 
2006 0 0 0 0 0 0 0 0 0 0 0 0 0 0 0 0 0 0 0 0 0 
2007 0 0 0 0 0 0 0 0 0 0 0 0 0 0 0 0 0 0 0 0 0 
2008 0 0 0 0 0 0 0 0 0 0 0 0 0 0 0 0 0 0 0 0 0 
2009 0 0 0 0 0 0 0 0 0 0 0 0 0 0 0 0 0 0 0 0 0 
2010 0 0 0 0 0 0 0 0 0 0 0 0 0 0 0 0 0 0 0 0 0 
2011 0 0 0 0 0 0 0 0 0 0 0 0 0 0 0 0 0 0 0 0 0 
2012 0 0 0 0 0 0 0 0 0 0 0 0 0 0 0 0 0 0 0 0 0 
2013 0 0 0 0 0 0 0 0 0 0 0 0 0 0 0 0 0 0 0 0 0 
end_table

