@observation EN_age_sample_sim
age_samples_per_cluster 10 
ageing_error age_error 
average_cluster_weight 6 
cluster_cv 0.6 
cluster_sigma 1.1 
fishery_label Fishing_LL 
layer_of_stratum_definitions area_definition 
max_age 20 
min_age 0 
process_label fishing 
strata_to_include EN 
type mortality_event_biomass_age_clusters 
years 1990 1991 1992 1993 1994 1995 1996 1997 1998 1999 2000 2001 2002 2003 2004 2005 2006 2007 2008 2009 2010 2011 2012 2013 
table obs
1990 0 0.0275727 0.0356851 0.0797471 0.101913 0.0875147 0.07577 0.100376 0.0789881 0.0686582 0.0237218 0.0246342 0.0258125 0.0140662 0.0117861 0.0118499 0.0135621 0.0153045 0.039837 0.0325428 0.130658 
1991 0 0.0880463 0.0372107 0.0720007 0.118169 0.110946 0.0652705 0.0491142 0.0408585 0.0294759 0.0212712 0.0290477 0.0224109 0.0314509 0.0459405 0.0313567 0.0384831 0.0410389 0.0296869 0.0297547 0.0684657 
1992 0 0 0.0753553 0.0568713 0.062515 0.0970271 0.10628 0.0781548 0.111474 0.0469507 0.0376413 0.027633 0.016614 0.0265917 0.0243268 0.0138389 0.0560646 0.0286792 0.0185697 0.016453 0.0989591 
1993 0 0 0.00309435 0.25455 0.0603805 0.0424721 0.0478968 0.0436552 0.0382114 0.0369794 0.0672239 0.0691169 0.0460979 0.0473087 0.0365004 0.043566 0.0373741 0.0182162 0.0233858 0.00671308 0.0772577 
1994 0 0.0149182 0.0125765 0.0471078 0.344921 0.0736048 0.0535538 0.0495435 0.0353041 0.046545 0.0354217 0.025208 0.0400868 0.0190186 0.0428042 0.0193693 0.0109555 0.0140774 0.0212016 0.0096368 0.0841452 
1995 0 0.0191897 0.0537287 0.0829107 0.0443837 0.167787 0.04096 0.0437441 0.0707971 0.0399966 0.0506063 0.0887238 0.0481685 0.0624809 0.0240802 0.0206725 0.0241789 0.0153697 0.0232943 0.014307 0.0646199 
1996 0 0.00276562 0.0595795 0.0712005 0.169192 0.0334273 0.208127 0.0215152 0.0213021 0.0292035 0.0296214 0.0585539 0.0394213 0.0245231 0.0263658 0.0306827 0.0377801 0.0264073 0.0158993 0.00927115 0.0851608 
1997 0 0.00115399 0.0219073 0.0737209 0.102937 0.118437 0.0557888 0.358849 0.0538274 0.0366849 0.0221656 0.0357207 0.0175736 0.0209572 0.0174086 0.0189512 0.00397004 0.00261388 0.000926496 0.000926496 0.0354795 
1998 0 0.0397304 0.0600793 0.0362019 0.145261 0.0714059 0.0772028 0.0289513 0.158304 0.0272396 0.0598275 0.0462666 0.0356425 0.0260188 0.013169 0.00729707 0.00910365 0.0242348 0.0169882 0.0147679 0.102308 
1999 0 0.00383326 0.0190242 0.0594207 0.0409808 0.103949 0.0814513 0.109172 0.0233837 0.174057 0.087394 0.0659644 0.0316675 0.0170285 0.0106924 0.0107212 0.0160307 0.00174832 0.00212757 0.00723757 0.134117 
2000 0 0.0319061 0.0359765 0.101396 0.258216 0.0544921 0.135699 0.105414 0.0416984 0.00935119 0.0632651 0.0142222 0.0120708 0.00841017 0.0172649 0.00421929 0.0155707 0.0120148 0.010493 0.00492477 0.0633937 
2001 0 0.00604048 0.0720068 0.175909 0.186983 0.208754 0.0211141 0.0339478 0.0393481 0.0461297 0.00939075 0.0762222 0.00986194 0.0152797 0.00716946 0 0.00299803 0.00468684 0.00489307 0.00394555 0.0753197 
2002 0 0 0.0157107 0.184859 0.112492 0.16375 0.216348 0.0279436 0.074261 0.0285921 0.0307394 0.00957381 0.0310419 0.0100909 0.0127389 0.0111703 0.00955535 0.00519174 0.00508619 0.00868699 0.0421684 
2003 0 0.00533013 0.0611249 0.0442031 0.238893 0.133015 0.1629 0.15232 0.0279565 0.0400282 0.00726363 0.0200327 0.00364246 0.0054043 0.00536212 0.00694088 0.00948384 0.00601463 0.0108839 0.00956014 0.0496417 
2004 0 0.0286024 0.0382471 0.0839513 0.0640594 0.152277 0.114451 0.148355 0.129594 0.0105901 0.0428492 0.0185074 0.0273109 0.00636292 0.0276181 0.00934607 0.00781748 0.00890794 0.00890794 0.00232556 0.0699198 
2005 0 0.00574307 0.11973 0.111562 0.119912 0.0581691 0.212982 0.0974254 0.0770265 0.0698799 0.003061 0.018506 0.0131402 0.0049546 0 0 0 0 0 0 0.0879092 
2006 0 0.00629895 0.00890441 0.159401 0.122964 0.13267 0.0488864 0.120143 0.0509532 0.0621841 0.0804168 0.0110858 0.0116726 0.0079754 0.00265847 0 0.0411152 0.0207319 0.00906793 0.0112733 0.0915986 
2007 0 0.00393147 0.00191076 0.00274085 0.0219428 0.0093498 0.0129146 0.00286861 0.00800922 0.00349956 0.00391881 0.00556573 0.000919014 0.000934035 0.000269555 0.00020071 0 0.00314516 0.000238021 0.0036327 0.914009 
2008 0 0.00289779 0.0314033 0.0106722 0.0291654 0.30042 0.0830173 0.0749204 0.0864937 0.141953 0.0949499 0.042311 0.0441123 0 0.00620602 0.00917244 0.0102595 0.00853575 0.0140096 0.00549041 0.00401013 
2009 0 0.0359576 0.034944 0.0393642 0.0235307 0.0481106 0.211218 0.118818 0.134255 0.0392998 0.0707136 0.0752785 0.043257 0.0338033 0.0166398 0.0135103 0.0039451 0.0074713 0.000464506 0.0117124 0.037707 
2010 0 0 0.0804278 0.0778947 0.117844 0.0243025 0.0335125 0.307462 0.073135 0.0733467 0.0167697 0.0804206 0.0244404 0.0266072 0.0326005 0 0.00390169 0.012989 0.000998297 0.00278536 0.0105622 
2011 0 0.0183296 0.0225812 0.143451 0.129078 0.158715 0.0367352 0.059434 0.110351 0.0529942 0.057842 0.00332309 0.0285291 0.0438554 0.0357373 0.0412389 0.00535284 0.00260935 0.00484034 0.000869784 0.0441326 
2012 0 0.0305769 0.0971358 0.064867 0.194814 0.0719224 0.0463203 0.014516 0.0317446 0.119054 0.0421096 0.0454415 0.0303172 0.0593007 0.0463311 0.0248968 0.0218629 0 0.00933269 0.002877 0.0465792 
2013 0 0.00243537 0.133857 0.1225 0.0309754 0.152054 0.0780482 0.0963912 0.0161517 0.0300182 0.158484 0.0344517 0.0447895 0.00971516 0.0260103 0.00975546 0.00541307 0 0 0.00389894 0.0450496 
end_table
table error_values
1990 0 0 0 0 0 0 0 0 0 0 0 0 0 0 0 0 0 0 0 0 0 
1991 0 0 0 0 0 0 0 0 0 0 0 0 0 0 0 0 0 0 0 0 0 
1992 0 0 0 0 0 0 0 0 0 0 0 0 0 0 0 0 0 0 0 0 0 
1993 0 0 0 0 0 0 0 0 0 0 0 0 0 0 0 0 0 0 0 0 0 
1994 0 0 0 0 0 0 0 0 0 0 0 0 0 0 0 0 0 0 0 0 0 
1995 0 0 0 0 0 0 0 0 0 0 0 0 0 0 0 0 0 0 0 0 0 
1996 0 0 0 0 0 0 0 0 0 0 0 0 0 0 0 0 0 0 0 0 0 
1997 0 0 0 0 0 0 0 0 0 0 0 0 0 0 0 0 0 0 0 0 0 
1998 0 0 0 0 0 0 0 0 0 0 0 0 0 0 0 0 0 0 0 0 0 
1999 0 0 0 0 0 0 0 0 0 0 0 0 0 0 0 0 0 0 0 0 0 
2000 0 0 0 0 0 0 0 0 0 0 0 0 0 0 0 0 0 0 0 0 0 
2001 0 0 0 0 0 0 0 0 0 0 0 0 0 0 0 0 0 0 0 0 0 
2002 0 0 0 0 0 0 0 0 0 0 0 0 0 0 0 0 0 0 0 0 0 
2003 0 0 0 0 0 0 0 0 0 0 0 0 0 0 0 0 0 0 0 0 0 
2004 0 0 0 0 0 0 0 0 0 0 0 0 0 0 0 0 0 0 0 0 0 
2005 0 0 0 0 0 0 0 0 0 0 0 0 0 0 0 0 0 0 0 0 0 
2006 0 0 0 0 0 0 0 0 0 0 0 0 0 0 0 0 0 0 0 0 0 
2007 0 0 0 0 0 0 0 0 0 0 0 0 0 0 0 0 0 0 0 0 0 
2008 0 0 0 0 0 0 0 0 0 0 0 0 0 0 0 0 0 0 0 0 0 
2009 0 0 0 0 0 0 0 0 0 0 0 0 0 0 0 0 0 0 0 0 0 
2010 0 0 0 0 0 0 0 0 0 0 0 0 0 0 0 0 0 0 0 0 0 
2011 0 0 0 0 0 0 0 0 0 0 0 0 0 0 0 0 0 0 0 0 0 
2012 0 0 0 0 0 0 0 0 0 0 0 0 0 0 0 0 0 0 0 0 0 
2013 0 0 0 0 0 0 0 0 0 0 0 0 0 0 0 0 0 0 0 0 0 
end_table

