@observation EN_age_sample_sim
age_samples_per_cluster 10 
ageing_error age_error 
average_cluster_weight 6 
cluster_cv 0.6 
cluster_sigma 1.1 
fishery_label Fishing_LL 
layer_of_stratum_definitions area_definition 
max_age 20 
min_age 0 
process_label fishing 
strata_to_include EN 
type mortality_event_biomass_age_clusters 
years 1990 1991 1992 1993 1994 1995 1996 1997 1998 1999 2000 2001 2002 2003 2004 2005 2006 2007 2008 2009 2010 2011 2012 2013 
table obs
1990 0 0.0225466 0.0644315 0.0730166 0.143949 0.0951982 0.0968243 0.0530349 0.0491162 0.0367 0.0214077 0.0327143 0.013162 0.030583 0.028524 0.0236563 0.013598 0.0225035 0.0174326 0.00541914 0.156181 
1991 0 0.0407048 0.0354128 0.0626363 0.0970883 0.0949058 0.0692584 0.0525604 0.0529756 0.0817083 0.039213 0.01594 0.0173115 0.0256839 0.0354272 0.0507063 0.00835408 0.00348298 0.0105436 0.00116099 0.204926 
1992 0 0.00132534 0.0298126 0.0240933 0.0661151 0.103088 0.115366 0.0738798 0.0941168 0.0705655 0.0552414 0.0576018 0.0389163 0.0307622 0.0410527 0.0279464 0.0300873 0.0337339 0.0276767 0.0185733 0.0600459 
1993 0 0.00533919 0.0110181 0.204513 0.0543285 0.0478726 0.088043 0.0530657 0.0905233 0.0755476 0.0774456 0.0502851 0.0241989 0.0183736 0.0345597 0.0188581 0.00619969 0.023698 0.00712946 0.00577167 0.103229 
1994 0 0 0.0383479 0.0366588 0.242935 0.059246 0.0468163 0.0671141 0.0324949 0.0466469 0.0494957 0.0535862 0.0610541 0.0343119 0.0562035 0.0339251 0.0291155 0.020921 0.00432607 0.00284481 0.0839566 
1995 0 0.0155605 0.0367451 0.0488339 0.0475583 0.197552 0.0631001 0.0855821 0.0490242 0.0535094 0.0574598 0.0916567 0.065537 0.0277764 0.026158 0.00668295 0.00991126 0.00597866 0.00589238 0.00534258 0.100139 
1996 0 0 0.104687 0.0820249 0.107951 0.0398044 0.26078 0.0441485 0.0633475 0.0573713 0.0194799 0.0317027 0.0169662 0.0104259 0.00667932 0.0107524 0.00870966 0.0099648 0.00329249 0.00682585 0.115087 
1997 0 0.032343 0.00798799 0.114016 0.122578 0.0965892 0.0327654 0.232592 0.0577367 0.067703 0.0442108 0.0246494 0.0167398 0.0206915 0.0100844 0.00875907 0.00329989 0.00814007 0.00590661 0.0102434 0.0829641 
1998 0 0.0164141 0.0471059 0.0354636 0.111959 0.120457 0.0991621 0.017775 0.131245 0.01125 0.0121034 0.030037 0.0350656 0.0360936 0.042295 0.0477605 0.0389179 0.0370907 0.0195102 0.00767123 0.102623 
1999 0 0.00779385 0.0528637 0.0872314 0.0415624 0.117715 0.0734057 0.0747191 0.0261985 0.171481 0.0343561 0.0209906 0.0260953 0.028585 0.0169177 0.0143892 0.0349774 0.0384295 0.0255356 0.00541243 0.10134 
2000 0 0.01292 0.0383282 0.0924403 0.203327 0.0488556 0.15604 0.0614353 0.0759876 0.0201167 0.109919 0.0191143 0.0208887 0.0138168 0 0.0010275 0.00258524 0.00528713 0.00807938 0.013688 0.0961428 
2001 0 0.0179594 0.0638996 0.0906388 0.152426 0.207276 0.0422943 0.0593958 0.0294527 0.0171167 0.00780772 0.0499241 0.0318836 0.0271655 0.0130702 0.0318139 0.0119288 0.00517613 0.00447819 0.00726118 0.129032 
2002 0 0.0257439 0.037044 0.123896 0.138496 0.142584 0.117685 0.00509356 0.0247446 0.0816256 0.0555402 0.00665726 0.0493866 0.0141042 0.0067966 0.00356574 0.00539363 0.0144663 0.0194665 0.0230499 0.10466 
2003 0 0.00349598 0.0715144 0.0501142 0.225084 0.14415 0.12529 0.120142 0.0180525 0.0435984 0.0250508 0.0201222 0.00607071 0.0557124 0 0.00655712 0.00888652 0.0204732 0.0309649 0.00131128 0.02341 
2004 0 0.0221424 0.0465838 0.0884396 0.0602094 0.163465 0.107179 0.134383 0.142845 0.0159271 0.0441613 0.0163496 0.00962096 0.00237363 0.0230803 0.034084 0.0246406 0.0103353 0.00896734 0.00238854 0.0428238 
2005 0 0 0.0719066 0.0946568 0.161753 0.053022 0.246698 0.077782 0.0545909 0.0707921 0.0137017 0.00386793 0.0115164 0.00320173 0 0.057036 0.0165119 0.0132339 0.00284187 0.00131219 0.0455747 
2006 0 0 0.0120945 0.232883 0.160198 0.149319 0.049838 0.115438 0.0647137 0.066634 0.0683591 0.00699339 0.0211647 0.0103116 0.0033794 0.00206067 0.00961982 0.00333908 0.00333908 0.00333908 0.0169767 
2007 0 0.00261682 0.00405153 0.00268427 0.0380669 0.016038 0.054063 0.00965356 0.00924826 0.00491073 0.00518786 0.00618055 0.00147747 0.00103851 0.00155231 0.000405305 0.000414713 0.00524014 0.0029175 0 0.834253 
2008 0 0.00411236 0.0143525 0.00598377 0.0621843 0.276602 0.116573 0.121098 0.0457995 0.0926089 0.0611734 0.0626547 0.0604901 0.00651388 0.0179699 0.0346675 0.0148252 0.00172688 0.000664551 0 0 
2009 0 0.0254615 0.0357032 0.134712 0.0425586 0.0641315 0.198958 0.0682627 0.11042 0.0275998 0.105697 0.0601928 0.0395959 0.0500605 0.00623252 0.0168109 0.00847002 0.00513347 0 0 0 
2010 0 0 0.0720722 0.0903572 0.123936 0.0234456 0.02963 0.158403 0.0442287 0.0586624 0.0482539 0.0889948 0.0606913 0.0494307 0.0330332 0.0116046 0.0199336 0.0196721 0.0316899 0.00283993 0.033121 
2011 0 0.0305376 0.006011 0.0457171 0.0873399 0.0864213 0.0331645 0.0574838 0.21054 0.0769571 0.0574335 0.0076851 0.0906243 0.0451052 0.0390229 0.0413041 0.0114333 0.019424 0.0118169 0.0144559 0.0275223 
2012 0 0.027265 0.0555964 0.0324497 0.151408 0.0880942 0.0606354 0.0074268 0.0106275 0.160318 0.0615283 0.078519 0.0434934 0.0428999 0.0352665 0.0578002 0.0389293 0.0022749 0.0177717 0.00585205 0.0218433 
2013 0 0.00475157 0.14603 0.160415 0.0439539 0.122236 0.0637661 0.0473178 0.0122099 0.0137681 0.162645 0.0702791 0.0243487 0.0174637 0.0277342 0.0169974 0.0182699 0.0134528 0 0.00883055 0.0255313 
end_table
table error_values
1990 0 0 0 0 0 0 0 0 0 0 0 0 0 0 0 0 0 0 0 0 0 
1991 0 0 0 0 0 0 0 0 0 0 0 0 0 0 0 0 0 0 0 0 0 
1992 0 0 0 0 0 0 0 0 0 0 0 0 0 0 0 0 0 0 0 0 0 
1993 0 0 0 0 0 0 0 0 0 0 0 0 0 0 0 0 0 0 0 0 0 
1994 0 0 0 0 0 0 0 0 0 0 0 0 0 0 0 0 0 0 0 0 0 
1995 0 0 0 0 0 0 0 0 0 0 0 0 0 0 0 0 0 0 0 0 0 
1996 0 0 0 0 0 0 0 0 0 0 0 0 0 0 0 0 0 0 0 0 0 
1997 0 0 0 0 0 0 0 0 0 0 0 0 0 0 0 0 0 0 0 0 0 
1998 0 0 0 0 0 0 0 0 0 0 0 0 0 0 0 0 0 0 0 0 0 
1999 0 0 0 0 0 0 0 0 0 0 0 0 0 0 0 0 0 0 0 0 0 
2000 0 0 0 0 0 0 0 0 0 0 0 0 0 0 0 0 0 0 0 0 0 
2001 0 0 0 0 0 0 0 0 0 0 0 0 0 0 0 0 0 0 0 0 0 
2002 0 0 0 0 0 0 0 0 0 0 0 0 0 0 0 0 0 0 0 0 0 
2003 0 0 0 0 0 0 0 0 0 0 0 0 0 0 0 0 0 0 0 0 0 
2004 0 0 0 0 0 0 0 0 0 0 0 0 0 0 0 0 0 0 0 0 0 
2005 0 0 0 0 0 0 0 0 0 0 0 0 0 0 0 0 0 0 0 0 0 
2006 0 0 0 0 0 0 0 0 0 0 0 0 0 0 0 0 0 0 0 0 0 
2007 0 0 0 0 0 0 0 0 0 0 0 0 0 0 0 0 0 0 0 0 0 
2008 0 0 0 0 0 0 0 0 0 0 0 0 0 0 0 0 0 0 0 0 0 
2009 0 0 0 0 0 0 0 0 0 0 0 0 0 0 0 0 0 0 0 0 0 
2010 0 0 0 0 0 0 0 0 0 0 0 0 0 0 0 0 0 0 0 0 0 
2011 0 0 0 0 0 0 0 0 0 0 0 0 0 0 0 0 0 0 0 0 0 
2012 0 0 0 0 0 0 0 0 0 0 0 0 0 0 0 0 0 0 0 0 0 
2013 0 0 0 0 0 0 0 0 0 0 0 0 0 0 0 0 0 0 0 0 0 
end_table

