@observation EN_age_sample_sim
age_samples_per_cluster 10 
ageing_error age_error 
average_cluster_weight 6 
cluster_cv 0.6 
cluster_sigma 1.1 
fishery_label Fishing_LL 
layer_of_stratum_definitions area_definition 
max_age 20 
min_age 0 
process_label fishing 
strata_to_include EN 
type mortality_event_biomass_age_clusters 
years 1990 1991 1992 1993 1994 1995 1996 1997 1998 1999 2000 2001 2002 2003 2004 2005 2006 2007 2008 2009 2010 2011 2012 2013 
table obs
1990 0 0.0307731 0.0289151 0.04744 0.0918283 0.0570832 0.0531004 0.0527321 0.0402638 0.0405181 0.0488455 0.0278708 0.0286618 0.0457665 0.0628501 0.0682635 0.0540542 0.0311302 0.0207059 0.0173951 0.151802 
1991 0 0.0135592 0.0281423 0.0312084 0.0986381 0.0970726 0.0755393 0.0536441 0.0650682 0.0526361 0.0678308 0.0320105 0.0449103 0.0320577 0.0537419 0.0353741 0.0175054 0.0246679 0.0214229 0.0269591 0.128011 
1992 0 0.00597302 0.0943121 0.0555956 0.0862643 0.0718963 0.0600083 0.0481191 0.0279827 0.0325318 0.0336349 0.055213 0.0739255 0.0587233 0.0242695 0.0322019 0.0249187 0.0234224 0.0155109 0.00993123 0.165566 
1993 0 0.00283783 0.0149793 0.17417 0.0721692 0.0717019 0.0314153 0.0336207 0.0305884 0.0715952 0.0838673 0.0344429 0.0110807 0.036988 0.0238999 0.0578462 0.050629 0.0163555 0.0284907 0.0088941 0.144428 
1994 0 0 0.0136425 0.0191528 0.339589 0.0947904 0.101402 0.0820401 0.0452015 0.0444728 0.0250559 0.0171299 0.0120881 0.0105275 0.0122988 0.00430374 0.00552945 0.00565774 0 0.00496641 0.162152 
1995 0 0.0276129 0.0307534 0.0651048 0.0784274 0.29334 0.0715349 0.090975 0.0567357 0.0266341 0.0145296 0.00777026 0.0217986 0.0114819 0.0185953 0.0131267 0.0159357 0.010522 0.00775184 0.00874621 0.128624 
1996 0 0 0.0596431 0.0784048 0.143476 0.037787 0.233386 0.0327795 0.0238542 0.04785 0.0393422 0.0409757 0.0123598 0.0149517 0.0229916 0.00734025 0.0450062 0.0210766 0.0251105 0.0033736 0.110291 
1997 0 0.0293142 0.0038654 0.0445962 0.0861125 0.116278 0.0219511 0.207895 0.0477396 0.0279867 0.0551796 0.0493867 0.0427976 0.0258376 0.0228572 0.00463387 0.0124812 0.014332 0.01936 0.0169982 0.150397 
1998 0 0.0301962 0.071596 0.0536148 0.173132 0.105349 0.0889167 0.0154265 0.151593 0.046879 0.0407925 0.0207742 0.0255804 0.0125423 0.0112955 0.0113667 0.026454 0.0121295 0.0251316 0.0127029 0.0645273 
1999 0 0.0254916 0.065223 0.177701 0.030232 0.108082 0.0536305 0.0908926 0.026416 0.0809692 0.0129804 0.0173241 0.0250672 0.0193995 0.0165595 0.0116964 0.011036 0.0283985 0.0288757 0.037003 0.133022 
2000 0 0.023585 0.0691492 0.161056 0.247862 0.0415909 0.0805091 0.0570319 0.0448824 0.0232251 0.0816179 0.0342186 0.0132649 0.0168986 0.0113429 0.00402363 0.010993 0.00278776 0.00279292 0 0.0731683 
2001 0 0.0165535 0.0965839 0.16329 0.12847 0.118676 0.0146675 0.0614976 0.0364232 0.0415748 0.0211336 0.151027 0.0310691 0.0269342 0.0132782 0.00464564 0.000579807 0.00526608 0.00409451 0.00430241 0.0599333 
2002 0 0 0.0150086 0.169028 0.172029 0.145625 0.168573 0.00785398 0.0622498 0.0190054 0.0333146 0.0219809 0.0494233 0.0341023 0.0241939 0.0122191 0.00177858 0.00837608 0.000734916 0.00630996 0.0481938 
2003 0 0.0206363 0.0342311 0.0235473 0.188698 0.173331 0.134 0.162581 0.027081 0.0362878 0.0249569 0.0315924 0.00740057 0.0284949 0.0117037 0.0178636 0.0118186 0.0102373 0.00967371 0.00552982 0.0403351 
2004 0 0.00408834 0.0228942 0.122028 0.0524902 0.124673 0.092145 0.145618 0.13715 0.0196708 0.0399294 0.0181155 0.0327789 0.00398218 0.0537884 0.00114947 0.00394954 0.0083222 0.00793339 0.02572 0.083574 
2005 0 0.00864523 0.126731 0.102577 0.149244 0.0512401 0.142511 0.0659018 0.069064 0.0610751 0.00939835 0.0354661 0.0308144 0.0291448 0.003871 0.0247103 0.00754155 0.000823849 0 0.000444997 0.0807962 
2006 0 0 0 0.212682 0.0915511 0.111195 0.0350451 0.0878795 0.0711647 0.0552925 0.0870571 0.0062373 0.0116567 0.0218948 0.0168156 0.00349365 0.0866055 0.0128263 0.0297128 0.00404934 0.0548407 
2007 0 0 0.000559129 0.00206235 0.026483 0.0124487 0.0132475 0.00136816 0.00575516 0.00297422 0.00140984 0.00295982 0.000452556 0.000386166 0.000367621 0.00051262 0 0.000476344 0.00052303 0.00052303 0.927491 
2008 0 0 0.0228378 0.00438729 0.0210469 0.33264 0.12643 0.0838931 0.0778751 0.0661488 0.0473232 0.0502103 0.053417 0.00519306 0.011248 0.00465431 0.0185992 0.00320859 0.0367891 0 0.0340982 
2009 0 0.00684696 0.0294461 0.126471 0.0294198 0.0331705 0.285324 0.0765586 0.0472538 0.0277456 0.0601577 0.0333756 0.0251747 0.062121 0.00602284 0.0324517 0.0136713 0.0212368 0.00177797 0.0469377 0.0348364 
2010 0 0 0.0283124 0.0334934 0.080154 0.0126296 0.0359157 0.279552 0.091247 0.102776 0.0297036 0.0555486 0.0665717 0.0443325 0.0633669 0.00132422 0.0146591 0.00594801 0.00349343 0 0.0509724 
2011 0 0.0386477 0.0255351 0.172676 0.0837213 0.0963513 0.00438836 0.0110042 0.0819427 0.0498136 0.0548073 0.0131026 0.042838 0.0472636 0.081961 0.0579449 0.0228046 0.0384598 0.023447 0.00584515 0.0474457 
2012 0 0.0294838 0.0621534 0.0186635 0.205114 0.105067 0.0749506 0.0020817 0.0230132 0.113951 0.0655282 0.0561282 0.0160203 0.046912 0.0226897 0.0274644 0.0280232 0.00366321 0.0143371 0.011526 0.0732297 
2013 0 0 0.112894 0.0880987 0.0499785 0.129946 0.0752041 0.052492 0.025987 0.02875 0.167018 0.0358244 0.0517092 0.0265404 0.0401272 0.0202815 0.0538114 0.0127455 0 0.00729067 0.0213014 
end_table
table error_values
1990 0 0 0 0 0 0 0 0 0 0 0 0 0 0 0 0 0 0 0 0 0 
1991 0 0 0 0 0 0 0 0 0 0 0 0 0 0 0 0 0 0 0 0 0 
1992 0 0 0 0 0 0 0 0 0 0 0 0 0 0 0 0 0 0 0 0 0 
1993 0 0 0 0 0 0 0 0 0 0 0 0 0 0 0 0 0 0 0 0 0 
1994 0 0 0 0 0 0 0 0 0 0 0 0 0 0 0 0 0 0 0 0 0 
1995 0 0 0 0 0 0 0 0 0 0 0 0 0 0 0 0 0 0 0 0 0 
1996 0 0 0 0 0 0 0 0 0 0 0 0 0 0 0 0 0 0 0 0 0 
1997 0 0 0 0 0 0 0 0 0 0 0 0 0 0 0 0 0 0 0 0 0 
1998 0 0 0 0 0 0 0 0 0 0 0 0 0 0 0 0 0 0 0 0 0 
1999 0 0 0 0 0 0 0 0 0 0 0 0 0 0 0 0 0 0 0 0 0 
2000 0 0 0 0 0 0 0 0 0 0 0 0 0 0 0 0 0 0 0 0 0 
2001 0 0 0 0 0 0 0 0 0 0 0 0 0 0 0 0 0 0 0 0 0 
2002 0 0 0 0 0 0 0 0 0 0 0 0 0 0 0 0 0 0 0 0 0 
2003 0 0 0 0 0 0 0 0 0 0 0 0 0 0 0 0 0 0 0 0 0 
2004 0 0 0 0 0 0 0 0 0 0 0 0 0 0 0 0 0 0 0 0 0 
2005 0 0 0 0 0 0 0 0 0 0 0 0 0 0 0 0 0 0 0 0 0 
2006 0 0 0 0 0 0 0 0 0 0 0 0 0 0 0 0 0 0 0 0 0 
2007 0 0 0 0 0 0 0 0 0 0 0 0 0 0 0 0 0 0 0 0 0 
2008 0 0 0 0 0 0 0 0 0 0 0 0 0 0 0 0 0 0 0 0 0 
2009 0 0 0 0 0 0 0 0 0 0 0 0 0 0 0 0 0 0 0 0 0 
2010 0 0 0 0 0 0 0 0 0 0 0 0 0 0 0 0 0 0 0 0 0 
2011 0 0 0 0 0 0 0 0 0 0 0 0 0 0 0 0 0 0 0 0 0 
2012 0 0 0 0 0 0 0 0 0 0 0 0 0 0 0 0 0 0 0 0 0 
2013 0 0 0 0 0 0 0 0 0 0 0 0 0 0 0 0 0 0 0 0 0 
end_table

