@observation EN_age_sample_sim
age_samples_per_cluster 10 
ageing_error age_error 
average_cluster_weight 6 
cluster_cv 0.6 
cluster_sigma 1.1 
fishery_label Fishing_LL 
layer_of_stratum_definitions area_definition 
max_age 20 
min_age 0 
process_label fishing 
strata_to_include EN 
type mortality_event_biomass_age_clusters 
years 1990 1991 1992 1993 1994 1995 1996 1997 1998 1999 2000 2001 2002 2003 2004 2005 2006 2007 2008 2009 2010 2011 2012 2013 
table obs
1990 0 0.00356734 0.0132335 0.0514083 0.105769 0.0881067 0.067345 0.0801487 0.0192963 0.0197052 0.0282604 0.0295401 0.0389865 0.018306 0.023075 0.0253228 0.0182419 0.0147077 0.0373584 0.0394535 0.278168 
1991 0 0.0107709 0.027222 0.0458049 0.102861 0.118932 0.135324 0.125212 0.066265 0.0654122 0.0531044 0.0340842 0.0297457 0.022213 0.0214505 0.0230372 0.00840743 0.00749988 0.00792155 0 0.0947318 
1992 0 0.00528265 0.0627868 0.0781011 0.114595 0.118358 0.100921 0.0962167 0.0367882 0.0480966 0.040833 0.0562644 0.0322513 0.0356425 0.0241619 0.0129447 0.0269251 0.00701184 0.00231452 0.0134461 0.087059 
1993 0 0.0159521 0.0308969 0.214448 0.0879271 0.0869775 0.0731394 0.0533845 0.0420799 0.0744133 0.0884473 0.0507516 0.0371022 0.0403027 0.00838257 0.00867648 0.020158 0.0156634 0.00706308 0.001603 0.0426307 
1994 0 0.000850244 0.010151 0.00660817 0.271665 0.0720762 0.0710005 0.0579482 0.0366133 0.0285891 0.0408385 0.0564519 0.056502 0.054253 0.0364139 0.0186006 0.00905123 0.0180886 0.0180854 0.00982569 0.126387 
1995 0 0.0102023 0.0327319 0.0665278 0.0207284 0.282817 0.0932825 0.107208 0.0603881 0.05423 0.0642237 0.0200277 0.0330548 0.0330053 0.00964352 0.00543836 0.00827004 0.0035775 0.00275784 0.00347334 0.0884127 
1996 0 0.00446357 0.0205197 0.0563901 0.101058 0.0507935 0.281986 0.0473791 0.0485774 0.0134285 0.0298243 0.032382 0.0167081 0.0303662 0.0162238 0.0218609 0.0269138 0.0131956 0.00894022 0.00834282 0.170646 
1997 0 0.0020891 0.000873325 0.0584237 0.144773 0.160331 0.0568257 0.336388 0.0831513 0.0405721 0.0259822 0.0181434 0.00998477 0.022961 0.00622158 0.00253926 0.00156694 0 0.0023504 0.000783468 0.0260393 
1998 0 0.0104956 0.0470831 0.025425 0.0927395 0.0886471 0.0747767 0.0271242 0.176167 0.0465332 0.041593 0.0496028 0.0321658 0.033966 0.0393188 0.0273456 0.00454012 0.00167451 0.00106057 0.0175034 0.162238 
1999 0 0.0145829 0.0244984 0.217443 0.0451326 0.174337 0.0686851 0.0671489 0.0147493 0.110731 0.0162079 0.0315953 0.0238175 0.0225142 0.0300617 0.0225645 0.0220436 0.0151573 0.0239448 0.0151255 0.0396589 
2000 0 0.0226814 0.0628777 0.132491 0.205927 0.0315415 0.0535741 0.060518 0.0372991 0.0114464 0.0996678 0.016679 0.0160984 0.0161642 0.0456631 0.0282999 0.026166 0.00955859 0.00854454 0.0110864 0.103717 
2001 0 0.000967963 0.0308942 0.0688564 0.146671 0.238056 0.0271331 0.0579866 0.0230193 0.0270469 0.00812785 0.113387 0.0477186 0.0254685 0.0181592 0.0142993 0 0.0119178 0.00723398 0.00364686 0.129409 
2002 0 0.00122623 0.0191091 0.129414 0.11129 0.0737762 0.125953 0.0260936 0.0824419 0.0730215 0.0589691 0.0313205 0.11455 0.00858251 0.0189693 0.0103848 0.032187 0.00987887 0.0190747 0.0115 0.0422563 
2003 0 0.00210338 0.0321396 0.0525692 0.179674 0.104568 0.117996 0.192112 0.0528828 0.0732286 0.0544437 0.0579814 0.00587343 0.0463125 0.00153576 0.00313543 0.00799835 0.00479901 0 0.00118303 0.00946424 
2004 0 0.0398712 0.0481951 0.0992317 0.0762693 0.21263 0.0969649 0.121152 0.0566626 0.0153159 0.0460383 0.0245501 0.0207335 0.00449797 0.0522354 0.0287575 0.0187116 0.0130993 0.00746028 0 0.0176232 
2005 0 0.019355 0.100999 0.0952598 0.199487 0.050466 0.185562 0.0708353 0.0740269 0.0565739 0.00389731 0.00886203 0.0178184 0.0106556 0.00598358 0.0153394 0.00087826 0 0.0055001 0.00622656 0.0722732 
2006 0 0.0389715 0.0170658 0.15965 0.124854 0.150913 0.0235807 0.0707729 0.0416036 0.0577163 0.119482 0 0.0117767 0.011839 0.00596424 0.00515423 0.0328988 0.0366619 0.0265038 0.00951356 0.0550792 
2007 0 0.000210442 0.000420884 0.00260926 0.0387781 0.0145122 0.0241726 0.00770893 0.00990667 0.00272223 0.00123383 0.00127555 0.00155595 0.00125833 0.00265712 0.00323573 0.000284556 0.00757949 0.000662574 0.00160366 0.877612 
2008 0 0.00395189 0.00694123 0.00287669 0.00741888 0.0515868 0.80586 0.0228467 0.00756227 0.0323048 0.0167803 0.00561008 0.0114989 0.000748363 0.00421184 0.00771595 0.0040683 0.000967025 0.00134151 0 0.00570864 
2009 0 0.00501791 0.0459412 0.0952997 0.0191192 0.0388773 0.240181 0.102798 0.0632626 0.0380564 0.088888 0.0399577 0.0459667 0.0320777 0.00425328 0.0109268 0.0177275 0.0168514 0.000501612 0.0561267 0.0381694 
2010 0 0 0.0890134 0.0814415 0.0969084 0.0342197 0.0394082 0.24603 0.0675899 0.0686532 0.0320975 0.0818936 0.0317041 0.0340828 0.0643046 0 0.00173977 0 0.00173977 0 0.0291737 
2011 0 0.0213377 0.0203185 0.147533 0.127371 0.11135 0.0247874 0.0158541 0.138724 0.0983044 0.0723993 0.0158181 0.0348946 0.0205208 0.0206634 0.0377955 0.0241835 0.0127376 0.00649596 0.00353719 0.0453734 
2012 0 0.0194283 0.030387 0.02581 0.120177 0.104681 0.111181 0.0261849 0.0377628 0.183521 0.095489 0.0918638 0.0284233 0.0356795 0.0184457 0.00906881 0.0116951 0.000422446 0.00126734 0.00405458 0.0444581 
2013 0 0.00978241 0.0973129 0.073209 0.0468674 0.207056 0.0938309 0.105654 0.027368 0.0122495 0.100622 0.0539331 0.0168021 0.00510492 0.0271345 0.039198 0.0165741 0.00770167 0 0.0060664 0.053532 
end_table
table error_values
1990 0 0 0 0 0 0 0 0 0 0 0 0 0 0 0 0 0 0 0 0 0 
1991 0 0 0 0 0 0 0 0 0 0 0 0 0 0 0 0 0 0 0 0 0 
1992 0 0 0 0 0 0 0 0 0 0 0 0 0 0 0 0 0 0 0 0 0 
1993 0 0 0 0 0 0 0 0 0 0 0 0 0 0 0 0 0 0 0 0 0 
1994 0 0 0 0 0 0 0 0 0 0 0 0 0 0 0 0 0 0 0 0 0 
1995 0 0 0 0 0 0 0 0 0 0 0 0 0 0 0 0 0 0 0 0 0 
1996 0 0 0 0 0 0 0 0 0 0 0 0 0 0 0 0 0 0 0 0 0 
1997 0 0 0 0 0 0 0 0 0 0 0 0 0 0 0 0 0 0 0 0 0 
1998 0 0 0 0 0 0 0 0 0 0 0 0 0 0 0 0 0 0 0 0 0 
1999 0 0 0 0 0 0 0 0 0 0 0 0 0 0 0 0 0 0 0 0 0 
2000 0 0 0 0 0 0 0 0 0 0 0 0 0 0 0 0 0 0 0 0 0 
2001 0 0 0 0 0 0 0 0 0 0 0 0 0 0 0 0 0 0 0 0 0 
2002 0 0 0 0 0 0 0 0 0 0 0 0 0 0 0 0 0 0 0 0 0 
2003 0 0 0 0 0 0 0 0 0 0 0 0 0 0 0 0 0 0 0 0 0 
2004 0 0 0 0 0 0 0 0 0 0 0 0 0 0 0 0 0 0 0 0 0 
2005 0 0 0 0 0 0 0 0 0 0 0 0 0 0 0 0 0 0 0 0 0 
2006 0 0 0 0 0 0 0 0 0 0 0 0 0 0 0 0 0 0 0 0 0 
2007 0 0 0 0 0 0 0 0 0 0 0 0 0 0 0 0 0 0 0 0 0 
2008 0 0 0 0 0 0 0 0 0 0 0 0 0 0 0 0 0 0 0 0 0 
2009 0 0 0 0 0 0 0 0 0 0 0 0 0 0 0 0 0 0 0 0 0 
2010 0 0 0 0 0 0 0 0 0 0 0 0 0 0 0 0 0 0 0 0 0 
2011 0 0 0 0 0 0 0 0 0 0 0 0 0 0 0 0 0 0 0 0 0 
2012 0 0 0 0 0 0 0 0 0 0 0 0 0 0 0 0 0 0 0 0 0 
2013 0 0 0 0 0 0 0 0 0 0 0 0 0 0 0 0 0 0 0 0 0 
end_table

