@observation EN_age_sample_sim
age_samples_per_cluster 10 
ageing_error age_error 
average_cluster_weight 6 
cluster_cv 0.6 
cluster_sigma 1.1 
fishery_label Fishing_LL 
layer_of_stratum_definitions area_definition 
max_age 20 
min_age 0 
process_label fishing 
strata_to_include EN 
type mortality_event_biomass_age_clusters 
years 1990 1991 1992 1993 1994 1995 1996 1997 1998 1999 2000 2001 2002 2003 2004 2005 2006 2007 2008 2009 2010 2011 2012 2013 
table obs
1990 0 0.00163243 0.00147633 0.0507556 0.0913797 0.0905059 0.0830636 0.0604367 0.049663 0.0610294 0.0488267 0.0769743 0.0278812 0.0284728 0.0392105 0.0644504 0.037253 0.0137283 0.0196385 0.00980818 0.143814 
1991 0 0.0219098 0.0101719 0.0386218 0.0897214 0.116914 0.040156 0.0544513 0.0382121 0.0442756 0.0388091 0.0438834 0.0441396 0.0263219 0.0277454 0.0657466 0.0699868 0.0645978 0.0273249 0.0177873 0.119223 
1992 0 0 0.134678 0.0747774 0.117373 0.0751714 0.0793059 0.0495002 0.0263257 0.0321903 0.0251579 0.0586891 0.0318217 0.0510872 0.0420225 0.00755401 0.0116682 0.0513013 0.0302247 0.0138106 0.0873409 
1993 0 0.0119548 0.0205014 0.211147 0.0763968 0.0780198 0.114145 0.0757762 0.0815006 0.0605582 0.044525 0.0232153 0.0214073 0.0128308 0.00827444 0.0137561 0.0166057 0.0204638 0.0145637 0.00422885 0.0901291 
1994 0 0.0167529 0.036749 0.0295022 0.345795 0.0708366 0.0546617 0.0636527 0.0490895 0.0338613 0.0307432 0.040136 0.0368858 0.0269103 0.034649 0.0143053 0.0225191 0.0240707 0.0228761 0.0159508 0.0300531 
1995 0 0 0.0198886 0.0337292 0.0286157 0.306994 0.0569848 0.0806496 0.0563917 0.0832142 0.0617035 0.0512692 0.0358045 0.0242526 0.00789367 0.016501 0.00971459 0.00843122 0.00384883 0.00255231 0.111561 
1996 0 0.0022076 0.0419945 0.0513519 0.101053 0.037439 0.252859 0.0403688 0.0581541 0.0566096 0.0662676 0.0546367 0.0303307 0.0441444 0.0386303 0.00721127 0.0218258 0.00847347 0.00108721 0.00377644 0.0815787 
1997 0 0.00137733 0.000688666 0.0547858 0.0958307 0.103324 0.053695 0.272763 0.0471629 0.0545146 0.016802 0.0200376 0.0259961 0.0251089 0.00783089 0.0215942 0.0318735 0.0363212 0.0214012 0.0227715 0.0861207 
1998 0 0.00928576 0.0692767 0.0323249 0.139686 0.114165 0.0997727 0.0279666 0.131314 0.029501 0.0338017 0.0241188 0.0300797 0.0173689 0.0571255 0.0409412 0.0139559 0.00903603 0.00374824 0.00989794 0.106633 
1999 0 0.0156523 0.0801367 0.191531 0.0376879 0.142127 0.0667878 0.0829064 0.02291 0.102056 0.0133666 0.0180427 0.00858978 0.0118155 0.0171813 0.00689275 0.00834028 0.0101239 0.0114115 0.0203087 0.132132 
2000 0 0 0.011928 0.0952781 0.115045 0.0289423 0.085381 0.0973833 0.066101 0.0177951 0.135233 0.0293684 0.031308 0.045441 0.051836 0.0391875 0.0351502 0.0237851 0.0151897 0.0155205 0.0601269 
2001 0 0.0214669 0.0992532 0.188447 0.111071 0.126698 0.0199191 0.0343906 0.0718683 0.0524039 0.0194976 0.115744 0.0253466 0.0143373 0.00294414 0.0073704 0.00991116 0.00809095 0.00931741 0.005656 0.0562664 
2002 0 0 0.0177521 0.11742 0.162215 0.110382 0.134162 0.0189516 0.0573734 0.0345109 0.0349534 0.00848214 0.0597337 0.0676903 0.0525051 0.0336074 0.0338395 0.00467531 0.00502726 0.0094852 0.0372331 
2003 0 0.0222864 0.0479829 0.0553875 0.195812 0.140736 0.111363 0.115306 0.02426 0.0697294 0.0445388 0.00637466 0.00500579 0.0300059 0.00162182 0.0210681 0.0159392 0.00597073 0 0 0.0866117 
2004 0 0.018962 0.0469182 0.12952 0.0771687 0.175478 0.0741407 0.0740009 0.107918 0.0352118 0.0598761 0.036508 0.0575922 0.0179447 0.0624529 0.0182981 0.00360062 0.00320918 0.00120021 0 0 
2005 0 0 0.0758287 0.07053 0.11344 0.0443533 0.167591 0.107903 0.101243 0.0848281 0.00320833 0.0338807 0.0147833 0.0202159 0.00126192 0.0198051 0.00638257 0.0185957 0.0219749 0.0108583 0.083316 
2006 0 0 0.00749206 0.190912 0.0721099 0.105578 0.0750772 0.0981214 0.0579313 0.0775203 0.116348 0.0143603 0.0223498 0.0247328 0.0074206 0.00425511 0.00346409 0.00425511 0.00346409 0.025598 0.0890095 
2007 0 0 4.70319e-005 0.00118276 0.0107488 0.00322573 0.00859383 0.00163154 0.00479091 0.0024581 0.00207254 0.00404514 0.000532937 0.000664799 0.000255012 0.000593499 0.000537228 0.0018341 0.000528664 0.0024146 0.953843 
2008 0 0.00117028 0.00864352 0.0308915 0.045081 0.356958 0.1295 0.106195 0.0252016 0.0674582 0.0269648 0.0361566 0.0456324 0.00824069 0.0128437 0.0164558 0.00457079 0.00790537 0.0604578 0.00180458 0.0078677 
2009 0 0.0122894 0.023553 0.0441548 0.0247389 0.0408181 0.267659 0.0919748 0.141117 0.0439411 0.0799733 0.0733275 0.056456 0.0290728 0.0036301 0.0119839 0.00252656 0.00997113 0.00228593 0.0228427 0.0176848 
2010 0 0.0079512 0.0334507 0.0507311 0.0675048 0.0429074 0.0485534 0.235527 0.0644259 0.102322 0.0228968 0.0658274 0.0496161 0.0598159 0.0870817 0.0147727 0.0194476 0.0101104 0.00168507 0 0.0153731 
2011 0 0.0223191 0.0249526 0.134696 0.0740306 0.0839221 0.0262221 0.0375427 0.203533 0.0785577 0.0407182 0.0292095 0.0664154 0.0483693 0.0176755 0.0375044 0.00177782 0.000624949 0.0189543 0.0130501 0.0399246 
2012 0 0.0199912 0.0628175 0.0466469 0.136718 0.0598659 0.0599279 0.00656526 0.0193375 0.212155 0.0411321 0.0761391 0.0231741 0.0163788 0.023968 0.0119723 0.0493883 0.00403711 0.0247443 0.0161158 0.0889257 
2013 0 0.0431513 0.121933 0.0792854 0.0368542 0.145299 0.118066 0.0730535 0.00980494 0.00968997 0.091464 0.0273959 0.0391978 0.0267142 0.0341359 0.014681 0.0316205 0.0234569 0.0022272 0.0464022 0.0255664 
end_table
table error_values
1990 0 0 0 0 0 0 0 0 0 0 0 0 0 0 0 0 0 0 0 0 0 
1991 0 0 0 0 0 0 0 0 0 0 0 0 0 0 0 0 0 0 0 0 0 
1992 0 0 0 0 0 0 0 0 0 0 0 0 0 0 0 0 0 0 0 0 0 
1993 0 0 0 0 0 0 0 0 0 0 0 0 0 0 0 0 0 0 0 0 0 
1994 0 0 0 0 0 0 0 0 0 0 0 0 0 0 0 0 0 0 0 0 0 
1995 0 0 0 0 0 0 0 0 0 0 0 0 0 0 0 0 0 0 0 0 0 
1996 0 0 0 0 0 0 0 0 0 0 0 0 0 0 0 0 0 0 0 0 0 
1997 0 0 0 0 0 0 0 0 0 0 0 0 0 0 0 0 0 0 0 0 0 
1998 0 0 0 0 0 0 0 0 0 0 0 0 0 0 0 0 0 0 0 0 0 
1999 0 0 0 0 0 0 0 0 0 0 0 0 0 0 0 0 0 0 0 0 0 
2000 0 0 0 0 0 0 0 0 0 0 0 0 0 0 0 0 0 0 0 0 0 
2001 0 0 0 0 0 0 0 0 0 0 0 0 0 0 0 0 0 0 0 0 0 
2002 0 0 0 0 0 0 0 0 0 0 0 0 0 0 0 0 0 0 0 0 0 
2003 0 0 0 0 0 0 0 0 0 0 0 0 0 0 0 0 0 0 0 0 0 
2004 0 0 0 0 0 0 0 0 0 0 0 0 0 0 0 0 0 0 0 0 0 
2005 0 0 0 0 0 0 0 0 0 0 0 0 0 0 0 0 0 0 0 0 0 
2006 0 0 0 0 0 0 0 0 0 0 0 0 0 0 0 0 0 0 0 0 0 
2007 0 0 0 0 0 0 0 0 0 0 0 0 0 0 0 0 0 0 0 0 0 
2008 0 0 0 0 0 0 0 0 0 0 0 0 0 0 0 0 0 0 0 0 0 
2009 0 0 0 0 0 0 0 0 0 0 0 0 0 0 0 0 0 0 0 0 0 
2010 0 0 0 0 0 0 0 0 0 0 0 0 0 0 0 0 0 0 0 0 0 
2011 0 0 0 0 0 0 0 0 0 0 0 0 0 0 0 0 0 0 0 0 0 
2012 0 0 0 0 0 0 0 0 0 0 0 0 0 0 0 0 0 0 0 0 0 
2013 0 0 0 0 0 0 0 0 0 0 0 0 0 0 0 0 0 0 0 0 0 
end_table

