@observation EN_age_sample_sim
age_samples_per_cluster 10 
ageing_error age_error 
average_cluster_weight 6 
cluster_cv 0.6 
cluster_sigma 1.1 
fishery_label Fishing_LL 
layer_of_stratum_definitions area_definition 
max_age 20 
min_age 0 
process_label fishing 
strata_to_include EN 
type mortality_event_biomass_age_clusters 
years 1990 1991 1992 1993 1994 1995 1996 1997 1998 1999 2000 2001 2002 2003 2004 2005 2006 2007 2008 2009 2010 2011 2012 2013 
table obs
1990 0 0 0.0323205 0.0866982 0.0957163 0.0875224 0.0899922 0.0498387 0.070117 0.0463051 0.0673738 0.0516095 0.0309344 0.0427162 0.0395242 0.031956 0.0253144 0.0310656 0.0267528 0.019733 0.07451 
1991 0 0.0202199 0.0209366 0.0713875 0.0770702 0.0850692 0.0681135 0.0749406 0.0546798 0.049962 0.0533924 0.0449398 0.0464736 0.0435962 0.0285879 0.0183315 0.0281724 0.0283797 0.0226577 0.00687599 0.156214 
1992 0 0.0111187 0.0891369 0.0736001 0.0638075 0.0753971 0.0593199 0.0772624 0.0612942 0.0747169 0.0654977 0.0368633 0.0385438 0.0418025 0.0259035 0.0338828 0.0237563 0.0159517 0.031929 0.00188901 0.098327 
1993 0 0.00960606 0.00852518 0.223336 0.0859794 0.10268 0.0624614 0.0457062 0.0382804 0.0271175 0.0231877 0.0360025 0.0385937 0.0237783 0.0164043 0.0173089 0.00674026 0.0242991 0.0223907 0.0137689 0.173834 
1994 0 0.0287786 0.0608153 0.0119912 0.354289 0.0711471 0.0589516 0.0661282 0.044173 0.0351295 0.0224079 0.0428294 0.0335976 0.00666556 0.0075556 0.0192499 0.00549205 0.00808736 0.00537931 0.0195425 0.0977898 
1995 0 0.00077399 0.0144194 0.0394188 0.0376594 0.266554 0.0545061 0.104029 0.100293 0.117676 0.0387037 0.012294 0.0133116 0.0282458 0.0384417 0.0106457 0.0219613 0.0113759 0.0105826 0.00317735 0.0759299 
1996 0 0 0.0121389 0.0906647 0.152979 0.0535958 0.161008 0.0378611 0.0792623 0.0525595 0.0429424 0.0230509 0.0197611 0.0272219 0.0394535 0.0166516 0.0454368 0.0379333 0.00772805 0.0202628 0.0794884 
1997 0 0.0337302 0.0178125 0.129942 0.0912782 0.0778172 0.0169366 0.219171 0.0403957 0.0241046 0.0260794 0.0287703 0.0368463 0.0275223 0.00932836 0.0134612 0.0194418 0.0107715 0.0159764 0.0241289 0.136485 
1998 0 0.0157033 0.087996 0.0403105 0.143394 0.0947702 0.0588277 0.0200304 0.186523 0.0329052 0.038841 0.0272626 0.0324229 0.0211858 0.0213912 0.0162361 0.0171813 0.0245984 0.0228219 0.0218377 0.0757609 
1999 0 0.0116356 0.0803787 0.233564 0.0558024 0.0721031 0.0512092 0.0464941 0.0121443 0.132975 0.0426618 0.017972 0.0417574 0.050794 0.0392141 0.0294096 0.0126418 0.0158282 0.0121698 0.0134306 0.0278133 
2000 0 0.00546257 0.0639737 0.149298 0.226659 0.0454906 0.114665 0.0479562 0.0371808 0.018412 0.0817829 0.022429 0.0339788 0.013564 0.0178209 0.0249182 0.0192097 0.0109323 0.00334349 0 0.0629225 
2001 0 0.00549129 0.0245396 0.0555434 0.182046 0.291015 0.0252582 0.0813426 0.0314103 0.0611586 0.00962424 0.0665579 0.0438569 0.0351295 0.0151735 0.0207514 0.00371523 0.0223154 0.00373926 0.00567271 0.0156598 
2002 0 0.00766677 0.0326093 0.146833 0.119093 0.133161 0.105306 0.0164267 0.083018 0.0486779 0.0550161 0.0364969 0.0541413 0.0268965 0.0195179 0.00605833 0.00711856 0.0104304 0.00616965 0.00284956 0.0825135 
2003 0 0.0174157 0.0455698 0.0329582 0.107173 0.155891 0.146117 0.164591 0.0178194 0.0417321 0.0438049 0.0366678 0.0186174 0.0655995 0.00215639 0.0100709 0.00431277 0.00172043 0.0024884 0 0.0852942 
2004 0 0.00916595 0.0550286 0.0810618 0.0671983 0.22476 0.120733 0.111036 0.0784889 0.0201173 0.0311405 0.0332331 0.0394736 0.0054422 0.0509758 0.00875576 0.00164711 0 0.00193406 0.00193406 0.0578739 
2005 0 0 0.102613 0.126097 0.187034 0.0690309 0.196942 0.0883401 0.054618 0.0368578 0.00639747 0.016502 0.00490798 0.00241347 0.00940446 0.0355736 0.0190197 0.00718107 0.00496991 0.00686294 0.0252356 
2006 0 0.00937137 0.00937137 0.119261 0.113274 0.148767 0.0717353 0.103524 0.0489119 0.0782804 0.0891416 0.0135336 0.0343881 0.0402757 0.0318 0.001115 0.0508133 0.00657712 0.00104588 0 0.0288129 
2007 0 0.00310109 0.00193811 0.0114298 0.0640527 0.0336467 0.0865537 0.0178185 0.0252454 0.0135073 0.00630626 0.00421305 0.0018227 0.00420633 0.00167774 0.000506238 0 0.00245239 0.00128334 0.000843065 0.719396 
2008 0 0.000689378 0.0202104 0.0152082 0.0583235 0.293398 0.0807089 0.0793096 0.0415622 0.103087 0.0522719 0.0871148 0.0300824 0.00274647 0.00623578 0.0116179 0.00611192 0.0108313 0.0390509 0.0110932 0.050347 
2009 0 0.0227641 0.0129025 0.0451447 0.0217183 0.0259953 0.325254 0.110956 0.125905 0.0284891 0.0893539 0.0550866 0.0519977 0.0404985 0.00303807 0.00080049 0.00814415 0.0117287 0.00284426 0.00875886 0.0086196 
2010 0 0.00131246 0.0885261 0.0998985 0.135989 0.0578224 0.0340309 0.223717 0.0544852 0.0471186 0.00406808 0.0331541 0.0449363 0.035 0.0440843 0.00918897 0.0281877 0.0228987 0.00317634 0 0.0324052 
2011 0 0 0.0038898 0.113543 0.0948045 0.0903872 0.0415579 0.0442046 0.187394 0.0890869 0.0712513 0.0108956 0.0555496 0.0636538 0.0518978 0.0251693 0.00418958 0.0363009 0.0140705 0.000717822 0.00143564 
2012 0 0.0614476 0.0523882 0.0139415 0.110878 0.0985846 0.0611173 0.0142103 0.0320689 0.148626 0.0625044 0.0860935 0.0450949 0.0731255 0.020487 0.0152236 0.0107307 0 0.00342087 0.00735786 0.0826997 
2013 0 0.000339056 0.0634966 0.101466 0.0364834 0.17054 0.0975864 0.046763 0.0124501 0.0138971 0.187439 0.0377557 0.0163817 0.00345944 0.0423416 0.0277218 0.0217774 0.0343343 0.00759036 0.00539321 0.0727846 
end_table
table error_values
1990 0 0 0 0 0 0 0 0 0 0 0 0 0 0 0 0 0 0 0 0 0 
1991 0 0 0 0 0 0 0 0 0 0 0 0 0 0 0 0 0 0 0 0 0 
1992 0 0 0 0 0 0 0 0 0 0 0 0 0 0 0 0 0 0 0 0 0 
1993 0 0 0 0 0 0 0 0 0 0 0 0 0 0 0 0 0 0 0 0 0 
1994 0 0 0 0 0 0 0 0 0 0 0 0 0 0 0 0 0 0 0 0 0 
1995 0 0 0 0 0 0 0 0 0 0 0 0 0 0 0 0 0 0 0 0 0 
1996 0 0 0 0 0 0 0 0 0 0 0 0 0 0 0 0 0 0 0 0 0 
1997 0 0 0 0 0 0 0 0 0 0 0 0 0 0 0 0 0 0 0 0 0 
1998 0 0 0 0 0 0 0 0 0 0 0 0 0 0 0 0 0 0 0 0 0 
1999 0 0 0 0 0 0 0 0 0 0 0 0 0 0 0 0 0 0 0 0 0 
2000 0 0 0 0 0 0 0 0 0 0 0 0 0 0 0 0 0 0 0 0 0 
2001 0 0 0 0 0 0 0 0 0 0 0 0 0 0 0 0 0 0 0 0 0 
2002 0 0 0 0 0 0 0 0 0 0 0 0 0 0 0 0 0 0 0 0 0 
2003 0 0 0 0 0 0 0 0 0 0 0 0 0 0 0 0 0 0 0 0 0 
2004 0 0 0 0 0 0 0 0 0 0 0 0 0 0 0 0 0 0 0 0 0 
2005 0 0 0 0 0 0 0 0 0 0 0 0 0 0 0 0 0 0 0 0 0 
2006 0 0 0 0 0 0 0 0 0 0 0 0 0 0 0 0 0 0 0 0 0 
2007 0 0 0 0 0 0 0 0 0 0 0 0 0 0 0 0 0 0 0 0 0 
2008 0 0 0 0 0 0 0 0 0 0 0 0 0 0 0 0 0 0 0 0 0 
2009 0 0 0 0 0 0 0 0 0 0 0 0 0 0 0 0 0 0 0 0 0 
2010 0 0 0 0 0 0 0 0 0 0 0 0 0 0 0 0 0 0 0 0 0 
2011 0 0 0 0 0 0 0 0 0 0 0 0 0 0 0 0 0 0 0 0 0 
2012 0 0 0 0 0 0 0 0 0 0 0 0 0 0 0 0 0 0 0 0 0 
2013 0 0 0 0 0 0 0 0 0 0 0 0 0 0 0 0 0 0 0 0 0 
end_table

