@observation EN_age_sample_sim
age_samples_per_cluster 10 
ageing_error age_error 
average_cluster_weight 6 
cluster_cv 0.6 
cluster_sigma 1.1 
fishery_label Fishing_LL 
layer_of_stratum_definitions area_definition 
process_label fishing 
strata_to_include EN 
type mortality_event_biomass_age_clusters 
years 1990 1991 1992 1993 1994 1995 1996 1997 1998 1999 2000 2001 2002 2003 2004 2005 2006 2007 2008 2009 2010 2011 2012 2013 
table obs
1990 0.206366 0.0963746 0.0490847 0.147254 0.057278 0 0.0409666 0 0.0245799 0 0 0 0.0603347 0.0592165 0.223015 0.0355299 0 0 0 0 0 0 0 0 0 0 0 0 0 0 
1991 0.0911284 0.26881 0.190077 0.0418415 0.125747 0.104548 0.0568545 0.120994 0 0 0 0 0 0 0 0 0 0 0 0 0 0 0 0 0 0 0 0 0 0 
1992 0.182165 0.0996218 0.161118 0.0214863 0 0 0.0322431 0.0644863 0.0644863 0.0322431 0.151267 0.136345 0.0545378 0 0 0 0 0 0 0 0 0 0 0 0 0 0 0 0 0 
1993 0.0959799 0 0 0.154172 0.243742 0.056848 0.0969828 0.130409 0.0990898 0.110012 0 0.0127643 0 0 0 0 0 0 0 0 0 0 0 0 0 0 0 0 0 0 
1994 0.287501 0.030541 0.198261 0.030541 0.169015 0.0392061 0.0392061 0.0196031 0 0 0 0 0 0.0206806 0 0.0413611 0.0413611 0.0827222 0 0 0 0 0 0 0 0 0 0 0 0 
1995 0.146683 0.270888 0.205042 0.185646 0.0144098 0.0192131 0.00480328 0 0 0 0 0.0340701 0 0.0170351 0.0681403 0.0340701 0 0 0 0 0 0 0 0 0 0 0 0 0 0 
1996 0.0447924 0.0597232 0.0298616 0 0 0.00532461 0.191831 0.25019 0.140642 0.0381955 0 0 0 0 0 0 0 0 0 0 0 0 0 0 0.0798133 0.0798133 0.0798133 0 0 0 
1997 0.227023 0 0.0509074 0.0962865 0.0160478 0.0188119 0 0.0376238 0.195004 0.117003 0 0.0839545 0 0.0674305 0.0224768 0 0 0.0224768 0 0.0224768 0 0.0224768 0 0 0 0 0 0 0 0 
1998 0.347958 0.242853 0.0861535 0.144293 0.178742 0 0 0 0 0 0 0 0 0 0 0 0 0 0 0 0 0 0 0 0 0 0 0 0 0 
1999 0.173413 0.652266 0.174321 0 0 0 0 0 0 0 0 0 0 0 0 0 0 0 0 0 0 0 0 0 0 0 0 0 0 0 
2000 0.195604 0.0978021 0.170497 0.0340995 0 0.119416 0.102708 0.0998183 0.131165 0 0 0 0 0 0 0 0 0 0 0 0 0 0 0 0 0 0 0 0 0.0488896 
2001 0.475718 0.197789 0.0435619 0.185139 0.097793 0 0 0 0 0 0 0 0 0 0 0 0 0 0 0 0 0 0 0 0 0 0 0 0 0 
2002 0.078343 0.210624 0.288873 0.0391715 0.165725 0.106049 0 0 0 0 0 0 0.0617856 0.0494285 0 0 0 0 0 0 0 0 0 0 0 0 0 0 0 0 
2003 0.463006 0.167849 0.299879 0.0692663 0 0 0 0 0 0 0 0 0 0 0 0 0 0 0 0 0 0 0 0 0 0 0 0 0 0 
2004 0.21265 0.439352 0.105352 0.242646 0 0 0 0 0 0 0 0 0 0 0 0 0 0 0 0 0 0 0 0 0 0 0 0 0 0 
2005 0 0.109372 0.194426 0.00607968 0.119456 0.190556 0.175956 0.204154 0 0 0 0 0 0 0 0 0 0 0 0 0 0 0 0 0 0 0 0 0 0 
2006 0.0125502 0 0.0822494 0.629309 0 0.0696014 0.0863012 0.0227078 0.0972811 0 0 0 0 0 0 0 0 0 0 0 0 0 0 0 0 0 0 0 0 0 
2007 0.076722 0.192069 0.0100811 0.169174 0.170337 0.130106 0.0806298 0.0569606 0.0189869 0.0949344 0 0 0 0 0 0 0 0 0 0 0 0 0 0 0 0 0 0 0 0 
2008 0.242828 0 0.252391 0.0553221 0.391843 0.0576161 0 0 0 0 0 0 0 0 0 0 0 0 0 0 0 0 0 0 0 0 0 0 0 0 
2009 0 0.367413 0.105246 0.072382 0.013163 0.0678747 0.213322 0.128479 0.0321198 0 0 0 0 0 0 0 0 0 0 0 0 0 0 0 0 0 0 0 0 0 
2010 0.148086 0.168983 0.300386 0.0547411 0.0264607 0 0 0 0 0 0.0334826 0.13393 0.13393 0 0 0 0 0 0 0 0 0 0 0 0 0 0 0 0 0 
2011 0 0.0661917 0.0330958 0.685711 0.12178 0.0932218 0 0 0 0 0 0 0 0 0 0 0 0 0 0 0 0 0 0 0 0 0 0 0 0 
2012 0.126521 0.407679 0.145673 0.0230707 0.00769022 0 0 0 0.231901 0.0511367 0.00632831 0 0 0 0 0 0 0 0 0 0 0 0 0 0 0 0 0 0 0 
2013 0 0 0.153452 0.0968044 0.0746187 0.411452 0.131837 0.0439455 0.0878911 0 0 0 0 0 0 0 0 0 0 0 0 0 0 0 0 0 0 0 0 0 
end_table
table error_values
1990 0 0 0 0 0 0 0 0 0 0 0 0 0 0 0 0 0 0 0 0 0 0 0 0 0 0 0 0 0 0 
1991 0 0 0 0 0 0 0 0 0 0 0 0 0 0 0 0 0 0 0 0 0 0 0 0 0 0 0 0 0 0 
1992 0 0 0 0 0 0 0 0 0 0 0 0 0 0 0 0 0 0 0 0 0 0 0 0 0 0 0 0 0 0 
1993 0 0 0 0 0 0 0 0 0 0 0 0 0 0 0 0 0 0 0 0 0 0 0 0 0 0 0 0 0 0 
1994 0 0 0 0 0 0 0 0 0 0 0 0 0 0 0 0 0 0 0 0 0 0 0 0 0 0 0 0 0 0 
1995 0 0 0 0 0 0 0 0 0 0 0 0 0 0 0 0 0 0 0 0 0 0 0 0 0 0 0 0 0 0 
1996 0 0 0 0 0 0 0 0 0 0 0 0 0 0 0 0 0 0 0 0 0 0 0 0 0 0 0 0 0 0 
1997 0 0 0 0 0 0 0 0 0 0 0 0 0 0 0 0 0 0 0 0 0 0 0 0 0 0 0 0 0 0 
1998 0 0 0 0 0 0 0 0 0 0 0 0 0 0 0 0 0 0 0 0 0 0 0 0 0 0 0 0 0 0 
1999 0 0 0 0 0 0 0 0 0 0 0 0 0 0 0 0 0 0 0 0 0 0 0 0 0 0 0 0 0 0 
2000 0 0 0 0 0 0 0 0 0 0 0 0 0 0 0 0 0 0 0 0 0 0 0 0 0 0 0 0 0 0 
2001 0 0 0 0 0 0 0 0 0 0 0 0 0 0 0 0 0 0 0 0 0 0 0 0 0 0 0 0 0 0 
2002 0 0 0 0 0 0 0 0 0 0 0 0 0 0 0 0 0 0 0 0 0 0 0 0 0 0 0 0 0 0 
2003 0 0 0 0 0 0 0 0 0 0 0 0 0 0 0 0 0 0 0 0 0 0 0 0 0 0 0 0 0 0 
2004 0 0 0 0 0 0 0 0 0 0 0 0 0 0 0 0 0 0 0 0 0 0 0 0 0 0 0 0 0 0 
2005 0 0 0 0 0 0 0 0 0 0 0 0 0 0 0 0 0 0 0 0 0 0 0 0 0 0 0 0 0 0 
2006 0 0 0 0 0 0 0 0 0 0 0 0 0 0 0 0 0 0 0 0 0 0 0 0 0 0 0 0 0 0 
2007 0 0 0 0 0 0 0 0 0 0 0 0 0 0 0 0 0 0 0 0 0 0 0 0 0 0 0 0 0 0 
2008 0 0 0 0 0 0 0 0 0 0 0 0 0 0 0 0 0 0 0 0 0 0 0 0 0 0 0 0 0 0 
2009 0 0 0 0 0 0 0 0 0 0 0 0 0 0 0 0 0 0 0 0 0 0 0 0 0 0 0 0 0 0 
2010 0 0 0 0 0 0 0 0 0 0 0 0 0 0 0 0 0 0 0 0 0 0 0 0 0 0 0 0 0 0 
2011 0 0 0 0 0 0 0 0 0 0 0 0 0 0 0 0 0 0 0 0 0 0 0 0 0 0 0 0 0 0 
2012 0 0 0 0 0 0 0 0 0 0 0 0 0 0 0 0 0 0 0 0 0 0 0 0 0 0 0 0 0 0 
2013 0 0 0 0 0 0 0 0 0 0 0 0 0 0 0 0 0 0 0 0 0 0 0 0 0 0 0 0 0 0 
end_table

