@observation EN_age_sample_sim
age_samples_per_cluster 10 
ageing_error age_error 
average_cluster_weight 6 
cluster_cv 0.6 
cluster_sigma 1.1 
fishery_label Fishing_LL 
layer_of_stratum_definitions area_definition 
max_age 20 
min_age 0 
process_label fishing 
strata_to_include EN 
type mortality_event_biomass_age_clusters 
years 1990 1991 1992 1993 1994 1995 1996 1997 1998 1999 2000 2001 2002 2003 2004 2005 2006 2007 2008 2009 2010 2011 2012 2013 
table obs
1990 0 0.00296191 0.0208552 0.0590543 0.111635 0.094392 0.0598231 0.0534761 0.0420495 0.0350663 0.0353591 0.0566044 0.0348757 0.0457088 0.0572823 0.0598395 0.0323847 0.0221887 0.02588 0.00859888 0.141964 
1991 0 0.0213065 0.0287827 0.100831 0.101274 0.11283 0.0763714 0.0699587 0.0595932 0.088596 0.082403 0.0417321 0.0203519 0.0142036 0.0182863 0.0186138 0.0089104 0.0375018 0.0255847 0.00831523 0.0645533 
1992 0 0.0107324 0.0900271 0.0334244 0.0794586 0.0837917 0.0848521 0.0634053 0.0714734 0.0384108 0.0452179 0.034123 0.0326714 0.0414481 0.0254131 0.0181691 0.0395889 0.022436 0.0362225 0.0281498 0.120984 
1993 0 0.0061031 0.019403 0.176483 0.102227 0.0946835 0.054536 0.0363471 0.0515539 0.0609815 0.0533104 0.0397604 0.0169013 0.0286651 0.0226805 0.0405563 0.0252823 0.0443125 0.028099 0.0146319 0.0834819 
1994 0 0.0212984 0.0293896 0.0494614 0.273704 0.0965773 0.0484841 0.0493235 0.0291755 0.0293451 0.0439488 0.0370163 0.0383412 0.0263122 0.028051 0.0258588 0.0108344 0.00890982 0.00817486 0.00609666 0.139697 
1995 0 0.00590603 0.0138517 0.075654 0.044177 0.297343 0.0706788 0.0763071 0.0621283 0.0553892 0.0474483 0.0469647 0.0219606 0.020782 0.0185219 0.0150697 0.0183943 0.0310284 0.00972473 0.00511351 0.0635568 
1996 0 0 0.0152856 0.0374164 0.133497 0.0638514 0.308385 0.0409472 0.0468982 0.045032 0.0423735 0.047016 0.0505454 0.0286834 0.0116108 0.0107875 0.0129574 0.0166226 0.013182 0.0161518 0.0587565 
1997 0 0.0288168 0.00625154 0.0728322 0.0802988 0.111441 0.0382358 0.305758 0.024962 0.0419484 0.0153046 0.0351628 0.011975 0.020685 0.00941638 0.0131391 0.0194365 0.00724597 0.0187548 0.0122955 0.12604 
1998 0 0.0141876 0.0572619 0.0293006 0.127341 0.136461 0.0889186 0.0336023 0.162564 0.0388837 0.0510332 0.0366112 0.0445047 0.0509204 0.0168816 0.010406 0.020702 0.0208246 0.0183445 0.00458611 0.0366645 
1999 0 0.01142 0.062403 0.200813 0.0438444 0.166876 0.0695463 0.0658028 0.0375103 0.132738 0.0341711 0.0162991 0.0104918 0.00908471 0.00902931 0.0148249 0.00790879 0.00338138 0.00273236 0.0010019 0.100121 
2000 0 0.018992 0.0340352 0.0947538 0.171441 0.0464992 0.112581 0.0826852 0.0609655 0.0302057 0.152249 0.0178812 0.03144 0.00356107 0.00430293 0.0207373 0.00758006 0 0.00414158 0.00730345 0.0986453 
2001 0 0.0019448 0.021982 0.0824289 0.15109 0.253693 0.0565653 0.117307 0.0390263 0.0140473 0.00366068 0.104074 0.0199566 0.0190297 0.00960508 0.00500351 0.00723333 0.0199616 0.00288114 0.00621358 0.0642973 
2002 0 0.0185068 0.0268781 0.188001 0.134379 0.144649 0.122105 0.0126661 0.0256131 0.0363369 0.0600994 0.0150565 0.0618233 0.0150766 0.0101163 0.00532869 0.00961046 0.00732817 0.00317246 0 0.103252 
2003 0 0.0259819 0.0522959 0.0563566 0.208209 0.0810346 0.0689936 0.0971289 0.0121305 0.0844451 0.0476196 0.0277303 0.00718069 0.126034 0.0226673 0.00685592 0.0110671 0.00653507 0.0172215 0 0.0405129 
2004 0 0.0135481 0.0178356 0.0791625 0.095107 0.18962 0.142159 0.0983826 0.0949936 0.019137 0.0232604 0.0187968 0.0540227 0.0114198 0.0290614 0.0169332 0.0084147 0.00213485 0.0133078 0.00556538 0.0671375 
2005 0 0.00393626 0.0957268 0.059598 0.147461 0.0399992 0.101941 0.0643093 0.0961127 0.0814566 0.0102739 0.0103783 0.0144347 0.0180352 0.00335615 0.0338667 0.0213057 0.00121648 0.00783945 0.00531797 0.183435 
2006 0 0.00252099 0.00706927 0.247441 0.0697962 0.145368 0.0658798 0.125463 0.077923 0.0764359 0.0355931 0.00825537 0.022092 0.0255017 0.0178406 0.00289894 0.0316381 0.00930515 0.00106766 0.0123718 0.0155386 
2007 0 0.000732135 0.00127972 0.00288791 0.0165203 0.00731256 0.0143469 0.00327283 0.0108305 0.00358447 0.0037362 0.00437472 0.00108662 0.000865754 0.00152121 0.00153869 0.000516453 0.00386689 0.00180865 0.00226761 0.91765 
2008 0 0.00118295 0.0391837 0.00844732 0.0168549 0.265209 0.080637 0.0996648 0.0451964 0.139536 0.0776224 0.0220356 0.0329711 0.0272251 0.0167087 0.0247721 0.0253731 0.0120129 0.0457426 0.00155539 0.018069 
2009 0 0.00538961 0.0495383 0.0873716 0.0344294 0.0367424 0.191273 0.0827674 0.0560112 0.0442964 0.109401 0.0766264 0.0623858 0.0383591 0.00689413 0.0126953 0.0136452 0.0331224 0.00194131 0.0347998 0.0223105 
2010 0 0 0.0642488 0.0997762 0.0903105 0.0436954 0.0423757 0.191864 0.0843522 0.0889318 0.030175 0.0716168 0.0374019 0.0474826 0.0475451 0.00120401 0.00733576 0.0148837 0.00163246 0.0090881 0.0260796 
2011 0 0.0451927 0.0105085 0.0931988 0.109192 0.108816 0.0194116 0.0339334 0.155623 0.0977129 0.0529394 0.00769995 0.0446232 0.0449938 0.0373814 0.032062 0.00801146 0.0189395 0.0135523 0.0116101 0.0545985 
2012 0 0.0480104 0.0995837 0.0374229 0.183541 0.0770157 0.0522697 0.00701091 0.0241434 0.160245 0.0449198 0.0652653 0.0379104 0.0301802 0.0237197 0.00668118 0.0033906 0.0156044 0.0252827 0.0212022 0.0366009 
2013 0 0.00310111 0.059757 0.115344 0.0377078 0.252393 0.0692986 0.0939409 0.0175311 0.0176056 0.0963854 0.0190631 0.0396825 0.0152504 0.0431835 0.0199981 0.0393474 0.0126672 0 0.0144406 0.0333026 
end_table
table error_values
1990 0 0 0 0 0 0 0 0 0 0 0 0 0 0 0 0 0 0 0 0 0 
1991 0 0 0 0 0 0 0 0 0 0 0 0 0 0 0 0 0 0 0 0 0 
1992 0 0 0 0 0 0 0 0 0 0 0 0 0 0 0 0 0 0 0 0 0 
1993 0 0 0 0 0 0 0 0 0 0 0 0 0 0 0 0 0 0 0 0 0 
1994 0 0 0 0 0 0 0 0 0 0 0 0 0 0 0 0 0 0 0 0 0 
1995 0 0 0 0 0 0 0 0 0 0 0 0 0 0 0 0 0 0 0 0 0 
1996 0 0 0 0 0 0 0 0 0 0 0 0 0 0 0 0 0 0 0 0 0 
1997 0 0 0 0 0 0 0 0 0 0 0 0 0 0 0 0 0 0 0 0 0 
1998 0 0 0 0 0 0 0 0 0 0 0 0 0 0 0 0 0 0 0 0 0 
1999 0 0 0 0 0 0 0 0 0 0 0 0 0 0 0 0 0 0 0 0 0 
2000 0 0 0 0 0 0 0 0 0 0 0 0 0 0 0 0 0 0 0 0 0 
2001 0 0 0 0 0 0 0 0 0 0 0 0 0 0 0 0 0 0 0 0 0 
2002 0 0 0 0 0 0 0 0 0 0 0 0 0 0 0 0 0 0 0 0 0 
2003 0 0 0 0 0 0 0 0 0 0 0 0 0 0 0 0 0 0 0 0 0 
2004 0 0 0 0 0 0 0 0 0 0 0 0 0 0 0 0 0 0 0 0 0 
2005 0 0 0 0 0 0 0 0 0 0 0 0 0 0 0 0 0 0 0 0 0 
2006 0 0 0 0 0 0 0 0 0 0 0 0 0 0 0 0 0 0 0 0 0 
2007 0 0 0 0 0 0 0 0 0 0 0 0 0 0 0 0 0 0 0 0 0 
2008 0 0 0 0 0 0 0 0 0 0 0 0 0 0 0 0 0 0 0 0 0 
2009 0 0 0 0 0 0 0 0 0 0 0 0 0 0 0 0 0 0 0 0 0 
2010 0 0 0 0 0 0 0 0 0 0 0 0 0 0 0 0 0 0 0 0 0 
2011 0 0 0 0 0 0 0 0 0 0 0 0 0 0 0 0 0 0 0 0 0 
2012 0 0 0 0 0 0 0 0 0 0 0 0 0 0 0 0 0 0 0 0 0 
2013 0 0 0 0 0 0 0 0 0 0 0 0 0 0 0 0 0 0 0 0 0 
end_table

