@observation EN_age_sample_sim
age_samples_per_cluster 10 
ageing_error age_error 
average_cluster_weight 6 
cluster_cv 0.6 
cluster_sigma 1.1 
fishery_label Fishing_LL 
layer_of_stratum_definitions area_definition 
process_label fishing 
strata_to_include EN 
type mortality_event_biomass_age_clusters 
years 1990 1991 1992 1993 1994 1995 1996 1997 1998 1999 2000 2001 2002 2003 2004 2005 2006 2007 2008 2009 2010 2011 2012 2013 
table obs
1990 0.158908 0.120273 0.0961535 0.0890053 0.0657203 0.0326177 0.0430963 0.0310791 0.0337469 0.0116459 0.0232918 0.0349377 0.036215 0.0332607 0.0391692 0.0199379 0.0398757 0 0 0 0 0 0 0 0.0607109 0 0.020237 0.0101185 0 0 0 0 0 0 0 0 0 0 0 0 
1991 0.0152229 0.0514969 0.0713855 0.0580222 0.135005 0.113589 0.146111 0.0983232 0.0371278 0.0198656 0.0568285 0.0848356 0.0166302 0.0156961 0.0386772 0.0247103 0.0164735 0 0 0 0 0 0 0 0 0 0 0 0 0 0 0 0 0 0 0 0 0 0 0 
1992 0.193692 0.0439542 0.194091 0.139125 0.059852 0.0414943 0.0402178 0.0611099 0.102544 0 0 0 0 0 0.00996485 0 0.0149473 0.00498242 0.00498242 0 0.00996485 0 0 0 0 0 0 0.00878649 0.00878649 0.0527189 0.00878649 0 0 0 0 0 0 0 0 0 
1993 0.0117457 0.107434 0.029467 0.201074 0.073831 0.146922 0.065088 0.0323549 0.0377255 0.0837393 0.0448722 0.0782456 0.0278682 0.0369942 0.022639 0 0 0 0 0 0 0 0 0 0 0 0 0 0 0 0 0 0 0 0 0 0 0 0 0 
1994 0.133966 0.08626 0.0300772 0.011482 0.0946591 0.167231 0.11998 0.0925376 0.0534554 0.117332 0.00918183 0.00412489 0 0 0 0.00885705 0.0442853 0.00885705 0.0177141 0 0 0 0 0 0 0 0 0 0 0 0 0 0 0 0 0 0 0 0 0 
1995 0.102899 0.150415 0.0511789 0.114654 0.0350837 0.0636648 0.0464049 0.0866263 0.067699 0.057736 0.026697 0.010123 0.0122731 0.00645104 0.0373543 0.112063 0.0186771 0 0 0 0 0 0 0 0 0 0 0 0 0 0 0 0 0 0 0 0 0 0 0 
1996 0.00828675 0.0570199 0.146826 0.0802646 0.117314 0.0272958 0.0938332 0.0438794 0.0630197 0.0296431 0.0308006 0.033617 0.00971204 0 0 0 0 0 0 0 0.0217318 0 0.13738 0.0784093 0.0139782 0.00698911 0 0 0 0 0 0 0 0 0 0 0 0 0 0 
1997 0.183468 0.0629524 0.0827705 0.0739273 0.116884 0.125973 0.0704332 0.132835 0.0478777 0.0152313 0.0165965 0.019832 0.00871105 0 0.0159407 0.0265678 0 0 0 0 0 0 0 0 0 0 0 0 0 0 0 0 0 0 0 0 0 0 0 0 
1998 0.332909 0.156042 0.0231366 0.0648838 0.0507658 0.00655064 0.0493981 0.024699 0.0953883 0.0427128 0.00420035 0.0191517 0.0294499 0.0105246 0 0 0.0100208 0 0.0100208 0 0.0601247 0.0100208 0 0 0 0 0 0 0 0 0 0 0 0 0 0 0 0 0 0 
1999 0.0621737 0.296041 0.0496834 0.00732445 0.0404818 0.114572 0.0107493 0.0253235 0.0130774 0.0403123 0.0699261 0.00453915 0.0199035 0.0192055 0.00485662 0.0339963 0.00485662 0 0 0 0.0521808 0 0.0377244 0.0320798 0.00881172 0.0521808 0 0 0 0 0 0 0 0 0 0 0 0 0 0 
2000 0.188482 0.0634209 0.340198 0.112203 0.0233005 0.0147634 0.0204869 0.00966149 0.0401411 0.00483074 0.0284211 0.0308231 0.0154013 0.0308231 0.019284 0.0125694 0 0 0.0100422 0.0200844 0.00502111 0.0100422 0 0 0 0 0 0 0 0 0 0 0 0 0 0 0 0 0 0 
2001 0.180984 0.126285 0.122612 0.101199 0.0654252 0.0534241 0.0556508 0.0198511 0.0259702 0.0323958 0.0173277 0.0744437 0.0650168 0.0449268 0.0144873 0 0 0 0 0 0 0 0 0 0 0 0 0 0 0 0 0 0 0 0 0 0 0 0 0 
2002 0.0474592 0.30814 0.273229 0.0762559 0.214608 0.0313141 0.00332772 0.00665545 0.0199663 0.0105803 0.00846421 0 0 0 0 0 0 0 0 0 0 0 0 0 0 0 0 0 0 0 0 0 0 0 0 0 0 0 0 0 
2003 0.301294 0.123984 0.204411 0.121307 0.0613845 0.0956683 0.0278611 0.0444158 0 0 0 0 0 0.0065584 0.0065584 0.0065584 0 0 0 0 0 0 0 0 0 0 0 0 0 0 0 0 0 0 0 0 0 0 0 0 
2004 0.0594893 0.133504 0.0715392 0.265911 0.0626016 0.0409218 0.0761881 0.0214229 0.0354764 0.0593327 0.034056 0.0155063 0.0465188 0.0465188 0.0155063 0.0155063 0 0 0 0 0 0 0 0 0 0 0 0 0 0 0 0 0 0 0 0 0 0 0 0 
2005 0.00591033 0.145833 0.170601 0.0674548 0.29203 0.111941 0.0818237 0.0951004 0.0200963 0.00306959 0.00613919 0 0 0 0 0 0 0 0 0 0 0 0 0 0 0 0 0 0 0 0 0 0 0 0 0 0 0 0 0 
2006 0.0625389 0.0271817 0.163539 0.304449 0.10166 0.179489 0.056359 0.0104046 0.016628 0 0.0259169 0.0259169 0.0259169 0 0 0 0 0 0 0 0 0 0 0 0 0 0 0 0 0 0 0 0 0 0 0 0 0 0 0 
2007 0.0644488 0.261491 0.0578227 0.109974 0.13164 0.0570667 0.154964 0.0761123 0.034297 0.0337735 0.0061368 0.0122736 0 0 0 0 0 0 0 0 0 0 0 0 0 0 0 0 0 0 0 0 0 0 0 0 0 0 0 0 
2008 0.211955 0.0158587 0.0809516 0.0350323 0.0654089 0.109942 0.105702 0.155553 0.082675 0.0695882 0.0263215 0.00893438 0 0 0 0 0 0 0 0 0 0 0 0.0213857 0.0106928 0 0 0 0 0 0 0 0 0 0 0 0 0 0 0 
2009 0.0828503 0.335383 0.0848151 0.104364 0.00715569 0.0211057 0.0686937 0.0223398 0.099253 0.0757547 0 0.00821998 0.0328799 0 0.0317697 0.0190618 0.00635394 0 0 0 0 0 0 0 0 0 0 0 0 0 0 0 0 0 0 0 0 0 0 0 
2010 0.0833364 0.0489353 0.288153 0.0213599 0.0911417 0 0.106815 0.0996853 0.140547 0.0456357 0.0167596 0.00491638 0 0 0 0 0 0.0117145 0.023429 0 0.0175718 0 0 0 0 0 0 0 0 0 0 0 0 0 0 0 0 0 0 0 
2011 0.249817 0.134994 0.0633225 0.251192 0.0351599 0.0141041 0.0236005 0.0425934 0.0467407 0.0307862 0.0438612 0.0110926 0.0505168 0.00221851 0 0 0 0 0 0 0 0 0 0 0 0 0 0 0 0 0 0 0 0 0 0 0 0 0 0 
2012 0.0811498 0.209655 0.128493 0.0497758 0.229532 0.0183535 0.0104163 0.0043174 0.0259044 0 0.0043174 0.147259 0.0171788 0.0297273 0.0439198 0 0 0 0 0 0 0 0 0 0 0 0 0 0 0 0 0 0 0 0 0 0 0 0 0 
2013 0 0.048531 0.266035 0.0334064 0.0652871 0.269646 0.0750638 0.0316125 0.0123777 0.00806624 0.0414434 0.0693977 0.0253112 0.00431118 0.0123777 0.037133 0 0 0 0 0 0 0 0 0 0 0 0 0 0 0 0 0 0 0 0 0 0 0 0 
end_table
table error_values
1990 0 0 0 0 0 0 0 0 0 0 0 0 0 0 0 0 0 0 0 0 0 0 0 0 0 0 0 0 0 0 0 0 0 0 0 0 0 0 0 0 
1991 0 0 0 0 0 0 0 0 0 0 0 0 0 0 0 0 0 0 0 0 0 0 0 0 0 0 0 0 0 0 0 0 0 0 0 0 0 0 0 0 
1992 0 0 0 0 0 0 0 0 0 0 0 0 0 0 0 0 0 0 0 0 0 0 0 0 0 0 0 0 0 0 0 0 0 0 0 0 0 0 0 0 
1993 0 0 0 0 0 0 0 0 0 0 0 0 0 0 0 0 0 0 0 0 0 0 0 0 0 0 0 0 0 0 0 0 0 0 0 0 0 0 0 0 
1994 0 0 0 0 0 0 0 0 0 0 0 0 0 0 0 0 0 0 0 0 0 0 0 0 0 0 0 0 0 0 0 0 0 0 0 0 0 0 0 0 
1995 0 0 0 0 0 0 0 0 0 0 0 0 0 0 0 0 0 0 0 0 0 0 0 0 0 0 0 0 0 0 0 0 0 0 0 0 0 0 0 0 
1996 0 0 0 0 0 0 0 0 0 0 0 0 0 0 0 0 0 0 0 0 0 0 0 0 0 0 0 0 0 0 0 0 0 0 0 0 0 0 0 0 
1997 0 0 0 0 0 0 0 0 0 0 0 0 0 0 0 0 0 0 0 0 0 0 0 0 0 0 0 0 0 0 0 0 0 0 0 0 0 0 0 0 
1998 0 0 0 0 0 0 0 0 0 0 0 0 0 0 0 0 0 0 0 0 0 0 0 0 0 0 0 0 0 0 0 0 0 0 0 0 0 0 0 0 
1999 0 0 0 0 0 0 0 0 0 0 0 0 0 0 0 0 0 0 0 0 0 0 0 0 0 0 0 0 0 0 0 0 0 0 0 0 0 0 0 0 
2000 0 0 0 0 0 0 0 0 0 0 0 0 0 0 0 0 0 0 0 0 0 0 0 0 0 0 0 0 0 0 0 0 0 0 0 0 0 0 0 0 
2001 0 0 0 0 0 0 0 0 0 0 0 0 0 0 0 0 0 0 0 0 0 0 0 0 0 0 0 0 0 0 0 0 0 0 0 0 0 0 0 0 
2002 0 0 0 0 0 0 0 0 0 0 0 0 0 0 0 0 0 0 0 0 0 0 0 0 0 0 0 0 0 0 0 0 0 0 0 0 0 0 0 0 
2003 0 0 0 0 0 0 0 0 0 0 0 0 0 0 0 0 0 0 0 0 0 0 0 0 0 0 0 0 0 0 0 0 0 0 0 0 0 0 0 0 
2004 0 0 0 0 0 0 0 0 0 0 0 0 0 0 0 0 0 0 0 0 0 0 0 0 0 0 0 0 0 0 0 0 0 0 0 0 0 0 0 0 
2005 0 0 0 0 0 0 0 0 0 0 0 0 0 0 0 0 0 0 0 0 0 0 0 0 0 0 0 0 0 0 0 0 0 0 0 0 0 0 0 0 
2006 0 0 0 0 0 0 0 0 0 0 0 0 0 0 0 0 0 0 0 0 0 0 0 0 0 0 0 0 0 0 0 0 0 0 0 0 0 0 0 0 
2007 0 0 0 0 0 0 0 0 0 0 0 0 0 0 0 0 0 0 0 0 0 0 0 0 0 0 0 0 0 0 0 0 0 0 0 0 0 0 0 0 
2008 0 0 0 0 0 0 0 0 0 0 0 0 0 0 0 0 0 0 0 0 0 0 0 0 0 0 0 0 0 0 0 0 0 0 0 0 0 0 0 0 
2009 0 0 0 0 0 0 0 0 0 0 0 0 0 0 0 0 0 0 0 0 0 0 0 0 0 0 0 0 0 0 0 0 0 0 0 0 0 0 0 0 
2010 0 0 0 0 0 0 0 0 0 0 0 0 0 0 0 0 0 0 0 0 0 0 0 0 0 0 0 0 0 0 0 0 0 0 0 0 0 0 0 0 
2011 0 0 0 0 0 0 0 0 0 0 0 0 0 0 0 0 0 0 0 0 0 0 0 0 0 0 0 0 0 0 0 0 0 0 0 0 0 0 0 0 
2012 0 0 0 0 0 0 0 0 0 0 0 0 0 0 0 0 0 0 0 0 0 0 0 0 0 0 0 0 0 0 0 0 0 0 0 0 0 0 0 0 
2013 0 0 0 0 0 0 0 0 0 0 0 0 0 0 0 0 0 0 0 0 0 0 0 0 0 0 0 0 0 0 0 0 0 0 0 0 0 0 0 0 
end_table

