@observation EN_age_sample_sim
age_samples_per_cluster 10 
ageing_error age_error 
average_cluster_weight 6 
cluster_cv 0.6 
cluster_sigma 1.1 
fishery_label Fishing_LL 
layer_of_stratum_definitions area_definition 
max_age 20 
min_age 0 
process_label fishing 
strata_to_include EN 
type mortality_event_biomass_age_clusters 
years 1990 1991 1992 1993 1994 1995 1996 1997 1998 1999 2000 2001 2002 2003 2004 2005 2006 2007 2008 2009 2010 2011 2012 2013 
table obs
1990 0 0.0125074 0.0446098 0.0693354 0.101986 0.0718019 0.0461041 0.0352427 0.0769575 0.079393 0.0308188 0.0326928 0.032651 0.0309944 0.0442303 0.0137807 0.027523 0.0496843 0.00959923 0.0277782 0.16231 
1991 0 0.0224274 0.0308355 0.0352655 0.098238 0.0575717 0.103102 0.0865203 0.0706838 0.0363838 0.040367 0.0382 0.0277097 0.018752 0.0335655 0.0212138 0.0225018 0.0168017 0.028596 0.033239 0.178025 
1992 0 0.0266487 0.137792 0.0541708 0.120755 0.0928792 0.102348 0.0651068 0.0755029 0.0405304 0.0458672 0.0258145 0.0222691 0.0244949 0.0192469 0.0247052 0.0132173 0.0100028 0.015797 0.0159017 0.0669499 
1993 0 0.0197699 0.0171838 0.152692 0.0671508 0.089789 0.0466455 0.0503104 0.0499665 0.0355264 0.042664 0.0626944 0.0497494 0.0390102 0.0315351 0.0441593 0.0379004 0.0446105 0.0371991 0.003197 0.0782467 
1994 0 0.00440672 0.0241835 0.030229 0.321243 0.0613549 0.0521139 0.0453677 0.0624522 0.0377209 0.0488309 0.0693116 0.0623444 0.0303672 0.0193711 0.00867311 0.0222514 0.0117574 0.0170243 0.00532917 0.0656672 
1995 0 0.00665386 0.032495 0.0648135 0.00777038 0.165414 0.114789 0.14143 0.119361 0.0587665 0.0522642 0.0470307 0.0441075 0.029713 0.019484 0.0181056 0.0137105 0.024707 0.019309 0.00776631 0.0123091 
1996 0 0.00225728 0.0328259 0.0644809 0.10161 0.0334306 0.291261 0.0479716 0.0597686 0.0482063 0.0531464 0.0439634 0.0450217 0.0318518 0.0232305 0.0141753 0.00563094 0.00573771 0.0015474 0.0015474 0.0923363 
1997 0 0.0118131 0.00457737 0.0937543 0.141805 0.0846457 0.0363646 0.275063 0.0817967 0.0540791 0.0174917 0.0256835 0.0172259 0.0062087 0.00904719 0.0116896 0.0109053 0.0146068 0.0103363 0.00444233 0.0884639 
1998 0 0.0161889 0.0445347 0.00939108 0.0891249 0.120549 0.146845 0.0252672 0.186946 0.0388238 0.0370987 0.044447 0.0361284 0.0294874 0.0237502 0.0242784 0.0178011 0.00717766 0.0156106 0.00149856 0.0850514 
1999 0 0.00548697 0.0362431 0.189355 0.0445148 0.11134 0.0780679 0.092388 0.0337488 0.112785 0.0423711 0.0269001 0.0256201 0.0221956 0.0207885 0.00655049 0.00233596 0.00213466 0.00412323 0.0143897 0.128661 
2000 0 0.0221388 0.0575974 0.118523 0.229533 0.0448343 0.13305 0.0864469 0.0568544 0.0160927 0.0641276 0.0175505 0.0140445 0.0168276 0.0208505 0.0176207 0.0100225 0.00808368 0.00921075 0.0117217 0.0448699 
2001 0 0 0.0557931 0.167134 0.162567 0.15954 0.0150105 0.0736324 0.0298015 0.0462573 0.031741 0.102495 0.0257441 0.0105786 0.0143686 0.0108577 0.0141798 0.0160416 0.00434711 0.0167115 0.0432002 
2002 0 0.0236243 0.0137564 0.120998 0.133291 0.191505 0.12118 0.00184271 0.0268002 0.0374508 0.0274089 0.0177434 0.0722555 0.0264901 0.0235693 0.0118085 0.0300637 0.0092203 0.0168699 0.0125164 0.0816043 
2003 0 0.0153583 0.0587612 0.0505441 0.158393 0.162399 0.166229 0.164396 0.0121211 0.0255477 0.0233916 0.0218458 0.00100672 0.0886517 0.0225387 0.00241256 0.00241256 0.00965023 0.0064035 0.00241256 0.00552434 
2004 0 0.0340165 0.0376461 0.0621025 0.0420654 0.170559 0.115947 0.151266 0.105754 0.00154166 0.0229998 0.0202137 0.0325725 0.0224305 0.0609574 0.0330833 0.043491 0.0083627 0.00102204 0.00198478 0.031984 
2005 0 0 0.110105 0.10099 0.209333 0.0510462 0.116523 0.0591074 0.0381084 0.0798494 0.00124014 0.0143757 0.00875304 0.00266494 0.0063393 0.0554515 0.00619885 0.0177279 0.0159675 0.0227154 0.0835034 
2006 0 0 0 0.17304 0.111011 0.217222 0.0616928 0.123582 0.062764 0.0939475 0.0500122 0.00886144 0.00403477 0.0226032 0.0133323 0.00134492 0.0114658 0 0 0 0.0450858 
2007 0 0 0.00107391 0.00406538 0.0201237 0.00912774 0.0110987 0.00500671 0.00898957 0.0053973 0.00397607 0.00368143 0.000757108 0.00130227 0.00164134 0.00219607 0.00166199 0.00227284 0.00112456 0.00104848 0.915455 
2008 0 0.0199264 0.0609117 0.0336829 0.0382266 0.247113 0.0720729 0.0649439 0.0305081 0.0683815 0.0518832 0.0570021 0.0538152 0.017069 0.016502 0.0217003 0.0366261 0.0113968 0.0466471 0.00534234 0.0462486 
2009 0 0.0498211 0.0325125 0.0507244 0.0218996 0.0421055 0.26541 0.0750269 0.0926475 0.061197 0.093037 0.0562871 0.0366147 0.0803386 0.00211674 0.00994665 0.00444414 0.00127388 0.00127572 0.00255144 0.0207691 
2010 0 0.00125755 0.0582982 0.0580796 0.112793 0.0247645 0.0383023 0.25902 0.0656288 0.0799396 0.0270842 0.0662777 0.0518249 0.0357487 0.0207201 0.00584576 0.012318 0.00901722 0.00503085 0.0033539 0.0646947 
2011 0 0.0172648 0.0135492 0.131118 0.112284 0.132473 0.0115001 0.0131186 0.203544 0.0756019 0.0837196 0.0226467 0.0573239 0.0183747 0.0278749 0.0348177 0.0026338 0.00606209 0.00272996 0 0.0333628 
2012 0 0.0343052 0.0610838 0.0404629 0.147727 0.103122 0.11011 0.0192217 0.0553306 0.103719 0.0505944 0.0723488 0.0210718 0.0312615 0.0136354 0.0189628 0.0195784 0.0145271 0.00884953 0.0094803 0.0646073 
2013 0 0.00656991 0.0952282 0.131927 0.0593607 0.190779 0.0457289 0.0961087 0.0124774 0.023712 0.114372 0.0154644 0.0370491 0.0038241 0.0195025 0.0137275 0.0236918 0.0086346 0 0.0109042 0.0909377 
end_table
table error_values
1990 0 0 0 0 0 0 0 0 0 0 0 0 0 0 0 0 0 0 0 0 0 
1991 0 0 0 0 0 0 0 0 0 0 0 0 0 0 0 0 0 0 0 0 0 
1992 0 0 0 0 0 0 0 0 0 0 0 0 0 0 0 0 0 0 0 0 0 
1993 0 0 0 0 0 0 0 0 0 0 0 0 0 0 0 0 0 0 0 0 0 
1994 0 0 0 0 0 0 0 0 0 0 0 0 0 0 0 0 0 0 0 0 0 
1995 0 0 0 0 0 0 0 0 0 0 0 0 0 0 0 0 0 0 0 0 0 
1996 0 0 0 0 0 0 0 0 0 0 0 0 0 0 0 0 0 0 0 0 0 
1997 0 0 0 0 0 0 0 0 0 0 0 0 0 0 0 0 0 0 0 0 0 
1998 0 0 0 0 0 0 0 0 0 0 0 0 0 0 0 0 0 0 0 0 0 
1999 0 0 0 0 0 0 0 0 0 0 0 0 0 0 0 0 0 0 0 0 0 
2000 0 0 0 0 0 0 0 0 0 0 0 0 0 0 0 0 0 0 0 0 0 
2001 0 0 0 0 0 0 0 0 0 0 0 0 0 0 0 0 0 0 0 0 0 
2002 0 0 0 0 0 0 0 0 0 0 0 0 0 0 0 0 0 0 0 0 0 
2003 0 0 0 0 0 0 0 0 0 0 0 0 0 0 0 0 0 0 0 0 0 
2004 0 0 0 0 0 0 0 0 0 0 0 0 0 0 0 0 0 0 0 0 0 
2005 0 0 0 0 0 0 0 0 0 0 0 0 0 0 0 0 0 0 0 0 0 
2006 0 0 0 0 0 0 0 0 0 0 0 0 0 0 0 0 0 0 0 0 0 
2007 0 0 0 0 0 0 0 0 0 0 0 0 0 0 0 0 0 0 0 0 0 
2008 0 0 0 0 0 0 0 0 0 0 0 0 0 0 0 0 0 0 0 0 0 
2009 0 0 0 0 0 0 0 0 0 0 0 0 0 0 0 0 0 0 0 0 0 
2010 0 0 0 0 0 0 0 0 0 0 0 0 0 0 0 0 0 0 0 0 0 
2011 0 0 0 0 0 0 0 0 0 0 0 0 0 0 0 0 0 0 0 0 0 
2012 0 0 0 0 0 0 0 0 0 0 0 0 0 0 0 0 0 0 0 0 0 
2013 0 0 0 0 0 0 0 0 0 0 0 0 0 0 0 0 0 0 0 0 0 
end_table

