@observation EN_age_sample_sim
age_samples_per_cluster 10 
ageing_error age_error 
average_cluster_weight 6 
cluster_cv 0.6 
cluster_sigma 1.1 
fishery_label Fishing_LL 
layer_of_stratum_definitions area_definition 
max_age 20 
min_age 0 
process_label fishing 
strata_to_include EN 
type mortality_event_biomass_age_clusters 
years 1990 1991 1992 1993 1994 1995 1996 1997 1998 1999 2000 2001 2002 2003 2004 2005 2006 2007 2008 2009 2010 2011 2012 2013 
table obs
1990 0 0.0123133 0.0235649 0.0825335 0.116438 0.107795 0.0839191 0.0374115 0.0503113 0.0506214 0.0289899 0.047321 0.0288396 0.0215569 0.0276157 0.0138937 0.012317 0.013442 0.024095 0.0200186 0.197003 
1991 0 0.0344515 0.0316149 0.0474636 0.0956061 0.0813831 0.0525012 0.0692086 0.0925045 0.0829606 0.0591721 0.0338353 0.0182863 0.0342292 0.0244458 0.0263479 0.022595 0.00978223 0.0276214 0.0277731 0.128218 
1992 0 0 0.0935348 0.0744702 0.0964739 0.099776 0.0673933 0.100996 0.0959564 0.077381 0.0547032 0.0526191 0.00673987 0.0148904 0.00884068 0.0205397 0.0321971 0.0117539 0.00100843 0.000521144 0.0902043 
1993 0 0.0393845 0.0187049 0.152032 0.0910027 0.0906761 0.0801364 0.0877689 0.0740492 0.0823576 0.0308472 0.019901 0.0171452 0.0206353 0.0171358 0.00646392 0.00464203 0.0052841 0.028245 0.0207927 0.112796 
1994 0 0.0113583 0.0129671 0.00479304 0.342299 0.105154 0.076975 0.0869566 0.0560383 0.0406617 0.0157728 0.0299417 0.0144133 0.0232743 0.0151155 0.00801327 0.0149557 0.0151471 0.00926707 0.00293265 0.113963 
1995 0 0.0120849 0.0288256 0.0642271 0.0368423 0.239641 0.0348424 0.0483053 0.0385306 0.0599349 0.0858131 0.104471 0.0338824 0.031597 0.00916072 0.013585 0.0072652 0.00808054 0.00771599 0.0312892 0.103906 
1996 0 0.0152147 0.0686447 0.0920569 0.123958 0.0522343 0.273365 0.035087 0.0449685 0.0427296 0.0210992 0.0485586 0.016881 0.0285258 0.0330878 0.020751 0.0146261 0.0185259 0.0121657 0.00811048 0.0294101 
1997 0 0.00694718 0.00918209 0.0431548 0.0898649 0.122412 0.0447915 0.221339 0.0541505 0.0408661 0.0349598 0.0380218 0.0367383 0.00601949 0.0142406 0.0253563 0.0117144 0.0242501 0.0240529 0.0342546 0.117684 
1998 0 0.0101112 0.06673 0.0264057 0.146285 0.117872 0.144644 0.0199738 0.138366 0.0198018 0.0282721 0.0236619 0.0203557 0.0179265 0.0310829 0.0158807 0.0104123 0.012206 0.00913327 0.00925692 0.131622 
1999 0 0.0058393 0.0526281 0.210198 0.0506843 0.108508 0.0707157 0.097416 0.0358456 0.212824 0.0428169 0.0209402 0.0100387 0.012784 0.0074894 0.00239615 0.00754227 0.00301691 0.00301691 0 0.0453001 
2000 0 0.0137849 0.0309704 0.103309 0.273346 0.015632 0.113559 0.0777258 0.0696266 0.0183578 0.114948 0.0250519 0.0200694 0.0173275 0.0123112 0.00519397 0.00331401 0 0.00181408 0.00354613 0.080112 
2001 0 0.0105534 0.039828 0.0781557 0.1351 0.219791 0.0267966 0.0754093 0.0598007 0.0789118 0.0171829 0.0931205 0.0227757 0.0227686 0.0138256 0.0111916 0.00861629 0.00175029 0.00483975 0.00788072 0.0717012 
2002 0 0.0293555 0.023484 0.148106 0.139488 0.16708 0.136939 0.0124576 0.0826267 0.0303982 0.050561 0.0133355 0.0620509 0.0111691 0.0106189 0.00296941 0.0152284 0.0118782 0.00385745 0.0021203 0.0462762 
2003 0 0.016877 0.0548251 0.0716204 0.27043 0.133373 0.133098 0.104086 0.00677546 0.0341564 0.0200142 0.0164308 0.00449614 0.0327408 0.0222982 0.0143572 0.0154846 0.0106372 0.00904222 0.0056582 0.0235999 
2004 0 0.0517748 0.0461825 0.12366 0.0854184 0.159532 0.104977 0.097885 0.0823355 0.0139219 0.0298614 0.0231843 0.0255918 0.012428 0.019358 0.00823663 0.0156054 0.0142924 0.00931382 0.00573936 0.0707012 
2005 0 0.00471438 0.0913519 0.0896851 0.192589 0.0701104 0.175071 0.0770324 0.0780599 0.0665429 0.00285725 0.0151082 0.0161543 0.0162376 0.00338175 0.0438878 0.00996594 0.0105241 0.00376843 0 0.0329578 
2006 0 0 0.00111578 0.126145 0.0701137 0.155515 0.0584358 0.157837 0.0710212 0.0799476 0.0778555 0.00380394 0.0377747 0.0146206 0.0211104 0.00516422 0.0729945 0.00196257 0.000848014 0.000848014 0.0428861 
2007 0 0.0103946 0.00504451 0.000935981 0.114514 0.0473425 0.0529184 0.0110814 0.0234977 0.0104649 0.00857378 0.0194762 0.00434404 0.0071465 0.00337644 0.00512743 0.00220179 0.0104889 0.00585894 0.00472497 0.652487 
2008 0 0 0.0184787 0.0019306 0.020391 0.241227 0.131007 0.16024 0.0330248 0.0855769 0.0453221 0.0333364 0.0455812 0.00761131 0.0241588 0.0436508 0.026113 0.0151929 0.0244161 0.0121908 0.0305503 
2009 0 0.00933876 0.0159371 0.0339699 0.00854731 0.0271977 0.276379 0.0657759 0.0789168 0.0351807 0.114581 0.0838542 0.0486974 0.0662244 0.00678133 0.0072869 0.00469445 0.00516017 0.00955349 0.0541719 0.047751 
2010 0 0 0.0498488 0.085645 0.125242 0.0230956 0.0492325 0.21431 0.0933598 0.0810422 0.0301129 0.0372537 0.0256724 0.0505889 0.033293 0.00760269 0.00253423 0.00253423 0 0 0.0886322 
2011 0 0.0511655 0.020767 0.116651 0.118036 0.124427 0.0210159 0.023113 0.202575 0.0898701 0.0543101 0.00841489 0.0428406 0.025413 0.0257704 0.00932419 0.0108438 0.0186322 0.00257883 0.0053658 0.0288861 
2012 0 0.0198613 0.0796159 0.0312145 0.178666 0.106345 0.0566482 0.00654878 0.00879574 0.0912721 0.0726267 0.0705629 0.0363368 0.0465098 0.0448589 0.0407456 0.0136308 0.00089442 0.0175872 0.0132985 0.0639804 
2013 0 0.00306843 0.128575 0.149732 0.0452764 0.110686 0.08046 0.0603412 0.00627228 0.0121286 0.150643 0.0458927 0.0251055 0.00509198 0.0477633 0.0228511 0.0466474 0.0103708 0.000580427 0.000944617 0.0475697 
end_table
table error_values
1990 0 0 0 0 0 0 0 0 0 0 0 0 0 0 0 0 0 0 0 0 0 
1991 0 0 0 0 0 0 0 0 0 0 0 0 0 0 0 0 0 0 0 0 0 
1992 0 0 0 0 0 0 0 0 0 0 0 0 0 0 0 0 0 0 0 0 0 
1993 0 0 0 0 0 0 0 0 0 0 0 0 0 0 0 0 0 0 0 0 0 
1994 0 0 0 0 0 0 0 0 0 0 0 0 0 0 0 0 0 0 0 0 0 
1995 0 0 0 0 0 0 0 0 0 0 0 0 0 0 0 0 0 0 0 0 0 
1996 0 0 0 0 0 0 0 0 0 0 0 0 0 0 0 0 0 0 0 0 0 
1997 0 0 0 0 0 0 0 0 0 0 0 0 0 0 0 0 0 0 0 0 0 
1998 0 0 0 0 0 0 0 0 0 0 0 0 0 0 0 0 0 0 0 0 0 
1999 0 0 0 0 0 0 0 0 0 0 0 0 0 0 0 0 0 0 0 0 0 
2000 0 0 0 0 0 0 0 0 0 0 0 0 0 0 0 0 0 0 0 0 0 
2001 0 0 0 0 0 0 0 0 0 0 0 0 0 0 0 0 0 0 0 0 0 
2002 0 0 0 0 0 0 0 0 0 0 0 0 0 0 0 0 0 0 0 0 0 
2003 0 0 0 0 0 0 0 0 0 0 0 0 0 0 0 0 0 0 0 0 0 
2004 0 0 0 0 0 0 0 0 0 0 0 0 0 0 0 0 0 0 0 0 0 
2005 0 0 0 0 0 0 0 0 0 0 0 0 0 0 0 0 0 0 0 0 0 
2006 0 0 0 0 0 0 0 0 0 0 0 0 0 0 0 0 0 0 0 0 0 
2007 0 0 0 0 0 0 0 0 0 0 0 0 0 0 0 0 0 0 0 0 0 
2008 0 0 0 0 0 0 0 0 0 0 0 0 0 0 0 0 0 0 0 0 0 
2009 0 0 0 0 0 0 0 0 0 0 0 0 0 0 0 0 0 0 0 0 0 
2010 0 0 0 0 0 0 0 0 0 0 0 0 0 0 0 0 0 0 0 0 0 
2011 0 0 0 0 0 0 0 0 0 0 0 0 0 0 0 0 0 0 0 0 0 
2012 0 0 0 0 0 0 0 0 0 0 0 0 0 0 0 0 0 0 0 0 0 
2013 0 0 0 0 0 0 0 0 0 0 0 0 0 0 0 0 0 0 0 0 0 
end_table

