@observation EN_age_sample_sim
age_samples_per_cluster 10 
ageing_error age_error 
average_cluster_weight 6 
cluster_cv 0.6 
cluster_sigma 1.1 
fishery_label Fishing_LL 
layer_of_stratum_definitions area_definition 
max_age 20 
min_age 0 
process_label fishing 
strata_to_include EN 
type mortality_event_biomass_age_clusters 
years 1990 1991 1992 1993 1994 1995 1996 1997 1998 1999 2000 2001 2002 2003 2004 2005 2006 2007 2008 2009 2010 2011 2012 2013 
table obs
1990 0 0 0.00373274 0.0260736 0.0721131 0.0916161 0.0726002 0.0496275 0.0529743 0.0540146 0.0796807 0.0838919 0.04002 0.0626952 0.0511621 0.0272926 0.0345284 0.0349969 0.0273876 0.0231526 0.11244 
1991 0 0.0372246 0.0445401 0.0729943 0.0533467 0.0587975 0.0814777 0.0538271 0.0314778 0.0354831 0.0405165 0.039192 0.0486925 0.0418013 0.0389196 0.0254283 0.0227443 0.0196988 0.0318268 0.0375592 0.184452 
1992 0 0 0.0883027 0.0444675 0.0717766 0.0974966 0.0813642 0.0605427 0.0510705 0.0249917 0.0610597 0.0598989 0.0625091 0.0433279 0.0142485 0.0397379 0.0367948 0.0410423 0.0271888 0.0134476 0.0807321 
1993 0 0.0120545 0.007121 0.199408 0.104816 0.101087 0.0756162 0.0561608 0.0462312 0.0401411 0.0360374 0.0279679 0.0422447 0.0220398 0.0272581 0.0380948 0.0197062 0.0320811 0.011784 0.00249301 0.0976578 
1994 0 0.0023885 0.0279143 0.0273835 0.306718 0.0572251 0.0745769 0.0572631 0.0746782 0.0506524 0.0213861 0.0273847 0.0150574 0.0153144 0.0129602 0.0275163 0.0266547 0.0182039 0.0221865 0.0222859 0.11225 
1995 0 0.016688 0.0635117 0.138061 0.0478387 0.280854 0.0651424 0.046474 0.0233783 0.018597 0.0372915 0.0891674 0.0331109 0.0360815 0.027307 0.02727 0.0104947 0.0138678 0.00791544 0.00175157 0.0151972 
1996 0 0 0.0242254 0.0352201 0.0966174 0.0440347 0.266732 0.0547015 0.0536571 0.0650484 0.0346401 0.0530218 0.0512231 0.0526469 0.0211135 0.00981979 0.0113589 0.00406892 0.00242537 0.00396812 0.115477 
1997 0 0.0224567 0 0.0478228 0.090303 0.0998076 0.0421019 0.226714 0.0262254 0.0593802 0.0416746 0.0408713 0.0374266 0.0361771 0.0310768 0.0182596 0.0231113 0.0118228 0.0272754 0.00961976 0.107873 
1998 0 0.00485229 0.0270637 0.0166445 0.159958 0.123764 0.0917002 0.0289002 0.183665 0.0429323 0.0458135 0.028557 0.0448472 0.0241917 0.0200614 0.0174916 0.0170487 0.0117217 0.00313302 0.00857977 0.0990735 
1999 0 0.0126467 0.0447192 0.155177 0.0521928 0.168079 0.0888082 0.0757288 0.0172504 0.133271 0.0147202 0.0336901 0.0246051 0.0141897 0.0254042 0.0292392 0.0315231 0.0165581 0 0 0.0621979 
2000 0 0.0111686 0.0291887 0.138744 0.188505 0.0242989 0.110263 0.0721086 0.0608528 0.0200223 0.134259 0.0394999 0.0199463 0.0197847 0.0317866 0.00492342 0.00842728 0.00916187 0.00688629 0.0112985 0.0588742 
2001 0 0.0190639 0.0397146 0.0883957 0.191884 0.180908 0.0267212 0.100863 0.0813904 0.0630956 0.0169138 0.0554226 0.0293191 0.0191588 0.00860779 0.0137173 0.0029616 0.0115873 0.00323552 0.0100168 0.0370238 
2002 0 0.0146089 0.0535533 0.183772 0.180915 0.162362 0.177969 0.0117186 0.016201 0.00817046 0.014857 0.00204027 0.0638798 0.00263625 0.00131813 0.00389212 0.0136003 0.00680016 0.0106702 0.00872412 0.0623106 
2003 0 0.00722231 0.0502573 0.0560802 0.191177 0.151262 0.136813 0.118965 0.0230313 0.082136 0.0313884 0.0330464 0.00760289 0.0389986 0.00476924 0.0205149 0.00479226 0.000958451 0.00737297 0.0119807 0.0216307 
2004 0 0.0168027 0.0476795 0.0878201 0.0877606 0.234117 0.129069 0.130452 0.0770577 0.0107112 0.0236563 0.00746309 0.0260061 0.00733263 0.0536037 0.0255587 0.0135828 0.00256836 0 0 0.0187576 
2005 0 0.000802609 0.10077 0.058506 0.1238 0.0360476 0.241363 0.068565 0.064129 0.0980299 0 0.0300763 0.0391583 0.0186194 0.0037331 0.0413493 0.00782508 0.00394333 0.00629289 0.00779474 0.0491944 
2006 0 0.00453939 0.0137304 0.157762 0.0812586 0.085966 0.0190045 0.122819 0.0596501 0.0492517 0.0936742 0.00838227 0.0282598 0.0206246 0.0211144 0.00804141 0.057671 0.0339855 0.0217652 0.0113988 0.101101 
2007 0 0.00196204 0 0.000865726 0.0390502 0.0238303 0.0292597 0.0058709 0.017722 0.00748698 0.00648516 0.00802214 0.000740661 0.000287655 0.000111122 0.000498716 0.000222244 0.00228905 0 0.00217279 0.853123 
2008 0 0.00484322 0.0262484 0.029538 0.0318465 0.245842 0.131146 0.0833244 0.0463563 0.0925522 0.0504307 0.0627482 0.0436706 0.018808 0.0110902 0.00850609 0.00895674 0 0.0417549 0.00469119 0.0576463 
2009 0 0.0267339 0.0272047 0.0825542 0.0265259 0.0407715 0.254518 0.0683437 0.0591477 0.0180349 0.0945893 0.0689467 0.0683931 0.0553047 0.00443955 0.0187399 0.00575037 0.00779861 0.00204824 0.0196297 0.0505254 
2010 0 0.0130118 0.0299844 0.0535035 0.0950549 0.0354695 0.0490341 0.206034 0.106434 0.114673 0.0321598 0.0518178 0.0482206 0.0189228 0.0443268 0.00454785 0.00989916 0.00445058 0.00276207 0.00138321 0.0783104 
2011 0 0.0767625 0.0219202 0.135954 0.125155 0.0997229 0.0146602 0.0256903 0.139507 0.0863928 0.0679703 0.0445494 0.0254463 0.0247768 0.0353846 0.0164382 0.0127596 0.0117438 0.00775049 0.00675191 0.0206637 
2012 0 0.0177067 0.0549987 0.0289647 0.20227 0.0907299 0.0617629 0.0175705 0.0209372 0.0757981 0.0581929 0.0651556 0.0258732 0.0549338 0.0633199 0.0334281 0.0330976 0.00309226 0.0216116 0.025997 0.0445597 
2013 0 0 0.0572622 0.099751 0.0691121 0.173147 0.103536 0.101106 0.02286 0.0257191 0.101405 0.035488 0.0248216 0.00327548 0.0417591 0.019397 0.0365765 0.0385743 0.00227209 0.0132349 0.0307021 
end_table
table error_values
1990 0 0 0 0 0 0 0 0 0 0 0 0 0 0 0 0 0 0 0 0 0 
1991 0 0 0 0 0 0 0 0 0 0 0 0 0 0 0 0 0 0 0 0 0 
1992 0 0 0 0 0 0 0 0 0 0 0 0 0 0 0 0 0 0 0 0 0 
1993 0 0 0 0 0 0 0 0 0 0 0 0 0 0 0 0 0 0 0 0 0 
1994 0 0 0 0 0 0 0 0 0 0 0 0 0 0 0 0 0 0 0 0 0 
1995 0 0 0 0 0 0 0 0 0 0 0 0 0 0 0 0 0 0 0 0 0 
1996 0 0 0 0 0 0 0 0 0 0 0 0 0 0 0 0 0 0 0 0 0 
1997 0 0 0 0 0 0 0 0 0 0 0 0 0 0 0 0 0 0 0 0 0 
1998 0 0 0 0 0 0 0 0 0 0 0 0 0 0 0 0 0 0 0 0 0 
1999 0 0 0 0 0 0 0 0 0 0 0 0 0 0 0 0 0 0 0 0 0 
2000 0 0 0 0 0 0 0 0 0 0 0 0 0 0 0 0 0 0 0 0 0 
2001 0 0 0 0 0 0 0 0 0 0 0 0 0 0 0 0 0 0 0 0 0 
2002 0 0 0 0 0 0 0 0 0 0 0 0 0 0 0 0 0 0 0 0 0 
2003 0 0 0 0 0 0 0 0 0 0 0 0 0 0 0 0 0 0 0 0 0 
2004 0 0 0 0 0 0 0 0 0 0 0 0 0 0 0 0 0 0 0 0 0 
2005 0 0 0 0 0 0 0 0 0 0 0 0 0 0 0 0 0 0 0 0 0 
2006 0 0 0 0 0 0 0 0 0 0 0 0 0 0 0 0 0 0 0 0 0 
2007 0 0 0 0 0 0 0 0 0 0 0 0 0 0 0 0 0 0 0 0 0 
2008 0 0 0 0 0 0 0 0 0 0 0 0 0 0 0 0 0 0 0 0 0 
2009 0 0 0 0 0 0 0 0 0 0 0 0 0 0 0 0 0 0 0 0 0 
2010 0 0 0 0 0 0 0 0 0 0 0 0 0 0 0 0 0 0 0 0 0 
2011 0 0 0 0 0 0 0 0 0 0 0 0 0 0 0 0 0 0 0 0 0 
2012 0 0 0 0 0 0 0 0 0 0 0 0 0 0 0 0 0 0 0 0 0 
2013 0 0 0 0 0 0 0 0 0 0 0 0 0 0 0 0 0 0 0 0 0 
end_table

