@observation EN_age_sample_sim
age_samples_per_cluster 10 
ageing_error age_error 
average_cluster_weight 6 
cluster_cv 0.6 
cluster_sigma 1.1 
fishery_label Fishing_LL 
layer_of_stratum_definitions area_definition 
max_age 20 
min_age 0 
process_label fishing 
strata_to_include EN 
type mortality_event_biomass_age_clusters 
years 1990 1991 1992 1993 1994 1995 1996 1997 1998 1999 2000 2001 2002 2003 2004 2005 2006 2007 2008 2009 2010 2011 2012 2013 
table obs
1990 0 0.00133608 0.0204866 0.0600362 0.0980298 0.106343 0.0922389 0.0703889 0.0619298 0.0397593 0.0175312 0.0217631 0.0288739 0.0408575 0.0377949 0.0443853 0.0167966 0.0192989 0.0208153 0.034142 0.167193 
1991 0 0.0262423 0.0116367 0.0346124 0.0558149 0.0503941 0.0461635 0.0533724 0.0676025 0.0856315 0.0959327 0.0560568 0.0648453 0.0332698 0.0219674 0.0114102 0.00888219 0.0279653 0.0325876 0.0306884 0.184924 
1992 0 0 0.119954 0.0464798 0.136055 0.0805854 0.0910074 0.0762463 0.0556226 0.0567455 0.0379379 0.0292719 0.0133289 0.0174959 0.0261533 0.0285003 0.0154695 0.038304 0.0156071 0.0158682 0.0993673 
1993 0 0.00659213 0.00245793 0.224764 0.121204 0.0921279 0.0345036 0.0378936 0.0662223 0.0343406 0.0508241 0.036127 0.0330787 0.0542296 0.0200278 0.0316701 0.0120321 0.0184269 0.0158118 0.0069717 0.100694 
1994 0 0.0372215 0.0153831 0.0268634 0.299594 0.102234 0.0444266 0.058281 0.067331 0.065113 0.0368637 0.0376674 0.0315331 0.0136987 0.0197124 0.036109 0.0217308 0.0131349 0.00189191 0.00201182 0.0691984 
1995 0 0.00300202 0.0035832 0.104153 0.0419579 0.293047 0.0856764 0.0452666 0.0284225 0.0303273 0.0622142 0.0570674 0.0239472 0.0345244 0.00831911 0.0166845 0.0208264 0.0155611 0.00633409 0.0154978 0.103588 
1996 0 0.0404677 0.00364572 0.0372942 0.076572 0.0386866 0.285513 0.0863436 0.0987597 0.0524181 0.0399071 0.0262225 0.0294717 0.0188404 0.00529788 0.02456 0.0175936 0.0248501 0.0285892 0.00619074 0.0587764 
1997 0 0.0153441 0.0115658 0.0718738 0.0883872 0.0792945 0.0220497 0.208227 0.0390532 0.0558197 0.0535558 0.0554629 0.0395311 0.0672336 0.0503479 0.0395711 0.0348633 0.00839555 0.0199532 0.00637724 0.0330939 
1998 0 0.0221687 0.088308 0.0336368 0.137758 0.18615 0.139351 0.0533892 0.111025 0.0377609 0.0439694 0.0333336 0.0066384 0.00657727 0.00875325 0.0229567 0.0102803 0.00886747 0.00354434 0 0.0455312 
1999 0 0.0193678 0.0366713 0.154265 0.0357934 0.153291 0.104031 0.0862643 0.0246224 0.128468 0.0272252 0.00667509 0.0109994 0.015061 0.027229 0.00724892 0.015572 0.0174841 0.0258384 0.00643719 0.0974565 
2000 0 0.0116091 0.034935 0.0803338 0.233728 0.0286735 0.100689 0.056902 0.0593164 0.0156966 0.121195 0.0276405 0.0265964 0.00449104 0.00550461 0.00366974 0.0227 0.0102079 0.0275304 0.0227954 0.105786 
2001 0 0 0.0634269 0.118863 0.182002 0.182725 0.0536426 0.0458054 0.0233938 0.0513193 0.0144551 0.13365 0.0146787 0.0156511 0.0128057 0.0141832 0.00760789 0.00360173 0.00730315 0.0102642 0.0446221 
2002 0 0.0218139 0.0266204 0.165899 0.112808 0.147027 0.159769 0.0327902 0.0540101 0.0224655 0.038627 0.0240431 0.0945623 0.00548056 0.00241468 0.00295925 0.00535497 0.00450113 0.00729457 0.00815893 0.0634005 
2003 0 0.00559027 0.0596452 0.0363592 0.158301 0.156412 0.162476 0.0976242 0.0117798 0.0458706 0.0492544 0.0509231 0.0136499 0.115042 0.0137906 0.00474416 0.00358866 0.000544086 0 0 0.0144051 
2004 0 0.0135828 0.0473359 0.0905185 0.0888765 0.209399 0.094849 0.0983802 0.0657756 0.00863143 0.0242565 0.0147544 0.0181602 0.0043375 0.0805794 0.00630938 0.0131172 0.00447531 0.0118623 0.0241288 0.0806703 
2005 0 0.00782451 0.127861 0.0978837 0.113943 0.0603409 0.204669 0.0600647 0.0672018 0.0963594 0.0153039 0.0707554 0.0300745 0.0084628 0.00263663 0.0032305 0 0.00315575 0.00355551 0.00672582 0.0199518 
2006 0 0 0.0116694 0.152572 0.121997 0.18224 0.110326 0.133302 0.0374735 0.0498763 0.0682405 0.0105784 0.0092266 0.0169319 0.0217257 0.00717447 0.0181665 0 0 0.00335408 0.0451462 
2007 0 0.000329806 0.000313116 0.00269208 0.0480865 0.0228449 0.0266047 0.00686111 0.0224008 0.00737215 0.0074648 0.0107451 0.00135608 0.00251779 0 0 0 0 0 0 0.840411 
2008 0 0.0068917 0.048938 0.0189716 0.0324573 0.248261 0.0888611 0.121441 0.0379841 0.103893 0.0837028 0.0428402 0.0341091 0.00293583 0.013301 0.0184945 0.0095628 0.0118052 0.03862 0 0.0369305 
2009 0 0.0105371 0.0342316 0.0630567 0.0315684 0.0402826 0.306788 0.0718994 0.0805105 0.0471143 0.13428 0.050795 0.0235563 0.0136032 0.00602996 0.0121645 0.00518033 0.00163031 0.00163031 0.0458943 0.0192465 
2010 0 0.00395257 0.0584324 0.0515924 0.0551352 0.00587633 0.0300236 0.239386 0.0353681 0.0592897 0.00806367 0.0663942 0.0361257 0.0601274 0.0681745 0.00476164 0.0267023 0.0153755 0.0271811 0.00480271 0.143235 
2011 0 0.018491 0.00728995 0.14801 0.14517 0.0947262 0.0188066 0.024832 0.163406 0.0724976 0.0653021 0.00932221 0.0365155 0.0306547 0.0208494 0.0247123 0.0179885 0.0525946 0.017008 0.00663913 0.0251851 
2012 0 0.0186415 0.0292488 0.0274085 0.175948 0.100247 0.095131 0.0103925 0.0252119 0.108554 0.0398165 0.0424023 0.0270876 0.0739499 0.0475855 0.0613914 0.0573862 0.0119886 0.0100754 0.00707098 0.0304623 
2013 0 0 0.0997006 0.0923371 0.0422341 0.127747 0.126485 0.0852761 0.0228952 0.0340267 0.103002 0.0245863 0.0300478 0.0210891 0.0700162 0.0202898 0.0222344 0.00756354 0.00293604 0.0105342 0.0569996 
end_table
table error_values
1990 0 0 0 0 0 0 0 0 0 0 0 0 0 0 0 0 0 0 0 0 0 
1991 0 0 0 0 0 0 0 0 0 0 0 0 0 0 0 0 0 0 0 0 0 
1992 0 0 0 0 0 0 0 0 0 0 0 0 0 0 0 0 0 0 0 0 0 
1993 0 0 0 0 0 0 0 0 0 0 0 0 0 0 0 0 0 0 0 0 0 
1994 0 0 0 0 0 0 0 0 0 0 0 0 0 0 0 0 0 0 0 0 0 
1995 0 0 0 0 0 0 0 0 0 0 0 0 0 0 0 0 0 0 0 0 0 
1996 0 0 0 0 0 0 0 0 0 0 0 0 0 0 0 0 0 0 0 0 0 
1997 0 0 0 0 0 0 0 0 0 0 0 0 0 0 0 0 0 0 0 0 0 
1998 0 0 0 0 0 0 0 0 0 0 0 0 0 0 0 0 0 0 0 0 0 
1999 0 0 0 0 0 0 0 0 0 0 0 0 0 0 0 0 0 0 0 0 0 
2000 0 0 0 0 0 0 0 0 0 0 0 0 0 0 0 0 0 0 0 0 0 
2001 0 0 0 0 0 0 0 0 0 0 0 0 0 0 0 0 0 0 0 0 0 
2002 0 0 0 0 0 0 0 0 0 0 0 0 0 0 0 0 0 0 0 0 0 
2003 0 0 0 0 0 0 0 0 0 0 0 0 0 0 0 0 0 0 0 0 0 
2004 0 0 0 0 0 0 0 0 0 0 0 0 0 0 0 0 0 0 0 0 0 
2005 0 0 0 0 0 0 0 0 0 0 0 0 0 0 0 0 0 0 0 0 0 
2006 0 0 0 0 0 0 0 0 0 0 0 0 0 0 0 0 0 0 0 0 0 
2007 0 0 0 0 0 0 0 0 0 0 0 0 0 0 0 0 0 0 0 0 0 
2008 0 0 0 0 0 0 0 0 0 0 0 0 0 0 0 0 0 0 0 0 0 
2009 0 0 0 0 0 0 0 0 0 0 0 0 0 0 0 0 0 0 0 0 0 
2010 0 0 0 0 0 0 0 0 0 0 0 0 0 0 0 0 0 0 0 0 0 
2011 0 0 0 0 0 0 0 0 0 0 0 0 0 0 0 0 0 0 0 0 0 
2012 0 0 0 0 0 0 0 0 0 0 0 0 0 0 0 0 0 0 0 0 0 
2013 0 0 0 0 0 0 0 0 0 0 0 0 0 0 0 0 0 0 0 0 0 
end_table

