@observation EN_age_sample_sim
age_samples_per_cluster 10 
ageing_error age_error 
average_cluster_weight 6 
cluster_cv 0.6 
cluster_sigma 1.1 
fishery_label Fishing_LL 
layer_of_stratum_definitions area_definition 
max_age 20 
min_age 0 
process_label fishing 
strata_to_include EN 
type mortality_event_biomass_age_clusters 
years 1990 1991 1992 1993 1994 1995 1996 1997 1998 1999 2000 2001 2002 2003 2004 2005 2006 2007 2008 2009 2010 2011 2012 2013 
table obs
1990 0 0 0.0465085 0.0291744 0.0907916 0.100067 0.0785505 0.0852091 0.0577885 0.0647864 0.071021 0.0660504 0.0351347 0.036449 0.0312353 0.0270324 0.0151346 0.0218393 0.00397481 0.0142801 0.124973 
1991 0 0.0173578 0.0191915 0.0381305 0.110897 0.121539 0.053215 0.0492797 0.0441491 0.0525745 0.074111 0.0304327 0.00910227 0.0291785 0.025411 0.029251 0.0364334 0.0308437 0.0241336 0.0226503 0.182119 
1992 0 0.0073536 0.158722 0.0615198 0.101346 0.0828472 0.0696798 0.0427157 0.0377253 0.0461736 0.0435668 0.0386383 0.0411426 0.0236851 0.0370423 0.0240197 0.0189586 0.0300042 0.0248788 0.0182882 0.0916927 
1993 0 0.0162207 0.0228793 0.377957 0.0675656 0.0593138 0.0445144 0.0273074 0.0335846 0.0647152 0.0520566 0.0499553 0.0451031 0.0209971 0.0118933 0.011031 0.00895611 0.00935486 0.00484783 0.0048822 0.0668647 
1994 0 0.0312722 0.0568453 0.0193035 0.343411 0.0530938 0.0374379 0.0378274 0.0405058 0.0517405 0.0299849 0.0278634 0.0227224 0.00346519 0.00583992 0.0176444 0.0140818 0.0153765 0.00937036 0.0193054 0.162909 
1995 0 0.00784986 0.0222543 0.0568846 0.0208725 0.34306 0.0735528 0.0971206 0.116839 0.0655188 0.0717904 0.0367422 0.020255 0.0284889 0.00147393 0.00428057 0.00374219 0.000578176 0.00244927 0.00246669 0.0237807 
1996 0 0 0.0224435 0.0450274 0.106961 0.0174869 0.161133 0.0605032 0.0625099 0.0472699 0.0264482 0.0434397 0.043634 0.0470121 0.0510616 0.0272682 0.0123561 0.0147857 0.0244359 0.0167055 0.169518 
1997 0 0.000285701 0.00446467 0.0670831 0.0923965 0.10851 0.0199659 0.236985 0.0520577 0.045707 0.0267053 0.0466791 0.0459505 0.0188676 0.0368753 0.0306434 0.0236283 0.0247299 0.0135113 0.00364552 0.101309 
1998 0 0.0030254 0.0427794 0.0199952 0.0955332 0.0911104 0.0555951 0.0282667 0.187163 0.0846093 0.0547036 0.041432 0.0579187 0.0236155 0.0183236 0.0225417 0.0413028 0.0173508 0.012663 0.0115602 0.0905105 
1999 0 0.0186147 0.0584577 0.0906978 0.0433379 0.118229 0.0591432 0.0733437 0.0269551 0.177669 0.0298801 0.0215451 0.0126083 0.0166081 0.0139867 0.0237918 0.0352182 0.0279986 0.0344818 0.0190783 0.0983551 
2000 0 0.0246304 0.0421888 0.0895208 0.169261 0.0226987 0.156299 0.0923621 0.0506504 0.00718154 0.16895 0.0371946 0.0224847 0.0115195 0.00128847 0 0 0.00420262 0.00525328 0 0.0943143 
2001 0 0.00527201 0.0959057 0.119069 0.17164 0.223218 0.0103551 0.080181 0.035259 0.0426937 0.0125742 0.096477 0.0171789 0.00478846 0.0118901 0.0128824 0.00487505 0.00379198 0.00222638 0.00276597 0.0469552 
2002 0 0.00119656 0.00622165 0.150897 0.150698 0.217573 0.175421 0.0180338 0.0456057 0.0371805 0.020536 0.00578933 0.0627392 0.0150494 0.014924 0.0175967 0.0300412 0.00774177 0.00817875 0.00362759 0.010949 
2003 0 0.0021812 0.0687166 0.0372328 0.200285 0.117747 0.16903 0.161851 0.00916195 0.0246487 0.0107484 0.0116007 0.00987448 0.084304 0.00526176 0.00644345 0.0128869 0.00559521 0.00476182 0 0.0576693 
2004 0 0.0155966 0.0291122 0.0931991 0.072779 0.118789 0.0994545 0.13842 0.0980259 0.027268 0.0695009 0.0336559 0.0477983 0.00865707 0.117607 0.00549613 0.00598031 0 0.00207333 0.00207333 0.0145133 
2005 0 0.00176989 0.0946338 0.105607 0.165314 0.0509889 0.17007 0.0517774 0.0596523 0.0562198 0.000792807 0.00619233 0.00220827 0.0176661 0 0.0411424 0.047267 0.026288 0.0185732 0.00928661 0.0745503 
2006 0 0.00596731 0.0108327 0.210059 0.156179 0.154811 0.0421641 0.0622276 0.0669545 0.0731521 0.0720335 0.0122285 0.00931441 0.0180889 0.0233366 0.00724549 0.02041 0.00559108 0.00104319 0.00104319 0.0473182 
2007 0 0 0 0.00155458 0.0465784 0.027451 0.817308 0.00699779 0.0219593 0.012288 0.00929663 0.0123152 0.00104376 0.00237272 0.00068528 0.000919857 0.000998775 0.0109236 0.000845557 0.00294026 0.0235214 
2008 0 0.00961121 0.0258294 0.016294 0.0465821 0.294902 0.17908 0.0941206 0.0388785 0.052391 0.0269746 0.0367403 0.0410982 0.00932796 0.0106183 0.0148492 0.0136175 0.00288253 0.0488504 0.00683653 0.0305155 
2009 0 0.0118521 0.055174 0.0986171 0.0164425 0.0407959 0.240999 0.0768499 0.0526968 0.0493469 0.0625129 0.0517125 0.0439503 0.0560937 0.00276004 0.0191544 0.00568036 0.0430337 0.00418697 0.0458214 0.0223196 
2010 0 0.00104709 0.0539618 0.0621907 0.104525 0.0361631 0.0209478 0.242024 0.0942778 0.131591 0.011963 0.0533099 0.0264391 0.0386615 0.0668315 0 0.0102148 0.00617326 0.00830155 0.00384128 0.0275361 
2011 0 0.0127279 0.0445865 0.176178 0.0974364 0.0881511 0.0297198 0.0136177 0.208127 0.0880352 0.045565 0.027457 0.0537441 0.0232641 0.0172047 0.0158103 0.00237155 0.00682591 0.00682591 0.00668154 0.0356705 
2012 0 0.0296998 0.0431529 0.00968454 0.0992896 0.142679 0.0681373 0.0129021 0.0341881 0.210581 0.0419699 0.0689262 0.0325902 0.0509486 0.0226967 0.0272353 0.0472279 0 0 0 0.058091 
2013 0 0.0129475 0.165697 0.162346 0.0423271 0.149135 0.0687717 0.0445921 0.00298159 0.00749119 0.099986 0.0372576 0.0374463 0.00999116 0.020133 0.00464003 0.0106177 0.0196453 0 0.00961424 0.0943798 
end_table
table error_values
1990 0 0 0 0 0 0 0 0 0 0 0 0 0 0 0 0 0 0 0 0 0 
1991 0 0 0 0 0 0 0 0 0 0 0 0 0 0 0 0 0 0 0 0 0 
1992 0 0 0 0 0 0 0 0 0 0 0 0 0 0 0 0 0 0 0 0 0 
1993 0 0 0 0 0 0 0 0 0 0 0 0 0 0 0 0 0 0 0 0 0 
1994 0 0 0 0 0 0 0 0 0 0 0 0 0 0 0 0 0 0 0 0 0 
1995 0 0 0 0 0 0 0 0 0 0 0 0 0 0 0 0 0 0 0 0 0 
1996 0 0 0 0 0 0 0 0 0 0 0 0 0 0 0 0 0 0 0 0 0 
1997 0 0 0 0 0 0 0 0 0 0 0 0 0 0 0 0 0 0 0 0 0 
1998 0 0 0 0 0 0 0 0 0 0 0 0 0 0 0 0 0 0 0 0 0 
1999 0 0 0 0 0 0 0 0 0 0 0 0 0 0 0 0 0 0 0 0 0 
2000 0 0 0 0 0 0 0 0 0 0 0 0 0 0 0 0 0 0 0 0 0 
2001 0 0 0 0 0 0 0 0 0 0 0 0 0 0 0 0 0 0 0 0 0 
2002 0 0 0 0 0 0 0 0 0 0 0 0 0 0 0 0 0 0 0 0 0 
2003 0 0 0 0 0 0 0 0 0 0 0 0 0 0 0 0 0 0 0 0 0 
2004 0 0 0 0 0 0 0 0 0 0 0 0 0 0 0 0 0 0 0 0 0 
2005 0 0 0 0 0 0 0 0 0 0 0 0 0 0 0 0 0 0 0 0 0 
2006 0 0 0 0 0 0 0 0 0 0 0 0 0 0 0 0 0 0 0 0 0 
2007 0 0 0 0 0 0 0 0 0 0 0 0 0 0 0 0 0 0 0 0 0 
2008 0 0 0 0 0 0 0 0 0 0 0 0 0 0 0 0 0 0 0 0 0 
2009 0 0 0 0 0 0 0 0 0 0 0 0 0 0 0 0 0 0 0 0 0 
2010 0 0 0 0 0 0 0 0 0 0 0 0 0 0 0 0 0 0 0 0 0 
2011 0 0 0 0 0 0 0 0 0 0 0 0 0 0 0 0 0 0 0 0 0 
2012 0 0 0 0 0 0 0 0 0 0 0 0 0 0 0 0 0 0 0 0 0 
2013 0 0 0 0 0 0 0 0 0 0 0 0 0 0 0 0 0 0 0 0 0 
end_table

