@observation EN_age_sample_sim
age_samples_per_cluster 10 
ageing_error age_error 
average_cluster_weight 6 
cluster_cv 0.6 
cluster_sigma 1.1 
fishery_label Fishing_LL 
layer_of_stratum_definitions area_definition 
process_label fishing 
strata_to_include EN 
type mortality_event_biomass_age_clusters 
years 1990 1991 1992 1993 1994 1995 1996 1997 1998 1999 2000 2001 2002 2003 2004 2005 2006 2007 2008 2009 2010 2011 2012 2013 
table obs
1990 0.0901242 0.0836805 0.0883197 0.071476 0.0567222 0.0732465 0.0765731 0.0522279 0.0306184 0.0270915 0.0252684 0.0231551 0.0282885 0.0303802 0.0314463 0.0246866 0.030645 0.0166212 0.00991152 0.00523138 0.00631845 0.0126369 0.0100961 0.0105383 0.0130931 0.0134891 0.0178551 0.0245869 0 0 0 0 0 0 0 0.00391796 0.00587694 0.00391796 0 0.00195898 
1991 0.0146818 0.130204 0.0981942 0.102773 0.0784445 0.0854245 0.0641717 0.0796354 0.0599756 0.0557776 0.039049 0.0179585 0.0309264 0.013805 0.0123275 0.0146105 0.00819237 0.00297182 0.0264646 0.0153399 0.0208543 0.0203645 0.00655681 0.000324187 0.000648374 0.000324187 0 0 0 0 0 0 0 0 0 0 0 0 0 0 
1992 0.0743584 0.0488877 0.0982872 0.0940298 0.0766863 0.0624854 0.129795 0.074667 0.0919764 0.0623252 0.0354729 0.0315184 0.028773 0.0161636 0.00261577 0.00526146 0.0090194 0.00845018 0.00751438 0.000363013 0.00108904 0.00145205 0.00300829 0.00957987 0.00569484 0.00189828 0.00189828 0 0 0 0 0 0 0.00371744 0.00371744 0.0092936 0 0 0 0 
1993 0.0643726 0.107085 0.0337283 0.147705 0.108733 0.12113 0.066932 0.0471 0.0609017 0.0455608 0.0384612 0.0338141 0.0184376 0.0111173 0.0143583 0.00110671 0.005414 0.0208842 0.0307593 0.0141841 0.00821506 0 0 0 0 0 0 0 0 0 0 0 0 0 0 0 0 0 0 0 
1994 0.152783 0.0766418 0.0879148 0.0157143 0.119325 0.112296 0.0940785 0.0626546 0.0272527 0.0530229 0.050595 0.0324051 0.0280318 0.0306296 0.00956304 0.0155463 0.0046775 0.0158064 0.00335951 0.00454214 0.00276446 0.000395455 0 0 0 0 0 0 0 0 0 0 0 0 0 0 0 0 0 0 
1995 0.0845435 0.0865851 0.0285251 0.0790247 0.0440189 0.163319 0.110427 0.0895505 0.0531967 0.0578516 0.0293426 0.0290791 0.0307107 0.035329 0.00963875 0.0203208 0.00620316 0.0138013 0.0147462 0.00553893 0.00410312 0.00414398 0 0 0 0 0 0 0 0 0 0 0 0 0 0 0 0 0 0 
1996 0.00958878 0.0897628 0.170641 0.0593687 0.105198 0.0392623 0.0813655 0.076921 0.0795817 0.0462501 0.0435881 0.0499768 0.0243181 0.0268078 0.00876302 0.0185178 0.000733631 0.00581395 0.000733631 0.00904526 0.00226132 0.00782893 0.00121633 0 0.0036415 0.0036415 0.0182075 0.007283 0 0 0 0 0.00322731 0.00215154 0.00322731 0.00107577 0 0 0 0 
1997 0.0891592 0.0551312 0.138388 0.132371 0.0640508 0.0484808 0.00656519 0.097584 0.0541789 0.0561401 0.0315834 0.0341597 0.0197955 0.0250526 0.0540433 0.0383749 0.0144923 0.0150616 0.00928051 0.00161578 0.0067604 0.00289909 0.000966365 0.00289909 0.000966365 0 0 0 0 0 0 0 0 0 0 0 0 0 0 0 
1998 0.239641 0.0913604 0.0560602 0.0533965 0.0555157 0.0250734 0.0952058 0.0516458 0.110503 0.0550336 0.0448598 0.0332858 0.0193479 0.0152438 0.00946559 0.00302954 0.00498059 0.00498059 0.0024903 0.0024903 0 0.00229734 0.00153156 0 0.00153156 0.00450382 0.00378347 0.00337787 0 0 0 0 0 0 0 0 0 0 0.00104048 0.00832383 
1999 0.117571 0.268003 0.0795494 0.0292531 0.0711037 0.0627686 0.0552359 0.0755113 0.0171423 0.0511629 0.0239063 0.0136628 0.0260474 0.0175592 0.0218022 0.0164654 0.0163088 0.00276048 0.0035569 0.00217666 0.0109356 0.00583929 0 0.00875893 0.00291964 0 0 0 0 0 0 0 0 0 0 0 0 0 0 0 
2000 0.102423 0.125168 0.236371 0.0840764 0.0350471 0.0797584 0.0691691 0.0270695 0.0203896 0.0229552 0.0652377 0.0226991 0.0292818 0.031284 0.0148849 0.0124541 0.00696395 0.00205301 0.000786312 0 0 0 0 0 0 0.00132537 0.0053015 0.00132537 0.00132537 0.00265075 0 0 0 0 0 0 0 0 0 0 
2001 0.17603 0.122089 0.103944 0.232015 0.0996709 0.0590147 0.0365209 0.0432527 0.00874503 0.00613689 0.00873737 0.023756 0.0226773 0.0198926 0.0090327 0.00713892 0.00937862 0.00167932 0 0 0 0 0.00342982 0 0.00342982 0.00114327 0.00228655 0 0 0 0 0 0 0 0 0 0 0 0 0 
2002 0.13663 0.295161 0.130285 0.0788092 0.180584 0.0461754 0.0376124 0.0298764 0.0195148 0.00310904 0.00466357 0.00481374 0.0114508 0.0081896 0.00655901 0 0 0 0 0 0 0 0.00218867 0.00218867 0.00218867 0 0 0 0 0 0 0 0 0 0 0 0 0 0 0 
2003 0.123751 0.103084 0.299725 0.148267 0.039847 0.109798 0.0447372 0.0169257 0.0167479 0.0319564 0.0174291 0.0147622 0.00571606 0 0.00301906 0.00603812 0 0.00676985 0.00483998 0.00263442 0.00263442 0.00131721 0 0 0 0 0 0 0 0 0 0 0 0 0 0 0 0 0 0 
2004 0.0963183 0.17154 0.144179 0.128798 0.124472 0.0748449 0.146384 0.0460849 0.0110608 0.010142 0.00861409 0.0165709 0.0183463 0 0.00264471 0 0 0 0 0 0 0 0 0 0 0 0 0 0 0 0 0 0 0 0 0 0 0 0 0 
2005 0.0157216 0.118007 0.176865 0.10321 0.241477 0.148733 0.0813897 0.066235 0.0177941 0.000264323 0.0090868 0.00841248 0.00197825 0.0043135 0.000723567 0.00144713 0.00144713 0.0021707 0.000723567 0 0 0 0 0 0 0 0 0 0 0 0 0 0 0 0 0 0 0 0 0 
2006 0.0966779 0.0352079 0.177871 0.233883 0.0625451 0.181408 0.0666703 0.0127244 0.0590185 0.017987 0.00472241 0.00900436 0.0234322 0.0103849 0.00846403 0 0 0 0 0 0 0 0 0 0 0 0 0 0 0 0 0 0 0 0 0 0 0 0 0 
2007 0.0620507 0.138249 0.0442581 0.0864429 0.201821 0.085756 0.156016 0.0825114 0.0287459 0.0529921 0.0225381 0.00483594 0.00389421 0.00259614 0 0 0 0 0.000773855 0.0028902 0.0120503 0.000773855 0 0 0 0 0 0 0 0 0 0 0 0 0 0 0 0 0.0108033 0 
2008 0.332431 0.0299502 0.036042 0.022008 0.117132 0.135097 0.0819908 0.11085 0.0339523 0.017047 0.0399128 0.00760832 0.00673929 0.00307933 0.0138133 0 0.00154323 0 0.0108026 0 0 0 0 0 0 0 0 0 0 0 0 0 0 0 0 0 0 0 0 0 
2009 0.0666725 0.315722 0.123544 0.117419 0.027414 0.0819554 0.0747695 0.0201846 0.0615948 0.029556 0.0101543 0.0277925 0.014079 0.00163625 0.00163625 0.00862315 0.00574877 0.00574877 0.00574877 0 0 0 0 0 0 0 0 0 0 0 0 0 0 0 0 0 0 0 0 0 
2010 0.0773701 0.0767964 0.40419 0.0351938 0.0581456 0.0157859 0.0595428 0.0542513 0.0232203 0.0711704 0.0327016 0.014054 0.0429176 0.0112124 0.000647775 0.00798441 0.0148156 0 0 0 0 0 0 0 0 0 0 0 0 0 0 0 0 0 0 0 0 0 0 0 
2011 0.123797 0.0842275 0.0619161 0.253999 0.0582015 0.0338949 0.0128385 0.0867798 0.0760436 0.0463078 0.0637003 0.0129669 0.0215916 0.0201306 0.00800423 0.000401533 0.0120573 0.0231408 0 0 0 0 0 0 0 0 0 0 0 0 0 0 0 0 0 0 0 0 0 0 
2012 0.146815 0.200016 0.0939072 0.0734763 0.233506 0.0302138 0.0408089 0.0158119 0.0377023 0.0312955 0.0168074 0.0371774 0.00512344 0.005789 0.00588817 0.00379976 0 0 0 0 0 0 0.00485834 0.014575 0.00242917 0 0 0 0 0 0 0 0 0 0 0 0 0 0 0 
2013 0.0221603 0.0949875 0.110304 0.0674484 0.0552177 0.320829 0.0642775 0.0489542 0.0150998 0.0438855 0.048305 0.0307378 0.0226574 0.0270368 0.0137531 0.00684021 0 0.00250189 0.00416982 0.000833964 0 0 0 0 0 0 0 0 0 0 0 0 0 0 0 0 0 0 0 0 
end_table
table error_values
1990 0 0 0 0 0 0 0 0 0 0 0 0 0 0 0 0 0 0 0 0 0 0 0 0 0 0 0 0 0 0 0 0 0 0 0 0 0 0 0 0 
1991 0 0 0 0 0 0 0 0 0 0 0 0 0 0 0 0 0 0 0 0 0 0 0 0 0 0 0 0 0 0 0 0 0 0 0 0 0 0 0 0 
1992 0 0 0 0 0 0 0 0 0 0 0 0 0 0 0 0 0 0 0 0 0 0 0 0 0 0 0 0 0 0 0 0 0 0 0 0 0 0 0 0 
1993 0 0 0 0 0 0 0 0 0 0 0 0 0 0 0 0 0 0 0 0 0 0 0 0 0 0 0 0 0 0 0 0 0 0 0 0 0 0 0 0 
1994 0 0 0 0 0 0 0 0 0 0 0 0 0 0 0 0 0 0 0 0 0 0 0 0 0 0 0 0 0 0 0 0 0 0 0 0 0 0 0 0 
1995 0 0 0 0 0 0 0 0 0 0 0 0 0 0 0 0 0 0 0 0 0 0 0 0 0 0 0 0 0 0 0 0 0 0 0 0 0 0 0 0 
1996 0 0 0 0 0 0 0 0 0 0 0 0 0 0 0 0 0 0 0 0 0 0 0 0 0 0 0 0 0 0 0 0 0 0 0 0 0 0 0 0 
1997 0 0 0 0 0 0 0 0 0 0 0 0 0 0 0 0 0 0 0 0 0 0 0 0 0 0 0 0 0 0 0 0 0 0 0 0 0 0 0 0 
1998 0 0 0 0 0 0 0 0 0 0 0 0 0 0 0 0 0 0 0 0 0 0 0 0 0 0 0 0 0 0 0 0 0 0 0 0 0 0 0 0 
1999 0 0 0 0 0 0 0 0 0 0 0 0 0 0 0 0 0 0 0 0 0 0 0 0 0 0 0 0 0 0 0 0 0 0 0 0 0 0 0 0 
2000 0 0 0 0 0 0 0 0 0 0 0 0 0 0 0 0 0 0 0 0 0 0 0 0 0 0 0 0 0 0 0 0 0 0 0 0 0 0 0 0 
2001 0 0 0 0 0 0 0 0 0 0 0 0 0 0 0 0 0 0 0 0 0 0 0 0 0 0 0 0 0 0 0 0 0 0 0 0 0 0 0 0 
2002 0 0 0 0 0 0 0 0 0 0 0 0 0 0 0 0 0 0 0 0 0 0 0 0 0 0 0 0 0 0 0 0 0 0 0 0 0 0 0 0 
2003 0 0 0 0 0 0 0 0 0 0 0 0 0 0 0 0 0 0 0 0 0 0 0 0 0 0 0 0 0 0 0 0 0 0 0 0 0 0 0 0 
2004 0 0 0 0 0 0 0 0 0 0 0 0 0 0 0 0 0 0 0 0 0 0 0 0 0 0 0 0 0 0 0 0 0 0 0 0 0 0 0 0 
2005 0 0 0 0 0 0 0 0 0 0 0 0 0 0 0 0 0 0 0 0 0 0 0 0 0 0 0 0 0 0 0 0 0 0 0 0 0 0 0 0 
2006 0 0 0 0 0 0 0 0 0 0 0 0 0 0 0 0 0 0 0 0 0 0 0 0 0 0 0 0 0 0 0 0 0 0 0 0 0 0 0 0 
2007 0 0 0 0 0 0 0 0 0 0 0 0 0 0 0 0 0 0 0 0 0 0 0 0 0 0 0 0 0 0 0 0 0 0 0 0 0 0 0 0 
2008 0 0 0 0 0 0 0 0 0 0 0 0 0 0 0 0 0 0 0 0 0 0 0 0 0 0 0 0 0 0 0 0 0 0 0 0 0 0 0 0 
2009 0 0 0 0 0 0 0 0 0 0 0 0 0 0 0 0 0 0 0 0 0 0 0 0 0 0 0 0 0 0 0 0 0 0 0 0 0 0 0 0 
2010 0 0 0 0 0 0 0 0 0 0 0 0 0 0 0 0 0 0 0 0 0 0 0 0 0 0 0 0 0 0 0 0 0 0 0 0 0 0 0 0 
2011 0 0 0 0 0 0 0 0 0 0 0 0 0 0 0 0 0 0 0 0 0 0 0 0 0 0 0 0 0 0 0 0 0 0 0 0 0 0 0 0 
2012 0 0 0 0 0 0 0 0 0 0 0 0 0 0 0 0 0 0 0 0 0 0 0 0 0 0 0 0 0 0 0 0 0 0 0 0 0 0 0 0 
2013 0 0 0 0 0 0 0 0 0 0 0 0 0 0 0 0 0 0 0 0 0 0 0 0 0 0 0 0 0 0 0 0 0 0 0 0 0 0 0 0 
end_table

