@observation EN_age_sample_sim
age_samples_per_cluster 10 
ageing_error age_error 
average_cluster_weight 6 
cluster_cv 0.6 
cluster_sigma 1.1 
fishery_label Fishing_LL 
layer_of_stratum_definitions area_definition 
max_age 20 
min_age 0 
process_label fishing 
strata_to_include EN 
type mortality_event_biomass_age_clusters 
years 1990 1991 1992 1993 1994 1995 1996 1997 1998 1999 2000 2001 2002 2003 2004 2005 2006 2007 2008 2009 2010 2011 2012 2013 
table obs
1990 0 0.0101221 0.0218259 0.0385655 0.108769 0.114526 0.102774 0.107224 0.0772481 0.0828863 0.0460554 0.01507 0.0212016 0.037258 0.0356862 0.0267295 0.0137844 0.00979197 0.0131222 0.0192866 0.0980733 
1991 0 0.0453127 0.0780207 0.0889558 0.0786486 0.0946411 0.0472281 0.06611 0.0584886 0.0900179 0.0489911 0.0202742 0.0128037 0.0295066 0.0447989 0.0290098 0.0145691 0.00397462 0.00589244 0.0108222 0.131934 
1992 0 0.00394803 0.0742343 0.061263 0.0862169 0.0869123 0.0892011 0.0622348 0.0721722 0.0565472 0.0893339 0.0663848 0.0360921 0.0241346 0.0242471 0.0186378 0.0249941 0.0229702 0.0194142 0.0126234 0.0684381 
1993 0 0.00525678 0.0276587 0.24178 0.0585267 0.0423484 0.0320315 0.0364182 0.077368 0.0447509 0.0376108 0.0318285 0.0177167 0.0424052 0.0456639 0.0430002 0.0137239 0.0186814 0.00320763 0.00834418 0.171678 
1994 0 0.00593492 0.0470335 0.0324848 0.31145 0.122537 0.0821428 0.0701469 0.0413989 0.030362 0.0157326 0.011661 0.0109742 0.0176252 0.0196679 0.0207446 0.00440604 0.0171395 0.00472541 0.0199674 0.113865 
1995 0 0.0120338 0.0224998 0.0462634 0.0143819 0.229956 0.105074 0.0724077 0.0551988 0.0639562 0.0993814 0.0580076 0.0383531 0.0507069 0.00602051 0.00964351 0.0164651 0.00880342 0.00606726 0.00152139 0.0832584 
1996 0 0.00412908 0.0126554 0.0777109 0.177851 0.0311034 0.289049 0.0799792 0.0616134 0.0543339 0.0405844 0.0284726 0.0175922 0.0258208 0.00538561 0.00389674 0.00740105 0.00956799 0.00253597 0 0.0703175 
1997 0 0.0275154 0.01145 0.115921 0.133262 0.111804 0.0302507 0.14778 0.0397171 0.0481415 0.0424533 0.0239402 0.0318498 0.0370702 0.045154 0.036645 0.0230988 0.00661976 0.00849714 0.00412745 0.0747024 
1998 0 0.00674759 0.088145 0.0568315 0.131856 0.0848997 0.12152 0.0514866 0.180324 0.0395894 0.0426983 0.0276619 0.0274141 0.0128055 0.0026836 0 0.00180998 0.011414 0.0219401 0.0149479 0.0752252 
1999 0 0.0094933 0.0358667 0.146064 0.0282527 0.105671 0.103123 0.106844 0.0321157 0.115379 0.0478658 0.0281641 0.0270997 0.0292785 0.0295229 0.0131255 0.00914299 0.0276545 0.0386714 0.00267177 0.0639933 
2000 0 0.00280817 0.026296 0.127032 0.139245 0.0448656 0.0949237 0.0683276 0.0808492 0.0133122 0.200044 0.0503059 0.0100708 0.00498622 0.00854511 0.0165382 0.0133806 0.0108591 0.0123754 0.0163086 0.0589268 
2001 0 0.00422389 0.0658829 0.130993 0.171765 0.194245 0.0199026 0.0626024 0.030214 0.0338476 0.0179585 0.133908 0.02084 0.010828 0.00828812 0.0102636 0.00295268 0 0 0.00242891 0.0788563 
2002 0 0.00805318 0.0184469 0.176047 0.166436 0.149638 0.105901 0.0204594 0.0653298 0.046018 0.0453834 0.0150573 0.08439 0.00643834 0.00726953 0.00317966 0.0139601 0.00684241 0.00235051 0.00633714 0.0524618 
2003 0 0.00584454 0.0770457 0.0411045 0.177903 0.143299 0.134652 0.114725 0.00891668 0.0465181 0.0304416 0.0177086 0.0127427 0.0684668 0.00509493 0.0196151 0.00424145 0.0119185 0.00432755 0.00163168 0.0738036 
2004 0 0.0402233 0.0353683 0.0944796 0.0400533 0.174297 0.138881 0.0959082 0.0738231 0.00761457 0.0189329 0.0290133 0.0303765 0.0103571 0.067603 0.0234028 0.0387185 0.00304553 0.00915599 0.00297018 0.0657756 
2005 0 0 0.111033 0.0874957 0.105863 0.0436393 0.108078 0.0841556 0.0867349 0.148794 0.00709022 0.0374455 0.0377319 0.0242802 0.00642278 0.0208152 0.0114957 0.0147881 0.00859435 0.00925604 0.0462862 
2006 0 0 0 0.229461 0.123815 0.0978517 0.0451552 0.125886 0.0326222 0.0786218 0.106653 0.00388605 0.0238097 0.0235211 0.00809998 0.00125638 0.0588883 0.00737715 0 0 0.0330955 
2007 0 0.000323656 0.000304585 0.000743129 0.00983247 0.00666859 0.0108597 0.00418772 0.00525926 0.00360292 0.00210647 0.00218077 0.00049254 0.000531366 0.0013163 0.00187155 0 0.000130804 8.08435e-005 0.000111727 0.949396 
2008 0 0.00443636 0.0380688 0.0256693 0.0466716 0.305168 0.0920022 0.0617188 0.0280832 0.0781379 0.0648042 0.0368657 0.067305 0.0138673 0.0402177 0.0537058 0.0103814 0.00153592 0.0208947 0.00165755 0.0088088 
2009 0 0 0.00104559 0.0159727 0.0224729 0.0338468 0.419104 0.127217 0.101215 0.0383003 0.0670381 0.0251648 0.0318493 0.0588103 0.0121653 0.00279937 0.00267463 0.00811985 0.000859685 0.0151961 0.0161475 
2010 0 0.00437025 0.0532161 0.0878879 0.175198 0.0621246 0.0453152 0.251358 0.0725077 0.0727774 0.0268631 0.0165822 0.0136038 0.0116869 0.0185544 0.000950822 0 0.0081041 0.0121562 0 0.0667433 
2011 0 0.00160706 0.0225538 0.117885 0.12352 0.139246 0.0190358 0.0175883 0.172539 0.0403692 0.0588813 0.0200145 0.048593 0.0241426 0.028553 0.0389654 0.0204313 0.0380392 0.0204557 0.017169 0.0304099 
2012 0 0.0510517 0.0400518 0.0209492 0.180802 0.144032 0.126196 0.00433245 0.0329514 0.140073 0.0200991 0.0476927 0.0205954 0.0492435 0.0287014 0.00885942 0.00582194 0 0 0 0.0785476 
2013 0 0.00662117 0.11135 0.0838354 0.0343857 0.160385 0.0493104 0.0765677 0.0100588 0.0193171 0.148366 0.0597775 0.0622099 0.00602573 0.0562227 0.0186611 0.0150243 0.0155559 0.00833768 0.00849639 0.0494913 
end_table
table error_values
1990 0 0 0 0 0 0 0 0 0 0 0 0 0 0 0 0 0 0 0 0 0 
1991 0 0 0 0 0 0 0 0 0 0 0 0 0 0 0 0 0 0 0 0 0 
1992 0 0 0 0 0 0 0 0 0 0 0 0 0 0 0 0 0 0 0 0 0 
1993 0 0 0 0 0 0 0 0 0 0 0 0 0 0 0 0 0 0 0 0 0 
1994 0 0 0 0 0 0 0 0 0 0 0 0 0 0 0 0 0 0 0 0 0 
1995 0 0 0 0 0 0 0 0 0 0 0 0 0 0 0 0 0 0 0 0 0 
1996 0 0 0 0 0 0 0 0 0 0 0 0 0 0 0 0 0 0 0 0 0 
1997 0 0 0 0 0 0 0 0 0 0 0 0 0 0 0 0 0 0 0 0 0 
1998 0 0 0 0 0 0 0 0 0 0 0 0 0 0 0 0 0 0 0 0 0 
1999 0 0 0 0 0 0 0 0 0 0 0 0 0 0 0 0 0 0 0 0 0 
2000 0 0 0 0 0 0 0 0 0 0 0 0 0 0 0 0 0 0 0 0 0 
2001 0 0 0 0 0 0 0 0 0 0 0 0 0 0 0 0 0 0 0 0 0 
2002 0 0 0 0 0 0 0 0 0 0 0 0 0 0 0 0 0 0 0 0 0 
2003 0 0 0 0 0 0 0 0 0 0 0 0 0 0 0 0 0 0 0 0 0 
2004 0 0 0 0 0 0 0 0 0 0 0 0 0 0 0 0 0 0 0 0 0 
2005 0 0 0 0 0 0 0 0 0 0 0 0 0 0 0 0 0 0 0 0 0 
2006 0 0 0 0 0 0 0 0 0 0 0 0 0 0 0 0 0 0 0 0 0 
2007 0 0 0 0 0 0 0 0 0 0 0 0 0 0 0 0 0 0 0 0 0 
2008 0 0 0 0 0 0 0 0 0 0 0 0 0 0 0 0 0 0 0 0 0 
2009 0 0 0 0 0 0 0 0 0 0 0 0 0 0 0 0 0 0 0 0 0 
2010 0 0 0 0 0 0 0 0 0 0 0 0 0 0 0 0 0 0 0 0 0 
2011 0 0 0 0 0 0 0 0 0 0 0 0 0 0 0 0 0 0 0 0 0 
2012 0 0 0 0 0 0 0 0 0 0 0 0 0 0 0 0 0 0 0 0 0 
2013 0 0 0 0 0 0 0 0 0 0 0 0 0 0 0 0 0 0 0 0 0 
end_table

