@observation EN_age_sample_sim
age_samples_per_cluster 10 
ageing_error age_error 
average_cluster_weight 6 
cluster_cv 0.6 
cluster_sigma 1.1 
fishery_label Fishing_LL 
layer_of_stratum_definitions area_definition 
max_age 20 
min_age 0 
process_label fishing 
strata_to_include EN 
type mortality_event_biomass_age_clusters 
years 1990 1991 1992 1993 1994 1995 1996 1997 1998 1999 2000 2001 2002 2003 2004 2005 2006 2007 2008 2009 2010 2011 2012 2013 
table obs
1990 0 0.0158363 0.0467513 0.0454 0.103268 0.0781923 0.0714883 0.119961 0.0629742 0.0535096 0.0503578 0.0288998 0.0797388 0.0541063 0.0384581 0.0112416 0.00763348 0.00711204 0.00973988 0.0121051 0.103226 
1991 0 0.03387 0.062595 0.0636876 0.0890972 0.0881769 0.111658 0.0484342 0.0343744 0.0383739 0.0326935 0.0437527 0.0194788 0.0173692 0.0486514 0.0333357 0.0274469 0.0113947 0.0240851 0.0273458 0.144179 
1992 0 0.00948097 0.159922 0.115617 0.121926 0.105514 0.071112 0.0642074 0.0616371 0.0321326 0.0209213 0.0167578 0.0113842 0.00634684 0.0126127 0.0121879 0.0185575 0.0206041 0.0200458 0.0345545 0.0844776 
1993 0 0 0.0100523 0.118126 0.0807832 0.0974285 0.0870612 0.0786904 0.0643081 0.0613889 0.0539009 0.0516871 0.0718797 0.045933 0.0201928 0.0235581 0.0151217 0.0340645 0.0174304 0.00390266 0.0644902 
1994 0 0.00734636 0.0165713 0.0351677 0.369969 0.0592397 0.0843762 0.0627061 0.024655 0.0323943 0.0230265 0.045577 0.037719 0.0138479 0.0249093 0.018875 0.00777173 0.00914958 0.00485461 0.00419764 0.117646 
1995 0 0.00578231 0.0156049 0.0588133 0.0408972 0.209514 0.0944464 0.0945128 0.0853508 0.0642361 0.0531628 0.0604277 0.025019 0.0224244 0.0113344 0.000881815 0.00684506 0.0141718 0.00968604 0.0165048 0.110384 
1996 0 0 0.0144676 0.0751926 0.232037 0.051841 0.250056 0.0669265 0.0724158 0.0407788 0.0216115 0.0363537 0.0171986 0.0268781 0.0182457 0.0179766 0.0116252 0.00597452 0.0206959 0.00805826 0.0116659 
1997 0 0.00218164 0.00627011 0.111434 0.133506 0.125673 0.0419371 0.178382 0.0258436 0.0271133 0.0737508 0.0335975 0.0378357 0.0228922 0.0196269 0.0254128 0.0202435 0.0080814 0.00130471 0 0.104915 
1998 0 0.00498654 0.0792443 0.0422458 0.141063 0.0707705 0.0446879 0.0170017 0.262562 0.0502738 0.024897 0.0254302 0.0259842 0.0312388 0.0128502 0.0236641 0.0229977 0.0201046 0.0183888 0.0119271 0.069682 
1999 0 0.00132584 0.119529 0.169351 0.082076 0.0737251 0.110842 0.0799361 0.02084 0.135046 0.0300504 0.0228964 0.0247575 0.00677537 0.0115147 0.0168943 0.0203492 0.0195008 0.00238666 0.00447435 0.0477281 
2000 0 0.0164875 0.06247 0.169973 0.24272 0.0258524 0.101452 0.0539517 0.0436708 0.0320081 0.0954336 0.0261929 0.0309589 0.0214968 0.010307 0.0071679 0.00667571 0.00251766 0.00151438 0.00278419 0.0463654 
2001 0 0 0.0892513 0.0983205 0.168864 0.210015 0.0358723 0.065326 0.0391759 0.0446645 0.0153573 0.104625 0.0313255 0.00965335 0.0126985 0.00469924 0.0122853 0.0104309 0.0072713 0.00370884 0.0364545 
2002 0 0.00298773 0.0248354 0.152738 0.113253 0.115808 0.109614 0.0295407 0.0763212 0.0681238 0.100884 0.0192395 0.0955268 0.0114893 0.0113347 0.0201969 0.0142396 0.00696269 0.00559494 0.0055066 0.0158027 
2003 0 0.0207734 0.0336938 0.0208715 0.194328 0.0859901 0.127797 0.148573 0.0170195 0.0654297 0.0432662 0.0321863 0.0119072 0.0530654 0.00461067 0.00500849 0.0118332 0.00650877 0.00984882 0.00164861 0.105641 
2004 0 0.0507241 0.0798776 0.130444 0.0682586 0.192609 0.0543263 0.0633192 0.0740412 0.0041285 0.0306508 0.0357121 0.0222562 0.0278877 0.0889473 0.0213208 0.010436 0.00387592 0.0105213 0.0131516 0.0175126 
2005 0 0.00330574 0.0838405 0.0672031 0.166033 0.0502194 0.160445 0.0787721 0.0692576 0.055844 0.00545956 0.0636305 0.0168551 0.0321139 0.00535748 0.0536517 0.012542 0.0158151 0.00803705 0.00236409 0.0492533 
2006 0 0.00978809 0.00839344 0.156352 0.0902515 0.165162 0.0872087 0.107938 0.0666364 0.0863774 0.106862 0.00465339 0.015871 0.00924628 0.0233069 0.00520767 0.0342292 0.003522 0 0 0.0189946 
2007 0 0.00290503 0.0006448 0.00249815 0.0334678 0.00839625 0.0320078 0.00638001 0.0102251 0.00761217 0.00881678 0.00962005 0.000861607 0.0009851 0.00122599 0.00085321 0 0.00156232 0.00126261 0.0032779 0.867397 
2008 0 0.00629404 0.056345 0.0178939 0.0492279 0.276115 0.113421 0.0998083 0.050827 0.0764975 0.0544372 0.0472423 0.0458475 0.00174449 0.0140716 0.0101902 0.00416597 0.00251634 0.00790079 0.00319967 0.0622542 
2009 0 0.00650594 0.0218182 0.0644025 0.0359766 0.0454417 0.270371 0.0387698 0.0704968 0.0313084 0.0668787 0.0554302 0.0501047 0.0507087 0.00821857 0.0306408 0.00515368 0.0165152 0 0.0387034 0.0925551 
2010 0 0.0117596 0.0627622 0.0926385 0.143982 0.0369002 0.0552006 0.29507 0.0718894 0.0431667 0.025533 0.0333221 0.0253892 0.0162193 0.0159064 0.00325288 0.00315444 0.00473166 0.00473166 0 0.0543899 
2011 0 0.00755805 0.0047232 0.11084 0.119875 0.10842 0.0322589 0.0297575 0.169945 0.0948128 0.069695 0.0163417 0.0632496 0.035235 0.0365496 0.0300597 0.0161169 0.00422367 0.00587123 0.00109 0.0433771 
2012 0 0.0274397 0.0559463 0.018109 0.1512 0.0924118 0.0718873 0.0311173 0.0556733 0.151244 0.060106 0.0714992 0.0289251 0.0723945 0.0477781 0.0189242 0.0200249 0 0 0.00475401 0.0205653 
2013 0 0.00919896 0.165021 0.141767 0.0682141 0.210902 0.106106 0.0517513 0.00931415 0.0101566 0.0596188 0.038356 0.0277995 0.0104363 0.0234565 0.0245911 0.0188862 0.00980395 0 0.00974732 0.00487366 
end_table
table error_values
1990 0 0 0 0 0 0 0 0 0 0 0 0 0 0 0 0 0 0 0 0 0 
1991 0 0 0 0 0 0 0 0 0 0 0 0 0 0 0 0 0 0 0 0 0 
1992 0 0 0 0 0 0 0 0 0 0 0 0 0 0 0 0 0 0 0 0 0 
1993 0 0 0 0 0 0 0 0 0 0 0 0 0 0 0 0 0 0 0 0 0 
1994 0 0 0 0 0 0 0 0 0 0 0 0 0 0 0 0 0 0 0 0 0 
1995 0 0 0 0 0 0 0 0 0 0 0 0 0 0 0 0 0 0 0 0 0 
1996 0 0 0 0 0 0 0 0 0 0 0 0 0 0 0 0 0 0 0 0 0 
1997 0 0 0 0 0 0 0 0 0 0 0 0 0 0 0 0 0 0 0 0 0 
1998 0 0 0 0 0 0 0 0 0 0 0 0 0 0 0 0 0 0 0 0 0 
1999 0 0 0 0 0 0 0 0 0 0 0 0 0 0 0 0 0 0 0 0 0 
2000 0 0 0 0 0 0 0 0 0 0 0 0 0 0 0 0 0 0 0 0 0 
2001 0 0 0 0 0 0 0 0 0 0 0 0 0 0 0 0 0 0 0 0 0 
2002 0 0 0 0 0 0 0 0 0 0 0 0 0 0 0 0 0 0 0 0 0 
2003 0 0 0 0 0 0 0 0 0 0 0 0 0 0 0 0 0 0 0 0 0 
2004 0 0 0 0 0 0 0 0 0 0 0 0 0 0 0 0 0 0 0 0 0 
2005 0 0 0 0 0 0 0 0 0 0 0 0 0 0 0 0 0 0 0 0 0 
2006 0 0 0 0 0 0 0 0 0 0 0 0 0 0 0 0 0 0 0 0 0 
2007 0 0 0 0 0 0 0 0 0 0 0 0 0 0 0 0 0 0 0 0 0 
2008 0 0 0 0 0 0 0 0 0 0 0 0 0 0 0 0 0 0 0 0 0 
2009 0 0 0 0 0 0 0 0 0 0 0 0 0 0 0 0 0 0 0 0 0 
2010 0 0 0 0 0 0 0 0 0 0 0 0 0 0 0 0 0 0 0 0 0 
2011 0 0 0 0 0 0 0 0 0 0 0 0 0 0 0 0 0 0 0 0 0 
2012 0 0 0 0 0 0 0 0 0 0 0 0 0 0 0 0 0 0 0 0 0 
2013 0 0 0 0 0 0 0 0 0 0 0 0 0 0 0 0 0 0 0 0 0 
end_table

