@observation EN_age_sample_sim
age_samples_per_cluster 10 
ageing_error age_error 
average_cluster_weight 6 
cluster_cv 0.6 
cluster_sigma 1.1 
fishery_label Fishing_LL 
layer_of_stratum_definitions area_definition 
max_age 20 
min_age 0 
process_label fishing 
strata_to_include EN 
type mortality_event_biomass_age_clusters 
years 1990 1991 1992 1993 1994 1995 1996 1997 1998 1999 2000 2001 2002 2003 2004 2005 2006 2007 2008 2009 2010 2011 2012 2013 
table obs
1990 0 0.00632164 0.0156011 0.0233204 0.0764474 0.120136 0.120014 0.0689834 0.0714302 0.0865666 0.049989 0.0780649 0.0583199 0.0119808 0.015625 0.0086151 0.00380598 0.00695562 0.00589258 0.0195212 0.152409 
1991 0 0.0135797 0.0291823 0.0796117 0.100472 0.055781 0.0427419 0.0927435 0.0689497 0.093484 0.0714718 0.0535979 0.0265123 0.0214921 0.0238332 0.0275313 0.0307586 0.0272622 0.0106115 0.00780049 0.122583 
1992 0 0.00858639 0.116303 0.0454024 0.113513 0.0931175 0.0862922 0.0809604 0.0406094 0.0540564 0.0331324 0.0474712 0.044639 0.0701758 0.0206456 0.0209699 0.0373615 0.0240837 0.0108365 0.00699122 0.0448523 
1993 0 0.0159796 0.00228374 0.164758 0.0614237 0.0762402 0.0596953 0.0860453 0.0903764 0.0817371 0.0473955 0.0363492 0.0358169 0.0332466 0.0202952 0.010774 0.0155136 0.0188125 0.0154918 0.0105176 0.117248 
1994 0 0.00399792 0.0416643 0.0375802 0.298465 0.112658 0.070999 0.061748 0.0746661 0.0444111 0.0236116 0.0348066 0.0284165 0.0159913 0.0169822 0.0201097 0.020048 0.00782089 0.00452376 0.0128301 0.06867 
1995 0 0.0154857 0.0377176 0.0535543 0.0314051 0.300691 0.0549923 0.0728704 0.0543659 0.0658909 0.0880414 0.0951654 0.0567866 0.0162343 0.00437192 0.00553204 0.00231912 0.00371488 0.00243722 0.00371488 0.0347093 
1996 0 0.00569677 0.0082698 0.0551299 0.218191 0.0583267 0.20628 0.0319811 0.0167604 0.0165423 0.0480759 0.027944 0.0159976 0.0192896 0.0281971 0.029769 0.0323227 0.0105166 0.0184507 0.0104144 0.141844 
1997 0 0.0271072 0.00845571 0.0957478 0.0784521 0.114019 0.0567415 0.204001 0.0569111 0.0399767 0.0240196 0.0187937 0.0212298 0.0280253 0.00613892 0.0256349 0.0245382 0.0215884 0.0567664 0.0267564 0.0650965 
1998 0 0.0167955 0.0510599 0.0278143 0.107637 0.0870345 0.111295 0.0521555 0.151376 0.0536487 0.0436028 0.0512759 0.0536552 0.0250865 0.0127993 0.0209335 0.0160311 0.00207547 0.00697783 0.00697783 0.101768 
1999 0 0.0089318 0.0250935 0.148897 0.0350456 0.147272 0.105043 0.096062 0.0312705 0.116808 0.0351555 0.0304397 0.0428845 0.035937 0.0275002 0.0231225 0.0130731 0.00948459 0.00372572 0.00146093 0.0627927 
2000 0 0.00315162 0.0441989 0.125459 0.190329 0.0289771 0.0993403 0.0852239 0.0408468 0.0336523 0.148827 0.0204616 0.0292512 0.0182423 0.00455488 0.00892734 0.00437246 0 0.00437246 0 0.109811 
2001 0 0 0.0534339 0.0904396 0.189064 0.240343 0.0404368 0.0877057 0.0648047 0.0557901 0.00704465 0.063179 0.0218361 0.0181217 0.00883603 0.00765976 0.00208017 0.00799023 0.00208017 0 0.0391544 
2002 0 0.0100121 0.0177355 0.171913 0.184022 0.131671 0.0921259 0.0104161 0.0454352 0.0577828 0.0336386 0.0141213 0.0427033 0.0329658 0.0232567 0.0141632 0.0178671 0.0168347 0.0098767 0.00288094 0.0705789 
2003 0 0 0.0405614 0.0675413 0.210486 0.112913 0.0985197 0.0944336 0.0159817 0.0841252 0.0167022 0.0192178 0.00706489 0.0525868 0.0141322 0.0242115 0.0268241 0.0160185 0.0202625 0.0162244 0.0621939 
2004 0 0.0385186 0.0484498 0.0553966 0.0477568 0.201845 0.122018 0.12351 0.111417 0.0186462 0.0406125 0.0175115 0.022275 0.00942229 0.0126804 0.00162327 0.00439953 0.00497203 0.00288518 0.00920577 0.106854 
2005 0 0.0152966 0.114671 0.0972493 0.0941319 0.0482539 0.160748 0.0642489 0.0609695 0.0601959 0.0033232 0.0111884 0.00696465 0.0459407 0.0277718 0.07339 0.0264641 0.0186957 0.00533701 0.00299561 0.062164 
2006 0 0.000607236 0.00229808 0.191605 0.137808 0.154592 0.0813339 0.138686 0.0564827 0.0589327 0.0576627 0.00385626 0.0209072 0.00861778 0.0396473 0.00441137 0.0106367 0.0034697 0.00104595 0.00106485 0.026335 
2007 0 0 8.37122e-005 0.00221871 0.0252772 0.0206733 0.0242893 0.00606546 0.0170473 0.00618807 0.00489219 0.00484854 0.000169164 0.00192107 0.00240987 0.000927566 0 0.000230707 0.00171903 0.00322076 0.877818 
2008 0 0.00255013 0.0371525 0.0035225 0.0329481 0.32758 0.133969 0.0756775 0.0350362 0.0850633 0.0403016 0.0538311 0.0421108 0.00143778 0.00143778 0.00287556 0.000718889 0 0.0300434 0.0121786 0.0815646 
2009 0 0.0589625 0.0332492 0.0949725 0.0139722 0.0162205 0.188002 0.0671029 0.0813847 0.0288775 0.0745343 0.0586001 0.0702903 0.0818867 0.00768371 0.0241478 0.00513363 0.00293266 0 0.0284107 0.0636359 
2010 0 0.0109495 0.0376718 0.0649371 0.176303 0.0384799 0.0308281 0.207874 0.0500678 0.083558 0.0301686 0.0584978 0.0454196 0.0216413 0.0113891 0 0.00210069 0.0121536 0.0288986 0 0.0890616 
2011 0 0.036139 0.0271362 0.138635 0.131355 0.11133 0.0302187 0.0208882 0.154565 0.0516814 0.0508357 0.0133436 0.0467397 0.0274216 0.0259567 0.0467998 0.00299174 0.0255229 0.0220853 0.012677 0.0236773 
2012 0 0.037936 0.0576603 0.0228706 0.150611 0.102969 0.0887017 0.0123146 0.0304314 0.105985 0.0444995 0.0522096 0.0229801 0.0710586 0.0401124 0.0366095 0.0283752 0.00202988 0.00868963 0.018279 0.0656766 
2013 0 0.0059473 0.0987554 0.120065 0.0392032 0.101633 0.0606512 0.0714207 0.0253475 0.0534777 0.195567 0.0394063 0.0428733 0.0084996 0.0388395 0.0198369 0.0288706 0.0072584 0.00207867 0.0224302 0.0178377 
end_table
table error_values
1990 0 0 0 0 0 0 0 0 0 0 0 0 0 0 0 0 0 0 0 0 0 
1991 0 0 0 0 0 0 0 0 0 0 0 0 0 0 0 0 0 0 0 0 0 
1992 0 0 0 0 0 0 0 0 0 0 0 0 0 0 0 0 0 0 0 0 0 
1993 0 0 0 0 0 0 0 0 0 0 0 0 0 0 0 0 0 0 0 0 0 
1994 0 0 0 0 0 0 0 0 0 0 0 0 0 0 0 0 0 0 0 0 0 
1995 0 0 0 0 0 0 0 0 0 0 0 0 0 0 0 0 0 0 0 0 0 
1996 0 0 0 0 0 0 0 0 0 0 0 0 0 0 0 0 0 0 0 0 0 
1997 0 0 0 0 0 0 0 0 0 0 0 0 0 0 0 0 0 0 0 0 0 
1998 0 0 0 0 0 0 0 0 0 0 0 0 0 0 0 0 0 0 0 0 0 
1999 0 0 0 0 0 0 0 0 0 0 0 0 0 0 0 0 0 0 0 0 0 
2000 0 0 0 0 0 0 0 0 0 0 0 0 0 0 0 0 0 0 0 0 0 
2001 0 0 0 0 0 0 0 0 0 0 0 0 0 0 0 0 0 0 0 0 0 
2002 0 0 0 0 0 0 0 0 0 0 0 0 0 0 0 0 0 0 0 0 0 
2003 0 0 0 0 0 0 0 0 0 0 0 0 0 0 0 0 0 0 0 0 0 
2004 0 0 0 0 0 0 0 0 0 0 0 0 0 0 0 0 0 0 0 0 0 
2005 0 0 0 0 0 0 0 0 0 0 0 0 0 0 0 0 0 0 0 0 0 
2006 0 0 0 0 0 0 0 0 0 0 0 0 0 0 0 0 0 0 0 0 0 
2007 0 0 0 0 0 0 0 0 0 0 0 0 0 0 0 0 0 0 0 0 0 
2008 0 0 0 0 0 0 0 0 0 0 0 0 0 0 0 0 0 0 0 0 0 
2009 0 0 0 0 0 0 0 0 0 0 0 0 0 0 0 0 0 0 0 0 0 
2010 0 0 0 0 0 0 0 0 0 0 0 0 0 0 0 0 0 0 0 0 0 
2011 0 0 0 0 0 0 0 0 0 0 0 0 0 0 0 0 0 0 0 0 0 
2012 0 0 0 0 0 0 0 0 0 0 0 0 0 0 0 0 0 0 0 0 0 
2013 0 0 0 0 0 0 0 0 0 0 0 0 0 0 0 0 0 0 0 0 0 
end_table

