@observation EN_age_sample_sim
age_samples_per_cluster 10 
ageing_error age_error 
average_cluster_weight 6 
cluster_cv 0.6 
cluster_sigma 1.1 
fishery_label Fishing_LL 
layer_of_stratum_definitions area_definition 
max_age 20 
min_age 0 
process_label fishing 
strata_to_include EN 
type mortality_event_biomass_age_clusters 
years 1990 1991 1992 1993 1994 1995 1996 1997 1998 1999 2000 2001 2002 2003 2004 2005 2006 2007 2008 2009 2010 2011 2012 2013 
table obs
1990 0 0.0305171 0.022411 0.0534149 0.0764083 0.0731336 0.0717431 0.0830324 0.0886136 0.0473144 0.0525848 0.0560521 0.0436973 0.0193775 0.0167909 0.00603377 0.0289801 0.0331804 0.0431277 0.0243081 0.129279 
1991 0 0.0403338 0.0384896 0.0495573 0.0890836 0.112862 0.0704567 0.0594899 0.0611784 0.0384995 0.0174469 0.00520208 0.0057656 0.0358504 0.0397514 0.028668 0.0474949 0.0326358 0.0406565 0.0263622 0.160216 
1992 0 0.00306661 0.070011 0.0807058 0.116616 0.117657 0.0846091 0.0638759 0.0689019 0.0233469 0.0257263 0.0355895 0.0195374 0.0274714 0.0195188 0.0177163 0.0138551 0.0295335 0.0246575 0.0110602 0.146544 
1993 0 0.019217 0.0141449 0.261238 0.0756105 0.0606293 0.0519567 0.0554585 0.0769822 0.0373211 0.0423738 0.039044 0.0214267 0.0135684 0.0178075 0.0131847 0.0118534 0.0334355 0.0287987 0.0122127 0.113737 
1994 0 0.0507636 0.0447181 0.0328918 0.253561 0.124305 0.100324 0.0637455 0.0331577 0.0380324 0.0327194 0.0318462 0.0434969 0.0314712 0.0235109 0.00739981 0.00907291 0.011161 0.0133219 0.00601823 0.048482 
1995 0 0.00743639 0.0277442 0.0754623 0.0316136 0.226608 0.0707721 0.0960769 0.0593794 0.0636673 0.0453535 0.0338347 0.0191098 0.0142975 0.0282129 0.0212156 0.00718904 0.0215281 0.0168839 0 0.133615 
1996 0 0.00354682 0.0339208 0.0289131 0.104341 0.0196466 0.312365 0.0404578 0.0526071 0.0615686 0.0517292 0.0305748 0.0351669 0.0364477 0.0225944 0.013401 0.0219057 0.0209502 0.0131505 0.0088024 0.0879108 
1997 0 0.0120299 0.0100228 0.0654413 0.0983648 0.0881495 0.0478185 0.177443 0.0477092 0.035044 0.0214591 0.0221176 0.0356638 0.0383677 0.042688 0.0288363 0.0494592 0.0269611 0.0132067 0.0140003 0.125217 
1998 0 0.0393852 0.0155306 0.0354536 0.113311 0.119446 0.118039 0.0369583 0.227484 0.0446471 0.0250857 0.0177102 0.0132088 0.011128 0.0143343 0.00835005 0.0115996 0.0195878 0.0222581 0.0121508 0.0943306 
1999 0 0.0107936 0.0401202 0.155431 0.0269539 0.0927546 0.0996948 0.0718284 0.0304614 0.143001 0.0346233 0.0185844 0.0312622 0.0366761 0.0213711 0.00591595 0.00722123 0.00790802 0.0171538 0.00913964 0.139105 
2000 0 0.0168325 0.0514162 0.0995183 0.226836 0.0356507 0.112992 0.0770937 0.0565368 0.0149208 0.130904 0.0232641 0.00865589 0.0186488 0.0058598 0.00482547 0.0069195 0.0118759 0.0223247 0.0159673 0.0589569 
2001 0 0 0.0709551 0.122242 0.158142 0.157684 0.00469774 0.0452596 0.0752933 0.0606306 0.0140154 0.131225 0.02765 0.0309983 0.0255217 0.0162385 0.00571924 0.00653906 0.00659091 0.00406271 0.0365361 
2002 0 0.0127693 0.0208824 0.171467 0.17055 0.165555 0.209276 0.0218395 0.0310827 0.0406931 0.0561278 0.00617411 0.0483179 0.00239131 0.00317473 0.00270298 0.00306073 0.00340713 0.00382671 0.0042463 0.0224561 
2003 0 0 0.0468114 0.0410184 0.164685 0.127304 0.187616 0.174448 0.0205203 0.0733977 0.0249092 0.0318001 0.00209723 0.046735 0.0024732 0.000446446 0.0116686 0.00694004 0.00835008 0.00153694 0.0272421 
2004 0 0.0299416 0.0368819 0.091499 0.0538692 0.174916 0.0857502 0.0758282 0.102586 0.0146549 0.071346 0.0519447 0.0247332 0.0138653 0.0578405 0.0201454 0.0146767 0.0043478 0.00775001 0.0156868 0.0517363 
2005 0 0 0.0808742 0.0711841 0.166559 0.0644284 0.212623 0.0809946 0.0593779 0.0500692 0.0152982 0.0239763 0.023974 0.0299229 0.00736168 0.00767551 0.0133801 0.00710868 0.0135781 0.00947582 0.0621385 
2006 0 0.00522842 0.00480249 0.154972 0.133987 0.15382 0.0766464 0.134037 0.0393636 0.058588 0.0705043 0.00851294 0.0307471 0.0313434 0.0241853 0.00644028 0.0437889 0.00835643 0.0113494 0.00332722 0 
2007 0 0 0 0.000256397 0.0399456 0.0205203 0.036992 0.0119478 0.0196496 0.00327879 0.00384122 0.00683308 0.00158372 0.00509091 0.00323566 0.00708015 0.000263474 0.00200558 0.00135497 0.000180816 0.83594 
2008 0 0.00292394 0.00999908 0.00385266 0.0114991 0.0991489 0.709343 0.0356187 0.0118857 0.0282896 0.0174438 0.013568 0.0150396 0.00314343 0.0123274 0.0032193 0.00482429 0.00116519 0.00588603 0.00146451 0.00935761 
2009 0 0.0494106 0.065828 0.119161 0.0203676 0.0524681 0.24283 0.0832246 0.0826149 0.0424476 0.0606834 0.0387533 0.0302836 0.0217247 0.00338652 0.00473407 0 0 0.000999081 0.0419799 0.0391027 
2010 0 0.0204728 0.0775817 0.0820353 0.0788677 0.0238161 0.0340525 0.1829 0.0480176 0.108726 0.0257868 0.0467075 0.0484885 0.0451085 0.0574647 0.00794446 0.0234409 0.00294141 0.0195896 0.00363216 0.062426 
2011 0 0.0194982 0.0240347 0.112596 0.0645785 0.0463777 0.036922 0.0277643 0.29594 0.107847 0.0618257 0.00425104 0.0440811 0.0281936 0.0323711 0.0248502 0.00693009 0.0148342 0.0111173 0.00144288 0.0345443 
2012 0 0.0476716 0.0653815 0.0242685 0.13138 0.0750413 0.0796267 0.0421261 0.0650857 0.179298 0.0399692 0.0350526 0.00638638 0.0377198 0.0277705 0.0319565 0.0298812 0.000648382 0.00764633 0.00592923 0.0671612 
2013 0 0.00676299 0.0951248 0.113019 0.0428022 0.188751 0.0359483 0.0993391 0.019892 0.0389586 0.162462 0.0551762 0.0374357 0.0113898 0.0158773 0.0110435 0.00404327 0.00125805 0.00635408 0.0153592 0.0390034 
end_table
table error_values
1990 0 0 0 0 0 0 0 0 0 0 0 0 0 0 0 0 0 0 0 0 0 
1991 0 0 0 0 0 0 0 0 0 0 0 0 0 0 0 0 0 0 0 0 0 
1992 0 0 0 0 0 0 0 0 0 0 0 0 0 0 0 0 0 0 0 0 0 
1993 0 0 0 0 0 0 0 0 0 0 0 0 0 0 0 0 0 0 0 0 0 
1994 0 0 0 0 0 0 0 0 0 0 0 0 0 0 0 0 0 0 0 0 0 
1995 0 0 0 0 0 0 0 0 0 0 0 0 0 0 0 0 0 0 0 0 0 
1996 0 0 0 0 0 0 0 0 0 0 0 0 0 0 0 0 0 0 0 0 0 
1997 0 0 0 0 0 0 0 0 0 0 0 0 0 0 0 0 0 0 0 0 0 
1998 0 0 0 0 0 0 0 0 0 0 0 0 0 0 0 0 0 0 0 0 0 
1999 0 0 0 0 0 0 0 0 0 0 0 0 0 0 0 0 0 0 0 0 0 
2000 0 0 0 0 0 0 0 0 0 0 0 0 0 0 0 0 0 0 0 0 0 
2001 0 0 0 0 0 0 0 0 0 0 0 0 0 0 0 0 0 0 0 0 0 
2002 0 0 0 0 0 0 0 0 0 0 0 0 0 0 0 0 0 0 0 0 0 
2003 0 0 0 0 0 0 0 0 0 0 0 0 0 0 0 0 0 0 0 0 0 
2004 0 0 0 0 0 0 0 0 0 0 0 0 0 0 0 0 0 0 0 0 0 
2005 0 0 0 0 0 0 0 0 0 0 0 0 0 0 0 0 0 0 0 0 0 
2006 0 0 0 0 0 0 0 0 0 0 0 0 0 0 0 0 0 0 0 0 0 
2007 0 0 0 0 0 0 0 0 0 0 0 0 0 0 0 0 0 0 0 0 0 
2008 0 0 0 0 0 0 0 0 0 0 0 0 0 0 0 0 0 0 0 0 0 
2009 0 0 0 0 0 0 0 0 0 0 0 0 0 0 0 0 0 0 0 0 0 
2010 0 0 0 0 0 0 0 0 0 0 0 0 0 0 0 0 0 0 0 0 0 
2011 0 0 0 0 0 0 0 0 0 0 0 0 0 0 0 0 0 0 0 0 0 
2012 0 0 0 0 0 0 0 0 0 0 0 0 0 0 0 0 0 0 0 0 0 
2013 0 0 0 0 0 0 0 0 0 0 0 0 0 0 0 0 0 0 0 0 0 
end_table

