@observation EN_age_sample_sim
age_samples_per_cluster 10 
ageing_error age_error 
average_cluster_weight 6 
cluster_cv 0.6 
cluster_sigma 1.1 
fishery_label Fishing_LL 
layer_of_stratum_definitions area_definition 
max_age 20 
min_age 0 
process_label fishing 
strata_to_include EN 
type mortality_event_biomass_age_clusters 
years 1990 1991 1992 1993 1994 1995 1996 1997 1998 1999 2000 2001 2002 2003 2004 2005 2006 2007 2008 2009 2010 2011 2012 2013 
table obs
1990 0 0.0108156 0.0310359 0.0563353 0.135415 0.1082 0.0708991 0.0593962 0.0568612 0.0649163 0.0378479 0.029085 0.0519328 0.0270983 0.0239203 0.0525133 0.0375383 0.0313491 0.0177605 0.0189565 0.0781233 
1991 0 0.0195736 0.017918 0.0353891 0.0579575 0.083116 0.107009 0.0920031 0.0665293 0.0501626 0.0424425 0.0662901 0.0457198 0.0602135 0.0447916 0.0259978 0.0126649 0.0126077 0.0227384 0.0263685 0.110507 
1992 0 0.0112488 0.0952626 0.0724889 0.118535 0.114673 0.107417 0.0484237 0.064431 0.0340436 0.0437216 0.0385825 0.0453364 0.0516083 0.0205194 0.0129746 0.0205308 0.00623405 0.0064593 0.0105985 0.0769098 
1993 0 0.00128381 0.00817509 0.216284 0.126273 0.0803763 0.0493039 0.05211 0.0381652 0.0295781 0.0310114 0.0248136 0.0452763 0.0437001 0.0516853 0.0225479 0.014538 0.0192667 0.0251916 0.0130612 0.107359 
1994 0 0.0175538 0.033672 0.0253503 0.220461 0.0988398 0.057885 0.0639935 0.0650543 0.0242594 0.0371659 0.0420691 0.0222792 0.0361082 0.0282759 0.0465762 0.027592 0.0105868 0.0183461 0.0183404 0.105591 
1995 0 0.00380867 0.0245211 0.0494495 0.0149021 0.23991 0.102207 0.0560297 0.036981 0.0561814 0.0624094 0.0495091 0.0456266 0.0290283 0.0182589 0.011734 0.022309 0.0167967 0.0333429 0.0249866 0.102008 
1996 0 0 0.0168797 0.084855 0.0858435 0.0308839 0.252715 0.0555816 0.0893436 0.0618301 0.0574012 0.0436415 0.0200031 0.0295105 0.0195836 0.0130699 0.00911492 0.0140304 0.00953528 0.0138259 0.0923512 
1997 0 0.00464246 0.0139959 0.0868401 0.125536 0.116849 0.0325923 0.161156 0.0452149 0.0533198 0.0286419 0.0175628 0.0247022 0.0397336 0.0330305 0.0428227 0.0201658 0.0023337 0.0111735 0.00891628 0.13077 
1998 0 0 0.0213516 0.0203497 0.219881 0.146787 0.0938254 0.0471336 0.242217 0.0458333 0.0445883 0.0185794 0.0112562 0.00277728 0.0201143 0.00401018 0.00186334 0 0 0.00104111 0.0583909 
1999 0 0.000989767 0.0555241 0.135741 0.0436945 0.129984 0.0903345 0.106015 0.0109242 0.164561 0.0280524 0.0189041 0.00980605 0.0147159 0.0157421 0.0198768 0.0170422 0.00847879 0.0182149 0.0197622 0.0916365 
2000 0 0.0318998 0.0333742 0.0890693 0.195749 0.0208646 0.0659602 0.0652008 0.0563643 0.0315194 0.173011 0.0558726 0.0373043 0.00529069 0.00681248 0.0180023 0.0167991 0.0179851 0.00533614 0 0.0735853 
2001 0 0.00210469 0.0252993 0.101203 0.152964 0.261587 0.0217123 0.0384739 0.0354345 0.0353533 0.00948645 0.0757695 0.00976412 0.0212835 0.0204268 0.0331226 0.0040379 0.0114007 0.00807944 0.00807944 0.124418 
2002 0 0.0132728 0.0261084 0.162366 0.157302 0.173267 0.156985 0.0099311 0.076194 0.0403641 0.0360448 0.00119764 0.0469505 0.0147106 0.0125417 0.00744103 0.0207073 0.00647761 0.0113959 0.0119959 0.0147466 
2003 0 0.0126124 0.053124 0.0532318 0.189359 0.146236 0.152286 0.137542 0.00971157 0.0386894 0.0399729 0.0471263 0.0174056 0.0355391 0.00536359 0.0107996 0.00616209 0.00837577 0.00573608 0 0.030727 
2004 0 0.0228754 0.0329413 0.0647268 0.0633857 0.195296 0.116122 0.0971556 0.0978768 0.0185694 0.0505038 0.0254793 0.0511669 0.0185979 0.0782024 0.0264028 0.00631467 0.00156166 0.00649343 0.00493177 0.0213955 
2005 0 0 0.0874344 0.0899603 0.149035 0.0304279 0.140357 0.0947638 0.0854664 0.0964987 0.00365381 0.0252718 0.0220409 0.00962529 0.00190326 0.0279881 0.014501 0.00242525 0.00229733 0.00698799 0.109362 
2006 0 0 0.0229671 0.178196 0.0909152 0.0877374 0.070277 0.18125 0.0771153 0.0585715 0.0818221 0.0039768 0.0289531 0.00567101 0.0178223 0.00792631 0.0505429 0.00207437 0.010094 0.0113211 0.0127664 
2007 0 0.00272954 0.000545907 0.0045756 0.0591622 0.0267038 0.0391089 0.00380648 0.0173121 0.0114427 0.00969237 0.0133408 0.000396442 0.00132789 0.00060325 0.000521871 0.00016062 0.000803101 0.00156614 0.00180324 0.804397 
2008 0 0.00390346 0.0116858 0.0049142 0.0150678 0.377843 0.102258 0.144863 0.0526434 0.0692236 0.0423701 0.0499142 0.0325169 0.00851254 0.0151344 0.0189617 0.0023686 0.00318893 0.0162099 0.00848999 0.0199302 
2009 0 0.00248884 0.0156574 0.0463884 0.0121076 0.0291673 0.164395 0.0938816 0.128475 0.0273058 0.0852153 0.0660236 0.0427211 0.0397968 0.0190513 0.00522445 0.00667624 0.0245194 0.00371628 0.0948365 0.0923523 
2010 0 0.000356624 0.065073 0.101812 0.13366 0.0103633 0.0332686 0.207513 0.0749749 0.1321 0.0414596 0.0609045 0.0251211 0.0401841 0.02786 0.00163772 0.00262866 0.00213319 0.000990936 0 0.0379585 
2011 0 0.026486 0.032175 0.149058 0.125186 0.141201 0.0189046 0.031421 0.144268 0.0783708 0.0572464 0.00740786 0.0406723 0.0181458 0.0126529 0.0136879 0.00616521 0.0262736 0.00845531 0.0142819 0.0479409 
2012 0 0.0272799 0.0690977 0.0109274 0.143367 0.0731991 0.0761195 0.0124777 0.0270512 0.106015 0.0584566 0.062465 0.0276967 0.0551926 0.0294708 0.0482365 0.055508 0.00706092 0.025163 0.0132999 0.0719157 
2013 0 0 0.103416 0.115745 0.0292716 0.160193 0.078765 0.0770878 0.00985757 0.0137811 0.121132 0.0402805 0.0241501 0.0127783 0.0664588 0.0276112 0.0409423 0.030884 0 0.00457213 0.0430731 
end_table
table error_values
1990 0 0 0 0 0 0 0 0 0 0 0 0 0 0 0 0 0 0 0 0 0 
1991 0 0 0 0 0 0 0 0 0 0 0 0 0 0 0 0 0 0 0 0 0 
1992 0 0 0 0 0 0 0 0 0 0 0 0 0 0 0 0 0 0 0 0 0 
1993 0 0 0 0 0 0 0 0 0 0 0 0 0 0 0 0 0 0 0 0 0 
1994 0 0 0 0 0 0 0 0 0 0 0 0 0 0 0 0 0 0 0 0 0 
1995 0 0 0 0 0 0 0 0 0 0 0 0 0 0 0 0 0 0 0 0 0 
1996 0 0 0 0 0 0 0 0 0 0 0 0 0 0 0 0 0 0 0 0 0 
1997 0 0 0 0 0 0 0 0 0 0 0 0 0 0 0 0 0 0 0 0 0 
1998 0 0 0 0 0 0 0 0 0 0 0 0 0 0 0 0 0 0 0 0 0 
1999 0 0 0 0 0 0 0 0 0 0 0 0 0 0 0 0 0 0 0 0 0 
2000 0 0 0 0 0 0 0 0 0 0 0 0 0 0 0 0 0 0 0 0 0 
2001 0 0 0 0 0 0 0 0 0 0 0 0 0 0 0 0 0 0 0 0 0 
2002 0 0 0 0 0 0 0 0 0 0 0 0 0 0 0 0 0 0 0 0 0 
2003 0 0 0 0 0 0 0 0 0 0 0 0 0 0 0 0 0 0 0 0 0 
2004 0 0 0 0 0 0 0 0 0 0 0 0 0 0 0 0 0 0 0 0 0 
2005 0 0 0 0 0 0 0 0 0 0 0 0 0 0 0 0 0 0 0 0 0 
2006 0 0 0 0 0 0 0 0 0 0 0 0 0 0 0 0 0 0 0 0 0 
2007 0 0 0 0 0 0 0 0 0 0 0 0 0 0 0 0 0 0 0 0 0 
2008 0 0 0 0 0 0 0 0 0 0 0 0 0 0 0 0 0 0 0 0 0 
2009 0 0 0 0 0 0 0 0 0 0 0 0 0 0 0 0 0 0 0 0 0 
2010 0 0 0 0 0 0 0 0 0 0 0 0 0 0 0 0 0 0 0 0 0 
2011 0 0 0 0 0 0 0 0 0 0 0 0 0 0 0 0 0 0 0 0 0 
2012 0 0 0 0 0 0 0 0 0 0 0 0 0 0 0 0 0 0 0 0 0 
2013 0 0 0 0 0 0 0 0 0 0 0 0 0 0 0 0 0 0 0 0 0 
end_table

