@observation EN_age_sample_sim
age_samples_per_cluster 10 
ageing_error age_error 
average_cluster_weight 6 
cluster_cv 0.6 
cluster_sigma 1.1 
fishery_label Fishing_LL 
layer_of_stratum_definitions area_definition 
process_label fishing 
strata_to_include EN 
type mortality_event_biomass_age_clusters 
years 1990 1991 1992 1993 1994 1995 1996 1997 1998 1999 2000 2001 2002 2003 2004 2005 2006 2007 2008 2009 2010 2011 2012 2013 
table obs
1990 0.0354608 0.0354608 0.0661649 0.266108 0.151508 0.233364 0.147636 0.0401863 0.00803726 0.0160745 0 0 0 0 0 0 0 0 0 0 0 0 0 0 0 0 0 0 0 0 
1991 0 0 0 0 0 0 0.0501086 0.0668114 0.142064 0.144878 0 0.0724388 0.0559777 0.111955 0.0839666 0 0 0 0 0 0.0906 0.0302 0.1208 0.0302 0 0 0 0 0 0 
1992 0 0 0.0352864 0.105459 0.0878156 0.034886 0.11149 0.14296 0.11149 0.0731883 0.0383022 0.0766044 0 0.0202796 0.0405593 0.121678 0 0 0 0 0 0 0 0 0 0 0 0 0 0 
1993 0 0 0 0.104542 0.06356 0.068161 0.163501 0.104542 0.072762 0.0987297 0.23384 0 0 0 0 0 0 0.0200804 0.0602412 0 0.0100402 0 0 0 0 0 0 0 0 0 
1994 0.399272 0.102904 0 0.115692 0.256891 0.0513782 0.0328279 0.0410348 0 0 0 0 0 0 0 0 0 0 0 0 0 0 0 0 0 0 0 0 0 0 
1995 0.324286 0.0767831 0.0383916 0.174921 0 0 0 0 0.0288318 0.0576637 0.0140147 0.0280294 0.0700736 0.0716784 0.0864955 0.0288318 0 0 0 0 0 0 0 0 0 0 0 0 0 0 
1996 0 0.0294794 0.103178 0.0564821 0.10372 0.0071874 0.176311 0.232632 0.218257 0.0727524 0 0 0 0 0 0 0 0 0 0 0 0 0 0 0 0 0 0 0 0 
1997 0.107147 0.193243 0.121006 0.401686 0.0707673 0.106151 0 0 0 0 0 0 0 0 0 0 0 0 0 0 0 0 0 0 0 0 0 0 0 0 
1998 0.324326 0.421288 0.159251 0.0231561 0.0603999 0.0115781 0 0 0 0 0 0 0 0 0 0 0 0 0 0 0 0 0 0 0 0 0 0 0 0 
1999 0.0468528 0.208316 0.0121335 0.0225859 0.0408451 0.247434 0.34544 0.0763918 0 0 0 0 0 0 0 0 0 0 0 0 0 0 0 0 0 0 0 0 0 0 
2000 0.18157 0.0907851 0.264479 0.0641508 0 0.0992601 0.02836 0.0603099 0.0301549 0 0.0603099 0.0904648 0.0301549 0 0 0 0 0 0 0 0 0 0 0 0 0 0 0 0 0 
2001 0.323555 0.264331 0.15822 0 0.134303 0 0 0 0 0 0 0.0531519 0.0398639 0.0265759 0 0 0 0 0 0 0 0 0 0 0 0 0 0 0 0 
2002 0.467716 0.29522 0.237065 0 0 0 0 0 0 0 0 0 0 0 0 0 0 0 0 0 0 0 0 0 0 0 0 0 0 0 
2003 0.614595 0.127691 0.229512 0.0282019 0 0 0 0 0 0 0 0 0 0 0 0 0 0 0 0 0 0 0 0 0 0 0 0 0 0 
2004 0 0.08086 0.118293 0.471548 0.168316 0.0349728 0.084007 0.0210018 0.0210018 0 0 0 0 0 0 0 0 0 0 0 0 0 0 0 0 0 0 0 0 0 
2005 0 0.0725488 0.175262 0.211335 0.329817 0.13058 0 0.0804579 0 0 0 0 0 0 0 0 0 0 0 0 0 0 0 0 0 0 0 0 0 0 
2006 0.245743 0.278976 0.188222 0.129884 0.0766269 0.0805485 0 0 0 0 0 0 0 0 0 0 0 0 0 0 0 0 0 0 0 0 0 0 0 0 
2007 0 0.113109 0 0.492013 0.268036 0.0630549 0.0255149 0.0382724 0 0 0 0 0 0 0 0 0 0 0 0 0 0 0 0 0 0 0 0 0 0 
2008 0.165092 0.0238114 0 0.0476228 0.138194 0.295097 0.0616572 0.206868 0.0616572 0 0 0 0 0 0 0 0 0 0 0 0 0 0 0 0 0 0 0 0 0 
2009 0 0.766553 0.0185676 0.144134 0 0.0707453 0 0 0 0 0 0 0 0 0 0 0 0 0 0 0 0 0 0 0 0 0 0 0 0 
2010 0.147567 0.0295135 0.314718 0.0643009 0.144115 0 0 0.299785 0 0 0 0 0 0 0 0 0 0 0 0 0 0 0 0 0 0 0 0 0 0 
2011 0.0194279 0.0342245 0.0536925 0.813019 0.0277485 0.0518881 0 0 0 0 0 0 0 0 0 0 0 0 0 0 0 0 0 0 0 0 0 0 0 0 
2012 0.0343743 0.152956 0.0478444 0.111148 0.313415 0.109122 0.0577849 0 0.0577849 0.11557 0 0 0 0 0 0 0 0 0 0 0 0 0 0 0 0 0 0 0 0 
2013 0.0756616 0.21209 0.189451 0 0 0.522797 0 0 0 0 0 0 0 0 0 0 0 0 0 0 0 0 0 0 0 0 0 0 0 0 
end_table
table error_values
1990 0 0 0 0 0 0 0 0 0 0 0 0 0 0 0 0 0 0 0 0 0 0 0 0 0 0 0 0 0 0 
1991 0 0 0 0 0 0 0 0 0 0 0 0 0 0 0 0 0 0 0 0 0 0 0 0 0 0 0 0 0 0 
1992 0 0 0 0 0 0 0 0 0 0 0 0 0 0 0 0 0 0 0 0 0 0 0 0 0 0 0 0 0 0 
1993 0 0 0 0 0 0 0 0 0 0 0 0 0 0 0 0 0 0 0 0 0 0 0 0 0 0 0 0 0 0 
1994 0 0 0 0 0 0 0 0 0 0 0 0 0 0 0 0 0 0 0 0 0 0 0 0 0 0 0 0 0 0 
1995 0 0 0 0 0 0 0 0 0 0 0 0 0 0 0 0 0 0 0 0 0 0 0 0 0 0 0 0 0 0 
1996 0 0 0 0 0 0 0 0 0 0 0 0 0 0 0 0 0 0 0 0 0 0 0 0 0 0 0 0 0 0 
1997 0 0 0 0 0 0 0 0 0 0 0 0 0 0 0 0 0 0 0 0 0 0 0 0 0 0 0 0 0 0 
1998 0 0 0 0 0 0 0 0 0 0 0 0 0 0 0 0 0 0 0 0 0 0 0 0 0 0 0 0 0 0 
1999 0 0 0 0 0 0 0 0 0 0 0 0 0 0 0 0 0 0 0 0 0 0 0 0 0 0 0 0 0 0 
2000 0 0 0 0 0 0 0 0 0 0 0 0 0 0 0 0 0 0 0 0 0 0 0 0 0 0 0 0 0 0 
2001 0 0 0 0 0 0 0 0 0 0 0 0 0 0 0 0 0 0 0 0 0 0 0 0 0 0 0 0 0 0 
2002 0 0 0 0 0 0 0 0 0 0 0 0 0 0 0 0 0 0 0 0 0 0 0 0 0 0 0 0 0 0 
2003 0 0 0 0 0 0 0 0 0 0 0 0 0 0 0 0 0 0 0 0 0 0 0 0 0 0 0 0 0 0 
2004 0 0 0 0 0 0 0 0 0 0 0 0 0 0 0 0 0 0 0 0 0 0 0 0 0 0 0 0 0 0 
2005 0 0 0 0 0 0 0 0 0 0 0 0 0 0 0 0 0 0 0 0 0 0 0 0 0 0 0 0 0 0 
2006 0 0 0 0 0 0 0 0 0 0 0 0 0 0 0 0 0 0 0 0 0 0 0 0 0 0 0 0 0 0 
2007 0 0 0 0 0 0 0 0 0 0 0 0 0 0 0 0 0 0 0 0 0 0 0 0 0 0 0 0 0 0 
2008 0 0 0 0 0 0 0 0 0 0 0 0 0 0 0 0 0 0 0 0 0 0 0 0 0 0 0 0 0 0 
2009 0 0 0 0 0 0 0 0 0 0 0 0 0 0 0 0 0 0 0 0 0 0 0 0 0 0 0 0 0 0 
2010 0 0 0 0 0 0 0 0 0 0 0 0 0 0 0 0 0 0 0 0 0 0 0 0 0 0 0 0 0 0 
2011 0 0 0 0 0 0 0 0 0 0 0 0 0 0 0 0 0 0 0 0 0 0 0 0 0 0 0 0 0 0 
2012 0 0 0 0 0 0 0 0 0 0 0 0 0 0 0 0 0 0 0 0 0 0 0 0 0 0 0 0 0 0 
2013 0 0 0 0 0 0 0 0 0 0 0 0 0 0 0 0 0 0 0 0 0 0 0 0 0 0 0 0 0 0 
end_table

