@observation EN_age_sample_sim
age_samples_per_cluster 10 
ageing_error age_error 
average_cluster_weight 6 
cluster_cv 0.6 
cluster_sigma 1.1 
fishery_label Fishing_LL 
layer_of_stratum_definitions area_definition 
max_age 20 
min_age 0 
process_label fishing 
strata_to_include EN 
type mortality_event_biomass_age_clusters 
years 1990 1991 1992 1993 1994 1995 1996 1997 1998 1999 2000 2001 2002 2003 2004 2005 2006 2007 2008 2009 2010 2011 2012 2013 
table obs
1990 0 0.0027358 0.0123713 0.0750285 0.0799289 0.111126 0.0908178 0.0739104 0.0869216 0.0651033 0.0338838 0.0460622 0.0503345 0.0280304 0.027725 0.0117291 0.0224925 0.0466379 0.0302107 0.0155546 0.0893963 
1991 0 0.00798241 0.0178736 0.0378276 0.0815326 0.0646146 0.0959531 0.0853161 0.0367269 0.0615909 0.050873 0.0634447 0.0432164 0.0318963 0.0282999 0.030893 0.0209128 0.0272639 0.0293196 0.0312885 0.153174 
1992 0 0 0.0701724 0.0785101 0.108785 0.0883245 0.0550058 0.0515631 0.0681519 0.0862025 0.0633713 0.0782326 0.0400816 0.037688 0.0171522 0.0226388 0.0180539 0.0166932 0.0168404 0.0135674 0.0689651 
1993 0 0 0.00522866 0.174349 0.066836 0.0747649 0.0750343 0.054233 0.0540986 0.0423499 0.0504817 0.0780011 0.0738785 0.0616787 0.044266 0.0300944 0.0247185 0.025586 0.013807 0.0109362 0.039658 
1994 0 0 0.00458638 0.0192519 0.265096 0.0586709 0.10026 0.0655755 0.0448914 0.0375495 0.0406654 0.0519101 0.0571904 0.0280392 0.031081 0.0461178 0.0258368 0.00666355 0.0047595 0.00445919 0.107396 
1995 0 0.00289744 0.0107655 0.148739 0.0768126 0.26743 0.0661625 0.0658377 0.0756802 0.0350077 0.0442337 0.0434087 0.0106313 0.0279677 0.0208528 0.0179294 0.0148012 0.0137164 0.015578 0.00779234 0.0337569 
1996 0 0 0.0234397 0.0747055 0.0739234 0.0224716 0.32743 0.0534593 0.0578671 0.0478318 0.0654064 0.0422877 0.016816 0.0103664 0.015068 0.00867496 0.031689 0.0239472 0.0105154 0.0173269 0.0767733 
1997 0 0.0215619 0.00411739 0.0461028 0.0466647 0.0739848 0.0248766 0.238103 0.0613109 0.0453885 0.0346526 0.0487772 0.0352779 0.0442742 0.03183 0.022202 0.0211523 0.0244973 0.012551 0.00914165 0.153533 
1998 0 0.0171678 0.0640258 0.0295791 0.13154 0.0783256 0.0974473 0.0190511 0.174061 0.0549329 0.0517849 0.0226063 0.0365488 0.0437028 0.0392014 0.0246679 0.0137364 0.0161545 0.00761964 0.00488373 0.072963 
1999 0 0.00568691 0.0387408 0.18105 0.033968 0.0786284 0.062302 0.0536124 0.0440368 0.183812 0.0447407 0.0298931 0.0305928 0.0285685 0.0233902 0.0290716 0.0233138 0.016308 0.0114839 0.00557723 0.0752231 
2000 0 0.0194174 0.0708559 0.115595 0.22334 0.0437861 0.160674 0.0682116 0.042998 0.017303 0.0731708 0.048608 0.027274 0.0193036 0.0127239 0.00574493 0.00159228 0.00318455 0.00440999 0.00440999 0.0373973 
2001 0 0.00132847 0.0373951 0.0709552 0.115198 0.241559 0.0259823 0.0995618 0.0674666 0.0566347 0.0130551 0.112433 0.0124119 0.00840364 0.0152322 0.0122649 0.00846082 0.0165824 0.00255086 0.00617208 0.0763509 
2002 0 0 0.00624592 0.148081 0.177209 0.130171 0.117959 0.0154197 0.0601125 0.0483831 0.0471011 0.00552637 0.0947259 0.0238646 0.0125275 0.00117126 0.00234252 0 0.000628643 0.00362255 0.104908 
2003 0 0.00458771 0.0460664 0.0248659 0.171138 0.131749 0.154052 0.160409 0.015257 0.0360271 0.0259551 0.0306206 0.00770888 0.0461532 0.0120964 0.00893828 0.0122172 0.0156562 0.00808131 0.00772032 0.0807007 
2004 0 0.0218233 0.0209146 0.0908332 0.067618 0.178263 0.129093 0.124535 0.126096 0.0237258 0.0568404 0.0232907 0.0235491 0.0146998 0.0514336 0.00564249 0.00564249 0.0026125 0.00146333 0 0.031924 
2005 0 0 0.0926135 0.0507082 0.126772 0.0405127 0.139968 0.0727177 0.0807465 0.0962318 0.0027909 0.0708498 0.0617431 0.0457603 0.010457 0.0601426 0.000938978 0.00469489 0.00609559 0.00491798 0.0313375 
2006 0 0.002442 0 0.117392 0.0897573 0.155582 0.0775175 0.120634 0.0639317 0.102073 0.155345 0.00936985 0.0198439 0.00490149 0.0110992 0.00260963 0.00989119 0.0226744 0.00329061 0.00324618 0.0283997 
2007 0 0.00139699 0.000346838 0.0021101 0.0524784 0.0276661 0.0186046 0.0067096 0.0105562 0.00843403 0.0100546 0.0086072 0.00234401 0.00357899 0.00343905 0.00403716 0.000991579 0.0107062 0.00062814 0.000241896 0.827068 
2008 0 0.0145867 0.0331007 0.0220857 0.0510381 0.382785 0.0555283 0.0580189 0.0309935 0.0827518 0.0607631 0.031754 0.0766767 0.00466299 0.0143513 0.005421 0.00577591 0.000873372 0.0153601 0.00902028 0.0444528 
2009 0 0.00250089 0.039441 0.171016 0.0342421 0.0337083 0.147894 0.0677476 0.0679756 0.0518524 0.0999695 0.0920852 0.080961 0.0560998 0.00768934 0.00275956 0.0049725 0.00542828 0 0.00783032 0.025827 
2010 0 0.00255676 0.0839558 0.0692498 0.123039 0.0165954 0.0264565 0.24282 0.0765487 0.0732958 0.0555242 0.0775295 0.0273341 0.0467338 0.0328436 0.00357561 0.012566 0 0.00326395 0 0.0261116 
2011 0 0.0225552 0.00825138 0.203446 0.137186 0.121439 0.0113732 0.0141418 0.123703 0.0407598 0.035607 0.0175012 0.058026 0.0221493 0.0197858 0.0441102 0 0.014117 0.00280482 0.0130661 0.0899769 
2012 0 0.0295103 0.0327782 0.0288917 0.149999 0.0600858 0.0418295 0.0152562 0.0143637 0.127315 0.0795741 0.1132 0.0213332 0.0480189 0.0310611 0.0403951 0.0124122 0.006621 0.030017 0.00961079 0.107728 
2013 0 0 0.0795092 0.148647 0.0263679 0.139848 0.0633092 0.0501332 0.013167 0.025205 0.220865 0.0313323 0.0323902 0.0124256 0.042638 0.0106939 0.0113181 0.0166861 0.00388126 0.00314292 0.0684398 
end_table
table error_values
1990 0 0 0 0 0 0 0 0 0 0 0 0 0 0 0 0 0 0 0 0 0 
1991 0 0 0 0 0 0 0 0 0 0 0 0 0 0 0 0 0 0 0 0 0 
1992 0 0 0 0 0 0 0 0 0 0 0 0 0 0 0 0 0 0 0 0 0 
1993 0 0 0 0 0 0 0 0 0 0 0 0 0 0 0 0 0 0 0 0 0 
1994 0 0 0 0 0 0 0 0 0 0 0 0 0 0 0 0 0 0 0 0 0 
1995 0 0 0 0 0 0 0 0 0 0 0 0 0 0 0 0 0 0 0 0 0 
1996 0 0 0 0 0 0 0 0 0 0 0 0 0 0 0 0 0 0 0 0 0 
1997 0 0 0 0 0 0 0 0 0 0 0 0 0 0 0 0 0 0 0 0 0 
1998 0 0 0 0 0 0 0 0 0 0 0 0 0 0 0 0 0 0 0 0 0 
1999 0 0 0 0 0 0 0 0 0 0 0 0 0 0 0 0 0 0 0 0 0 
2000 0 0 0 0 0 0 0 0 0 0 0 0 0 0 0 0 0 0 0 0 0 
2001 0 0 0 0 0 0 0 0 0 0 0 0 0 0 0 0 0 0 0 0 0 
2002 0 0 0 0 0 0 0 0 0 0 0 0 0 0 0 0 0 0 0 0 0 
2003 0 0 0 0 0 0 0 0 0 0 0 0 0 0 0 0 0 0 0 0 0 
2004 0 0 0 0 0 0 0 0 0 0 0 0 0 0 0 0 0 0 0 0 0 
2005 0 0 0 0 0 0 0 0 0 0 0 0 0 0 0 0 0 0 0 0 0 
2006 0 0 0 0 0 0 0 0 0 0 0 0 0 0 0 0 0 0 0 0 0 
2007 0 0 0 0 0 0 0 0 0 0 0 0 0 0 0 0 0 0 0 0 0 
2008 0 0 0 0 0 0 0 0 0 0 0 0 0 0 0 0 0 0 0 0 0 
2009 0 0 0 0 0 0 0 0 0 0 0 0 0 0 0 0 0 0 0 0 0 
2010 0 0 0 0 0 0 0 0 0 0 0 0 0 0 0 0 0 0 0 0 0 
2011 0 0 0 0 0 0 0 0 0 0 0 0 0 0 0 0 0 0 0 0 0 
2012 0 0 0 0 0 0 0 0 0 0 0 0 0 0 0 0 0 0 0 0 0 
2013 0 0 0 0 0 0 0 0 0 0 0 0 0 0 0 0 0 0 0 0 0 
end_table

