@observation EN_age_sample_sim
age_samples_per_cluster 10 
ageing_error age_error 
average_cluster_weight 6 
cluster_cv 0.6 
cluster_sigma 1.1 
fishery_label Fishing_LL 
layer_of_stratum_definitions area_definition 
max_age 20 
min_age 0 
process_label fishing 
strata_to_include EN 
type mortality_event_biomass_age_clusters 
years 1990 1991 1992 1993 1994 1995 1996 1997 1998 1999 2000 2001 2002 2003 2004 2005 2006 2007 2008 2009 2010 2011 2012 2013 
table obs
1990 0 0.00626169 0.0505665 0.0484759 0.0928342 0.104829 0.0943637 0.0481207 0.0815602 0.0567072 0.0733646 0.0455726 0.0210784 0.0361082 0.0411708 0.0184578 0.0129848 0.0220365 0.0385377 0.02006 0.086909 
1991 0 0.0322295 0.051084 0.0670589 0.110606 0.0697392 0.0960698 0.0384698 0.0368121 0.0613432 0.0516794 0.0474204 0.0505877 0.0259433 0.0178104 0.0192636 0.0268608 0.00360483 0.00812931 0.0111421 0.174146 
1992 0 0.0174448 0.082823 0.0583204 0.0936885 0.0814516 0.125664 0.0579518 0.0425772 0.0683812 0.073242 0.0434275 0.04088 0.0332706 0.0316072 0.0333851 0.0287966 0.00433938 0.00877326 0.00651834 0.0674574 
1993 0 0.00392459 0.00292627 0.210197 0.10022 0.101582 0.0770586 0.0491727 0.0371272 0.0299639 0.0788068 0.0418923 0.0251485 0.0174092 0.0212976 0.0133642 0.0261215 0.0376367 0.0261464 0.0072789 0.0927259 
1994 0 0.0014406 0.026755 0.0255659 0.437981 0.0564395 0.0443442 0.0293966 0.0307441 0.0204458 0.0365263 0.0335512 0.0475793 0.0471206 0.0174108 0.0152941 0.0112974 0.00279152 0.00475787 0.00599366 0.104564 
1995 0 0.0146951 0.0780997 0.0989114 0.0553595 0.346685 0.0572495 0.0346142 0.0444431 0.0617529 0.0317364 0.0137775 0.02536 0.0170394 0.0253186 0.0326259 0.0111297 0.00481615 0.00109263 0.00680006 0.0384934 
1996 0 0 0.0229375 0.0489731 0.145268 0.0404678 0.307996 0.0789857 0.0425545 0.0639336 0.0551987 0.0385485 0.0317264 0.0262458 0.00666141 0.00130338 0.00395101 0.0117668 0.0088782 0.013697 0.050907 
1997 0 0.0579222 0.00294896 0.0816053 0.157302 0.150367 0.0362627 0.210717 0.0377976 0.0367492 0.0429644 0.0599942 0.0386055 0.0173361 0.0156683 0.0110257 0.00252624 0.000865294 0.00560951 0.0032447 0.0304886 
1998 0 0.0196796 0.0739364 0.0267077 0.179514 0.0751922 0.0967465 0.0242635 0.157014 0.0423407 0.038395 0.0405572 0.0450938 0.0313272 0.0214211 0.0283032 0.0136311 0.0207635 0.0105511 0.0096009 0.0449618 
1999 0 0.0412787 0.053224 0.166531 0.0238698 0.106542 0.0950219 0.0628142 0.0345271 0.181052 0.03561 0.0174148 0.0222303 0.0115081 0.0116112 0.0108107 0.0134483 0.00387393 0.00344043 0.00923617 0.095955 
2000 0 0.0404519 0.0681802 0.127172 0.184815 0.0309467 0.125587 0.0671073 0.0447217 0.011601 0.0473156 0.0213217 0.042665 0.0475972 0.0158596 0.0154091 0 0.00409966 0.00268225 0.0017189 0.100748 
2001 0 0 0.0415819 0.105346 0.145062 0.217051 0.0443541 0.0705585 0.101188 0.0714511 0.0171052 0.0663093 0.0247219 0.0130827 0.0144161 0.0149158 0.0174184 0.00929196 0.0164565 0.00440032 0.00528885 
2002 0 0.00233392 0.00888206 0.176411 0.186694 0.221035 0.113934 0.0123043 0.031983 0.0430567 0.0401101 0.01587 0.0451854 0.019787 0.0162908 0.00388411 0.0118708 0.00505569 0.00564728 0.0131068 0.026558 
2003 0 0.0409412 0.0374026 0.0288063 0.225434 0.136363 0.0908699 0.0979006 0.0135036 0.0329928 0.0238315 0.0284638 0.00438335 0.081125 0.0166866 0.0267592 0.016606 0.00377221 0.005134 0.00272356 0.0863003 
2004 0 0.0186923 0.0326218 0.0672285 0.0684421 0.162384 0.120287 0.176447 0.0787949 0.00526734 0.037935 0.0230652 0.0198779 0.00882794 0.0294526 0.00991458 0.0235398 0.0346965 0.0284083 0.00206743 0.0520493 
2005 0 0 0.104658 0.0668931 0.143692 0.0852243 0.161342 0.0749759 0.0950037 0.106665 0.00303634 0.00510767 0.0130508 0.0143363 0 0.0240817 0.00769457 0.0107126 0.00628906 0.00577841 0.0714587 
2006 0 0 0.000872987 0.176269 0.110832 0.185601 0.0660899 0.153946 0.0452729 0.0571842 0.0797243 0.00269671 0.00749743 0.0100227 0.0402107 0.0064984 0.038829 0.00456939 0 0 0.0138835 
2007 0 0.00323496 0.010318 0.0270565 0.330798 0.127678 0.129038 0.0373022 0.0997444 0.0749463 0.0286418 0.0222739 0.00254241 0.0102617 0.0205936 0.0158121 0.00145892 0.0231699 0 0 0.0351289 
2008 0 0 0.0161081 0.0104312 0.033064 0.343081 0.099471 0.0609014 0.0294597 0.0658933 0.0618121 0.0707458 0.118434 0.00838397 0.0311795 0.0126551 0.00448609 0 0.00792043 0.00352374 0.0224496 
2009 0 0.0252063 0.0486159 0.0675624 0.0505832 0.0583457 0.375357 0.066551 0.0465491 0.0206362 0.0546124 0.0452753 0.0511526 0.0284241 0.00345659 0.00577169 0.018868 0.0110956 0.00191462 0.0123898 0.00763263 
2010 0 0.00188462 0.0413283 0.0568347 0.145121 0.0360425 0.0216411 0.268136 0.0950072 0.119453 0.0145559 0.0568161 0.00851373 0.0125579 0.0186891 0 0.0223619 0.00542352 0.0228783 0 0.0527547 
2011 0 0.00981396 0.0191486 0.138385 0.117852 0.0899045 0.0318561 0.0486755 0.192513 0.091338 0.0465686 0.00693338 0.0447917 0.0352006 0.0261533 0.043622 0.00673531 0.0162344 0.00559491 0 0.0286787 
2012 0 0.00693008 0.0170091 0.0342211 0.183295 0.0777562 0.0457492 0.000667764 0.0141988 0.14072 0.0664628 0.0759771 0.00989588 0.057403 0.022502 0.0230471 0.00824056 0.00998786 0.0424636 0.0298025 0.13367 
2013 0 0.00389864 0.122743 0.0966285 0.0242943 0.178195 0.0763886 0.0457527 0.00893152 0.01706 0.188817 0.0434988 0.0597607 0.00246011 0.0462434 0.0106032 0.013098 0.00853699 0 0.0259999 0.0270896 
end_table
table error_values
1990 0 0 0 0 0 0 0 0 0 0 0 0 0 0 0 0 0 0 0 0 0 
1991 0 0 0 0 0 0 0 0 0 0 0 0 0 0 0 0 0 0 0 0 0 
1992 0 0 0 0 0 0 0 0 0 0 0 0 0 0 0 0 0 0 0 0 0 
1993 0 0 0 0 0 0 0 0 0 0 0 0 0 0 0 0 0 0 0 0 0 
1994 0 0 0 0 0 0 0 0 0 0 0 0 0 0 0 0 0 0 0 0 0 
1995 0 0 0 0 0 0 0 0 0 0 0 0 0 0 0 0 0 0 0 0 0 
1996 0 0 0 0 0 0 0 0 0 0 0 0 0 0 0 0 0 0 0 0 0 
1997 0 0 0 0 0 0 0 0 0 0 0 0 0 0 0 0 0 0 0 0 0 
1998 0 0 0 0 0 0 0 0 0 0 0 0 0 0 0 0 0 0 0 0 0 
1999 0 0 0 0 0 0 0 0 0 0 0 0 0 0 0 0 0 0 0 0 0 
2000 0 0 0 0 0 0 0 0 0 0 0 0 0 0 0 0 0 0 0 0 0 
2001 0 0 0 0 0 0 0 0 0 0 0 0 0 0 0 0 0 0 0 0 0 
2002 0 0 0 0 0 0 0 0 0 0 0 0 0 0 0 0 0 0 0 0 0 
2003 0 0 0 0 0 0 0 0 0 0 0 0 0 0 0 0 0 0 0 0 0 
2004 0 0 0 0 0 0 0 0 0 0 0 0 0 0 0 0 0 0 0 0 0 
2005 0 0 0 0 0 0 0 0 0 0 0 0 0 0 0 0 0 0 0 0 0 
2006 0 0 0 0 0 0 0 0 0 0 0 0 0 0 0 0 0 0 0 0 0 
2007 0 0 0 0 0 0 0 0 0 0 0 0 0 0 0 0 0 0 0 0 0 
2008 0 0 0 0 0 0 0 0 0 0 0 0 0 0 0 0 0 0 0 0 0 
2009 0 0 0 0 0 0 0 0 0 0 0 0 0 0 0 0 0 0 0 0 0 
2010 0 0 0 0 0 0 0 0 0 0 0 0 0 0 0 0 0 0 0 0 0 
2011 0 0 0 0 0 0 0 0 0 0 0 0 0 0 0 0 0 0 0 0 0 
2012 0 0 0 0 0 0 0 0 0 0 0 0 0 0 0 0 0 0 0 0 0 
2013 0 0 0 0 0 0 0 0 0 0 0 0 0 0 0 0 0 0 0 0 0 
end_table

