@observation EN_age_sample_sim
age_samples_per_cluster 10 
ageing_error age_error 
average_cluster_weight 6 
cluster_cv 0.6 
cluster_sigma 1.1 
fishery_label Fishing_LL 
layer_of_stratum_definitions area_definition 
max_age 20 
min_age 0 
process_label fishing 
strata_to_include EN 
type mortality_event_biomass_age_clusters 
years 1990 1991 1992 1993 1994 1995 1996 1997 1998 1999 2000 2001 2002 2003 2004 2005 2006 2007 2008 2009 2010 2011 2012 2013 
table obs
1990 0 0.00753009 0.0123575 0.0375544 0.0618551 0.0806819 0.0679902 0.0761284 0.0619755 0.0578374 0.0427603 0.0465674 0.0465471 0.0650032 0.0484579 0.0120031 0.019582 0.0318698 0.0214475 0.0118483 0.190003 
1991 0 0.0108669 0.00890668 0.0426214 0.0817053 0.0960163 0.0417585 0.079244 0.0584161 0.0644835 0.0653992 0.0369475 0.0500671 0.0276726 0.0255075 0.0528735 0.035983 0.0625364 0.0368062 0.0189117 0.103277 
1992 0 0.0039052 0.0463813 0.0269981 0.0756659 0.088943 0.0881891 0.0718108 0.0540905 0.0502165 0.0636844 0.0650433 0.0385004 0.0226101 0.0167545 0.0027073 0.00891579 0.012091 0.0271771 0.0255558 0.21076 
1993 0 0.0298675 0.0180981 0.208394 0.0743898 0.104064 0.0674411 0.0757134 0.067785 0.0547711 0.0430388 0.0329453 0.0449726 0.0271811 0.0394726 0.0401107 0.00876904 0.00766913 0.00947419 0.000556107 0.0452867 
1994 0 0.0150343 0.0266389 0.0242289 0.232713 0.0719538 0.0611786 0.074682 0.0604783 0.0611843 0.0404802 0.0312646 0.0247928 0.02562 0.0241492 0.035961 0.051878 0.0249165 0.0184712 0 0.0943739 
1995 0 0.0483675 0.0374442 0.0697598 0.0471167 0.255797 0.0740783 0.069914 0.0610751 0.0274531 0.033658 0.0458751 0.0455101 0.0308131 0.0284117 0.0185469 0.017961 0.0121665 0.013653 0.00988004 0.052519 
1996 0 0 0.0254442 0.101413 0.17563 0.0412206 0.295234 0.0582251 0.0411765 0.0477933 0.0360335 0.0278662 0.011976 0.00949874 0.00530479 0.00445396 0.0102961 0.0130519 0.00585709 0.00736754 0.0821568 
1997 0 0.0172049 0.00910697 0.0976514 0.111335 0.131706 0.0434441 0.138721 0.0761581 0.0686148 0.0671216 0.0263246 0.0247884 0.0179954 0.0144184 0.00781551 0.0233454 0.0165096 0.0108778 0.015605 0.0812555 
1998 0 0.027519 0.0654775 0.052697 0.113186 0.118041 0.0704749 0.0300579 0.172154 0.056528 0.0312195 0.0199903 0.0189079 0.017706 0.0132049 0.0276082 0.0225306 0.0256615 0.0145805 0.0114605 0.0909949 
1999 0 0.0124806 0.0635682 0.195449 0.0453623 0.172465 0.0861716 0.0954695 0.00892923 0.101305 0.0201826 0.00664292 0.0255641 0.027072 0.0216424 0.0191683 0.0115609 0.0073475 0.00719822 0.00333894 0.069081 
2000 0 0.0517667 0.0266635 0.106265 0.227386 0.0391975 0.119478 0.0742787 0.0587466 0.0100145 0.114463 0.0281739 0.0378829 0.0187106 0.0169706 0.00520758 0.0144992 0.0153032 0 0 0.034993 
2001 0 0.0152781 0.0436607 0.0906639 0.143205 0.197199 0.0310366 0.0890715 0.0978028 0.0808876 0.0240695 0.0607418 0.00847642 0.0160878 0.00895201 0.0252153 0.0240886 0.00782934 0.00401221 0.00159275 0.0301291 
2002 0 0.0213703 0.0157532 0.151332 0.135615 0.153861 0.127056 0.0237089 0.0971323 0.0648895 0.0155146 0.0225086 0.0372098 0.0288837 0.0167312 0.00228948 0 0.00387948 0.0107479 0.0077145 0.0638036 
2003 0 0.00672265 0.0457426 0.0508117 0.168896 0.10722 0.143885 0.194934 0.0276214 0.0695344 0.0445691 0.0286807 0.00351087 0.000962347 0.00127424 0.00127424 0.0250725 0.00814579 0.0187494 0.00494094 0.0474517 
2004 0 0.0268076 0.0551845 0.155123 0.114674 0.189865 0.0833229 0.0738628 0.0915781 0.00890774 0.0462721 0.0150983 0.00714847 0.0064515 0.0374429 0.0142845 0.00480967 0.00811585 0.00482753 0.0055661 0.0506581 
2005 0 0.0158705 0.066269 0.046556 0.157517 0.0703268 0.157985 0.091687 0.0970476 0.130747 0.00131085 0.0132903 0.0183051 0.00454112 0 0.00179521 0.00897607 0.00359043 0.00179521 0 0.11239 
2006 0 0.0106969 0.0225485 0.265776 0.155719 0.139476 0.0593167 0.123025 0.0518959 0.0399 0.0408601 0.00191815 0.0107857 0.0115037 0.00821768 0.0115021 0.0287505 0.00218768 0.00530651 0 0.010613 
2007 0 0 0 0.00322874 0.0347529 0.0129554 0.0409799 0.00360032 0.00988805 0.00611263 0.00733094 0.00606335 0.00103993 0.00127046 0.00119278 0.00160873 0.00032358 0.00406726 0.00153858 0.000993895 0.863053 
2008 0 0.00902196 0.0277236 0.00853657 0.0307132 0.277117 0.155354 0.118029 0.02445 0.0689755 0.0519345 0.0731925 0.0551377 0.015278 0.0339466 0.0129089 0.00883134 0 0.00765866 0.00803026 0.0131602 
2009 0 0.0263243 0.0290864 0.0834428 0.0221973 0.0780166 0.234056 0.0772794 0.0570084 0.0192422 0.0638757 0.0335507 0.0730827 0.0658325 0.00764771 0.0281557 0.00926788 0.0455741 0.000569108 0.0173393 0.0284512 
2010 0 0 0.0447058 0.0933472 0.139763 0.0172152 0.0361044 0.207065 0.0654872 0.114287 0.0484191 0.0588629 0.0310814 0.0497829 0.032387 0.00252605 0 0.00706064 0.0063582 0.0089024 0.0366452 
2011 0 0.0125707 0.0322954 0.181992 0.076221 0.0650094 0.0114699 0.0270747 0.265873 0.0592536 0.0825302 0.0136579 0.0175935 0.0305494 0.0189636 0.0372904 0.00570171 0.00907143 0.0118895 0.00208444 0.0389078 
2012 0 0.036806 0.0748731 0.0625734 0.181016 0.12134 0.100664 0.01644 0.00870438 0.1239 0.0683906 0.0335251 0.0161266 0.069299 0.014395 0.0170521 0.0165882 0.00730931 0.00458956 0.00135988 0.0250471 
2013 0 0.00346725 0.129476 0.0953559 0.0724587 0.157676 0.0833632 0.0768058 0.0292864 0.0144964 0.0648318 0.0128389 0.0433084 0.010108 0.0436808 0.0235906 0.034947 0.0185961 0.00347506 0.0149971 0.06724 
end_table
table error_values
1990 0 0 0 0 0 0 0 0 0 0 0 0 0 0 0 0 0 0 0 0 0 
1991 0 0 0 0 0 0 0 0 0 0 0 0 0 0 0 0 0 0 0 0 0 
1992 0 0 0 0 0 0 0 0 0 0 0 0 0 0 0 0 0 0 0 0 0 
1993 0 0 0 0 0 0 0 0 0 0 0 0 0 0 0 0 0 0 0 0 0 
1994 0 0 0 0 0 0 0 0 0 0 0 0 0 0 0 0 0 0 0 0 0 
1995 0 0 0 0 0 0 0 0 0 0 0 0 0 0 0 0 0 0 0 0 0 
1996 0 0 0 0 0 0 0 0 0 0 0 0 0 0 0 0 0 0 0 0 0 
1997 0 0 0 0 0 0 0 0 0 0 0 0 0 0 0 0 0 0 0 0 0 
1998 0 0 0 0 0 0 0 0 0 0 0 0 0 0 0 0 0 0 0 0 0 
1999 0 0 0 0 0 0 0 0 0 0 0 0 0 0 0 0 0 0 0 0 0 
2000 0 0 0 0 0 0 0 0 0 0 0 0 0 0 0 0 0 0 0 0 0 
2001 0 0 0 0 0 0 0 0 0 0 0 0 0 0 0 0 0 0 0 0 0 
2002 0 0 0 0 0 0 0 0 0 0 0 0 0 0 0 0 0 0 0 0 0 
2003 0 0 0 0 0 0 0 0 0 0 0 0 0 0 0 0 0 0 0 0 0 
2004 0 0 0 0 0 0 0 0 0 0 0 0 0 0 0 0 0 0 0 0 0 
2005 0 0 0 0 0 0 0 0 0 0 0 0 0 0 0 0 0 0 0 0 0 
2006 0 0 0 0 0 0 0 0 0 0 0 0 0 0 0 0 0 0 0 0 0 
2007 0 0 0 0 0 0 0 0 0 0 0 0 0 0 0 0 0 0 0 0 0 
2008 0 0 0 0 0 0 0 0 0 0 0 0 0 0 0 0 0 0 0 0 0 
2009 0 0 0 0 0 0 0 0 0 0 0 0 0 0 0 0 0 0 0 0 0 
2010 0 0 0 0 0 0 0 0 0 0 0 0 0 0 0 0 0 0 0 0 0 
2011 0 0 0 0 0 0 0 0 0 0 0 0 0 0 0 0 0 0 0 0 0 
2012 0 0 0 0 0 0 0 0 0 0 0 0 0 0 0 0 0 0 0 0 0 
2013 0 0 0 0 0 0 0 0 0 0 0 0 0 0 0 0 0 0 0 0 0 
end_table

