@observation EN_age_sample_sim
age_samples_per_cluster 10 
ageing_error age_error 
average_cluster_weight 6 
cluster_cv 0.6 
cluster_sigma 1.1 
fishery_label Fishing_LL 
layer_of_stratum_definitions area_definition 
max_age 20 
min_age 0 
process_label fishing 
strata_to_include EN 
type mortality_event_biomass_age_clusters 
years 1990 1991 1992 1993 1994 1995 1996 1997 1998 1999 2000 2001 2002 2003 2004 2005 2006 2007 2008 2009 2010 2011 2012 2013 
table obs
1990 0 0 0.0148498 0.0563892 0.0923781 0.105715 0.0516015 0.0765631 0.0904367 0.0294013 0.0284751 0.0329272 0.0282253 0.0239481 0.0248538 0.0224556 0.0109992 0.0156714 0.0189487 0.0151254 0.261036 
1991 0 0.0539809 0.0257728 0.0526997 0.0902567 0.103861 0.0828248 0.0664433 0.0644956 0.0684116 0.0331006 0.0272945 0.0226025 0.0252135 0.031569 0.0416961 0.0312968 0.0120745 0.00515264 0.00744348 0.15381 
1992 0 0.00278949 0.0637271 0.0546798 0.0818292 0.0835047 0.0660876 0.0496223 0.0822999 0.047423 0.0362423 0.0513161 0.0561026 0.0421403 0.0431075 0.0233348 0.0360067 0.00934212 0.0103398 0.021049 0.139056 
1993 0 0.0140444 0.0147907 0.197736 0.11233 0.0782491 0.0818302 0.0576054 0.0773267 0.0531296 0.0342454 0.0281999 0.0205583 0.0471475 0.0354689 0.021917 0.0126954 0.0133569 0.00290799 0.0189637 0.0774967 
1994 0 0.0010145 0.0218985 0.00847069 0.278099 0.0993627 0.0842308 0.0385429 0.0576408 0.0717772 0.0324999 0.0281899 0.0166249 0.021349 0.0259756 0.00668661 0.00666703 0.027581 0.0302925 0.00483573 0.138261 
1995 0 0 0.00829838 0.0578459 0.025101 0.269652 0.071263 0.0760349 0.0691045 0.0513789 0.08871 0.0621193 0.0368141 0.0363898 0.00833138 0.0101662 0.00987642 0.00961062 0.0298382 0.00661481 0.0728505 
1996 0 0 0.0424311 0.125128 0.200469 0.0315103 0.211012 0.0327883 0.0260251 0.0259768 0.0276 0.0296438 0.0288933 0.0341845 0.0263281 0.00608891 0.013735 0.0248345 0.0291634 0.0136951 0.0704932 
1997 0 0.0753686 0.0129477 0.0671494 0.118801 0.0955857 0.0223414 0.137121 0.0395964 0.0386342 0.0466453 0.0580072 0.0555783 0.0489039 0.0197875 0.012767 0.0119764 0.0285625 0.0295166 0.0135827 0.0671267 
1998 0 0.0112653 0.0615074 0.0214269 0.0871435 0.0789328 0.0627392 0.0219408 0.232777 0.0600194 0.0341554 0.0407066 0.0461615 0.0796381 0.0286162 0.0268874 0.0335441 0.0235863 0.00349247 0.00154457 0.0439156 
1999 0 0.0455015 0.0657145 0.197275 0.0468277 0.0812117 0.0440728 0.0491815 0.0126985 0.165725 0.0271416 0.0117575 0.0324707 0.00891554 0.0212081 0.0263127 0.0333774 0.0173589 0.0160482 0.0249141 0.0722875 
2000 0 0.0185972 0.0596886 0.186457 0.244646 0.0550569 0.0834145 0.0465372 0.0614022 0.0136424 0.106513 0.0199406 0.0164502 0.00658561 0.0188708 0.00512924 0.00285239 0.00424224 0.0016945 0.0063218 0.0419582 
2001 0 0 0.0419106 0.0842374 0.143671 0.209199 0.0278831 0.0670539 0.0322061 0.0324722 0.0108952 0.139393 0.0296504 0.033825 0.0167661 0.0355075 0.0338375 0.0121885 0.0155732 0.00319237 0.0305376 
2002 0 0.000618324 0.019988 0.15657 0.144118 0.1375 0.135618 0.0510759 0.0493892 0.0397389 0.017505 0.0106793 0.058772 0.0198847 0.0238073 0.0124833 0.0271187 0.0218186 0.00137818 0.00290947 0.0690277 
2003 0 0.0101054 0.0401925 0.0283048 0.146964 0.097557 0.130878 0.277495 0.0222532 0.0766606 0.0288819 0.0389236 0.00453043 0.0638005 0.0111535 0.00427522 0.00229492 0.00431902 0.00279183 0 0.00861953 
2004 0 0.0276428 0.062023 0.101636 0.0684031 0.157711 0.141913 0.124645 0.13335 0.0204743 0.0355148 0.0086197 0.0111295 0.00808787 0.0188127 0.0121815 0.0102404 0.0130489 0.00355848 0.0067479 0.0342595 
2005 0 0 0.0817368 0.0618374 0.131877 0.0524196 0.142295 0.105056 0.0979366 0.161098 0.00824614 0.029175 0.0330734 0.0381638 0 0.0129891 0 0 0.00304705 0 0.0410482 
2006 0 0.00134917 0.00269835 0.195162 0.115607 0.129909 0.0638836 0.187237 0.0574801 0.0462768 0.0654224 0.00206929 0.0065009 0.00157095 0 0.0021047 0.0279575 0.00648471 0.00863432 0.00365446 0.0759979 
2007 0 0.00176226 0.000936288 0.000677581 0.0177916 0.00644599 0.0343832 0.00775146 0.00535617 0.00499115 0.00477057 0.00830073 0.000987868 0.000942663 0.00145803 0.000719682 0 0.000744249 0 0.00146134 0.900519 
2008 0 0 0.00696204 0.0109735 0.0525564 0.262686 0.0671359 0.10299 0.0394145 0.121301 0.0660318 0.0598484 0.0582977 0.0068404 0.00613388 0.00878357 0.0159609 0.0104348 0.0489183 0.0100657 0.0446655 
2009 0 0.00351312 0.0281388 0.0682955 0.0424433 0.040268 0.200068 0.0728415 0.0770745 0.0355778 0.080917 0.0741732 0.0673095 0.0711361 0.0119621 0.0289752 0.00314576 0.0179404 0.0108395 0.0406498 0.0247307 
2010 0 0 0.0540956 0.0538321 0.119948 0.0132973 0.0194096 0.281051 0.104536 0.0844309 0.0248098 0.0551031 0.0380478 0.0160539 0.0480873 0.000951269 0.027645 0.00857804 0 0 0.0501234 
2011 0 0.029882 0.0465418 0.150517 0.122531 0.094092 0.00975772 0.0386984 0.131307 0.0601735 0.0509903 0.00947053 0.0394265 0.0238775 0.0511402 0.0311576 0.00447674 0.00186405 0.00520419 0 0.0988921 
2012 0 0.013687 0.0505134 0.0144458 0.1952 0.102617 0.0995045 0.00698716 0.0215177 0.156121 0.0442059 0.0323219 0.0057399 0.0414001 0.0185788 0.0396958 0.048842 0.00388928 0.0116786 0.0203569 0.0726973 
2013 0 0 0.0687454 0.106757 0.0490889 0.142918 0.0807262 0.0804262 0.0278802 0.019263 0.132652 0.0344203 0.0540908 0.020571 0.0302532 0.0132176 0.0289568 0 0 0.0192856 0.0907475 
end_table
table error_values
1990 0 0 0 0 0 0 0 0 0 0 0 0 0 0 0 0 0 0 0 0 0 
1991 0 0 0 0 0 0 0 0 0 0 0 0 0 0 0 0 0 0 0 0 0 
1992 0 0 0 0 0 0 0 0 0 0 0 0 0 0 0 0 0 0 0 0 0 
1993 0 0 0 0 0 0 0 0 0 0 0 0 0 0 0 0 0 0 0 0 0 
1994 0 0 0 0 0 0 0 0 0 0 0 0 0 0 0 0 0 0 0 0 0 
1995 0 0 0 0 0 0 0 0 0 0 0 0 0 0 0 0 0 0 0 0 0 
1996 0 0 0 0 0 0 0 0 0 0 0 0 0 0 0 0 0 0 0 0 0 
1997 0 0 0 0 0 0 0 0 0 0 0 0 0 0 0 0 0 0 0 0 0 
1998 0 0 0 0 0 0 0 0 0 0 0 0 0 0 0 0 0 0 0 0 0 
1999 0 0 0 0 0 0 0 0 0 0 0 0 0 0 0 0 0 0 0 0 0 
2000 0 0 0 0 0 0 0 0 0 0 0 0 0 0 0 0 0 0 0 0 0 
2001 0 0 0 0 0 0 0 0 0 0 0 0 0 0 0 0 0 0 0 0 0 
2002 0 0 0 0 0 0 0 0 0 0 0 0 0 0 0 0 0 0 0 0 0 
2003 0 0 0 0 0 0 0 0 0 0 0 0 0 0 0 0 0 0 0 0 0 
2004 0 0 0 0 0 0 0 0 0 0 0 0 0 0 0 0 0 0 0 0 0 
2005 0 0 0 0 0 0 0 0 0 0 0 0 0 0 0 0 0 0 0 0 0 
2006 0 0 0 0 0 0 0 0 0 0 0 0 0 0 0 0 0 0 0 0 0 
2007 0 0 0 0 0 0 0 0 0 0 0 0 0 0 0 0 0 0 0 0 0 
2008 0 0 0 0 0 0 0 0 0 0 0 0 0 0 0 0 0 0 0 0 0 
2009 0 0 0 0 0 0 0 0 0 0 0 0 0 0 0 0 0 0 0 0 0 
2010 0 0 0 0 0 0 0 0 0 0 0 0 0 0 0 0 0 0 0 0 0 
2011 0 0 0 0 0 0 0 0 0 0 0 0 0 0 0 0 0 0 0 0 0 
2012 0 0 0 0 0 0 0 0 0 0 0 0 0 0 0 0 0 0 0 0 0 
2013 0 0 0 0 0 0 0 0 0 0 0 0 0 0 0 0 0 0 0 0 0 
end_table

