@observation EN_age_sample_sim
age_samples_per_cluster 10 
ageing_error age_error 
average_cluster_weight 6 
cluster_cv 0.6 
cluster_sigma 1.1 
fishery_label Fishing_LL 
layer_of_stratum_definitions area_definition 
max_age 20 
min_age 0 
process_label fishing 
strata_to_include EN 
type mortality_event_biomass_age_clusters 
years 1990 1991 1992 1993 1994 1995 1996 1997 1998 1999 2000 2001 2002 2003 2004 2005 2006 2007 2008 2009 2010 2011 2012 2013 
table obs
1990 0 0 0.024907 0.0473893 0.0854403 0.105719 0.128606 0.0774348 0.0750083 0.0723463 0.0415706 0.0459075 0.0488841 0.0293276 0.0281137 0.0304458 0.00894077 0.0147464 0.0189442 0.00852361 0.107746 
1991 0 0.0107063 0.0204657 0.0446217 0.0555705 0.0855949 0.0965683 0.0694021 0.0615537 0.0305586 0.0479187 0.0620255 0.0536322 0.0493616 0.0488063 0.0475506 0.0215586 0.0549792 0.0423807 0.0081348 0.0886102 
1992 0 0.00927223 0.0821335 0.0651731 0.107916 0.0797733 0.101011 0.0692495 0.0605829 0.0646215 0.0495453 0.0448609 0.0171525 0.0212845 0.0233355 0.0216152 0.0222577 0.0255623 0.00459775 0.0136155 0.11644 
1993 0 0.0120386 0.0044892 0.114913 0.082506 0.0838501 0.052523 0.0606676 0.0459467 0.0527964 0.0180433 0.0401531 0.0683262 0.0551877 0.0591419 0.0357105 0.019677 0.0157994 0.0167929 0.0225971 0.13884 
1994 0 0 0.0256793 0.0148768 0.348603 0.102104 0.0851725 0.0854998 0.0635598 0.0386737 0.0265316 0.0205636 0.0141945 0.0186367 0.0167259 0.0170171 0.0158095 0.00935636 0.00261689 0.00927581 0.0851035 
1995 0 0.0194815 0.041098 0.0613827 0.0210237 0.231134 0.0514521 0.0886149 0.0490427 0.0507102 0.0331118 0.0490482 0.0509304 0.0357714 0.0340256 0.0322728 0.0370338 0.0275343 0.0123018 0.00695964 0.0670704 
1996 0 0 0.0155926 0.0586051 0.151113 0.0331391 0.222333 0.0636376 0.0386483 0.0445335 0.0708308 0.0432244 0.0321236 0.0180301 0.0111485 0.0126917 0.0187733 0.0125002 0.0215798 0.0146507 0.116844 
1997 0 0.0212984 0.0092332 0.0570561 0.121839 0.0769779 0.0176123 0.189925 0.0538831 0.0427203 0.0440895 0.0575274 0.0427106 0.0420121 0.0558382 0.0404555 0.0461103 0.0239355 0.0105506 0.0068683 0.0393564 
1998 0 0.0240417 0.0799473 0.0293789 0.118104 0.110677 0.0814683 0.0299008 0.169124 0.0584653 0.0303291 0.0382825 0.0331225 0.00555615 0.0081089 0.00577367 0.014872 0.0219004 0.0180469 0.0202653 0.102636 
1999 0 0.00655422 0.0469291 0.112183 0.0257572 0.131351 0.123586 0.0930594 0.0202752 0.14459 0.0435655 0.0211638 0.0199161 0.0241823 0.012399 0.0208359 0.0167097 0.0155353 0.00933075 0.0152813 0.0967951 
2000 0 0.00472617 0.050049 0.101514 0.178972 0.0531736 0.162685 0.0805378 0.080546 0.00921694 0.0946148 0.0263704 0.0361612 0.0159207 0.024861 0.00595691 0.00779242 0.0144152 0.0132509 0.00134338 0.0378923 
2001 0 0 0.0580213 0.0779931 0.187353 0.284908 0.0382313 0.0732263 0.0244359 0.0287986 0.006189 0.114998 0.0231393 0.0231226 0.0166637 0.022496 0.00784899 0 0 0 0.0125756 
2002 0 0.00481817 0.0207186 0.0526736 0.0955966 0.131783 0.13522 0.0242958 0.140147 0.066732 0.0540884 0.0307582 0.125582 0.0380345 0.0120144 0.00918581 0.0230906 0.00877887 0.00433774 0 0.0221449 
2003 0 0.034727 0.0573868 0.0447035 0.171281 0.105604 0.125895 0.0903623 0.0321808 0.0394571 0.059531 0.0569201 0.00948949 0.0814685 0.0106358 0.0129241 0.0137362 0.0137362 0.0105256 0.0105256 0.0189094 
2004 0 0.05377 0.0571963 0.108785 0.0731402 0.173609 0.0738495 0.0839207 0.117875 0.00466395 0.0131696 0.0168904 0.00966363 0.00656914 0.0599166 0.0130665 0.0181721 0.00530705 0.0122944 0.00292672 0.0952152 
2005 0 0 0.0787283 0.0784633 0.172719 0.0531468 0.175504 0.0757999 0.0741503 0.0724064 0.00163075 0.0219427 0.0208668 0.0385452 0.0158015 0.0281199 0.00131185 0.00944877 0.0163542 0.0127084 0.0523512 
2006 0 0.00628309 0.0310798 0.143707 0.110005 0.105356 0.0624613 0.155135 0.0642373 0.0636611 0.0728597 0.00107231 0.0186349 0.033772 0.0319201 0.0120382 0.0584004 0.00648641 0.00356963 0.00513083 0.0141895 
2007 0 0.00152593 0.001554 0.00262792 0.0351563 0.0161203 0.0389256 0.00643823 0.0140666 0.00314661 0.010382 0.00675964 0.000762963 0.00207209 0.00108759 0.00173628 0.000121756 0.0063482 0.000626585 0.00272694 0.847814 
2008 0 0.0273306 0.0362485 0.019814 0.0316179 0.272507 0.104377 0.125892 0.0663342 0.054531 0.0350144 0.0370029 0.0476672 0.000664489 0.00569416 0.00848598 0.0121112 0.00569826 0.0261852 0.0032012 0.0796236 
2009 0 0.007362 0.0579693 0.113449 0.0349941 0.038034 0.141068 0.0962472 0.0757791 0.0349291 0.122602 0.0684276 0.0575263 0.0640271 0.0144029 0.0135383 0.011807 0.00926504 0.00134407 0.0266435 0.0105847 
2010 0 0 0.0641843 0.068675 0.102868 0.0181908 0.0422354 0.30374 0.0670708 0.0605255 0.0123035 0.046838 0.022888 0.0264065 0.0113929 0.00182395 0.0150823 0.00458245 0.0189477 0 0.112245 
2011 0 0.0205281 0.0165277 0.103927 0.117827 0.115457 0.0276113 0.0255363 0.135926 0.0643295 0.0875669 0.0205969 0.065725 0.0222001 0.0190433 0.0103402 0.00891214 0.0362629 0.0311115 0.00913751 0.0614339 
2012 0 0.0262175 0.0831746 0.0373844 0.101196 0.0871634 0.0709743 0.0156642 0.0263912 0.17615 0.0564026 0.0701323 0.0172376 0.0566875 0.0214477 0.0202065 0.00755956 0 0.0165722 0.02091 0.0885293 
2013 0 0.00858127 0.177294 0.13828 0.0446198 0.177175 0.0361051 0.0507357 0.0171211 0.0116196 0.11217 0.0265014 0.0232908 0.0146927 0.056922 0.0202453 0.0125383 0.0290994 0.00901396 0.00997061 0.0240242 
end_table
table error_values
1990 0 0 0 0 0 0 0 0 0 0 0 0 0 0 0 0 0 0 0 0 0 
1991 0 0 0 0 0 0 0 0 0 0 0 0 0 0 0 0 0 0 0 0 0 
1992 0 0 0 0 0 0 0 0 0 0 0 0 0 0 0 0 0 0 0 0 0 
1993 0 0 0 0 0 0 0 0 0 0 0 0 0 0 0 0 0 0 0 0 0 
1994 0 0 0 0 0 0 0 0 0 0 0 0 0 0 0 0 0 0 0 0 0 
1995 0 0 0 0 0 0 0 0 0 0 0 0 0 0 0 0 0 0 0 0 0 
1996 0 0 0 0 0 0 0 0 0 0 0 0 0 0 0 0 0 0 0 0 0 
1997 0 0 0 0 0 0 0 0 0 0 0 0 0 0 0 0 0 0 0 0 0 
1998 0 0 0 0 0 0 0 0 0 0 0 0 0 0 0 0 0 0 0 0 0 
1999 0 0 0 0 0 0 0 0 0 0 0 0 0 0 0 0 0 0 0 0 0 
2000 0 0 0 0 0 0 0 0 0 0 0 0 0 0 0 0 0 0 0 0 0 
2001 0 0 0 0 0 0 0 0 0 0 0 0 0 0 0 0 0 0 0 0 0 
2002 0 0 0 0 0 0 0 0 0 0 0 0 0 0 0 0 0 0 0 0 0 
2003 0 0 0 0 0 0 0 0 0 0 0 0 0 0 0 0 0 0 0 0 0 
2004 0 0 0 0 0 0 0 0 0 0 0 0 0 0 0 0 0 0 0 0 0 
2005 0 0 0 0 0 0 0 0 0 0 0 0 0 0 0 0 0 0 0 0 0 
2006 0 0 0 0 0 0 0 0 0 0 0 0 0 0 0 0 0 0 0 0 0 
2007 0 0 0 0 0 0 0 0 0 0 0 0 0 0 0 0 0 0 0 0 0 
2008 0 0 0 0 0 0 0 0 0 0 0 0 0 0 0 0 0 0 0 0 0 
2009 0 0 0 0 0 0 0 0 0 0 0 0 0 0 0 0 0 0 0 0 0 
2010 0 0 0 0 0 0 0 0 0 0 0 0 0 0 0 0 0 0 0 0 0 
2011 0 0 0 0 0 0 0 0 0 0 0 0 0 0 0 0 0 0 0 0 0 
2012 0 0 0 0 0 0 0 0 0 0 0 0 0 0 0 0 0 0 0 0 0 
2013 0 0 0 0 0 0 0 0 0 0 0 0 0 0 0 0 0 0 0 0 0 
end_table

