@observation EN_age_sample_sim
age_samples_per_cluster 10 
ageing_error age_error 
average_cluster_weight 6 
cluster_cv 0.6 
cluster_sigma 1.1 
fishery_label Fishing_LL 
layer_of_stratum_definitions area_definition 
max_age 20 
min_age 0 
process_label fishing 
strata_to_include EN 
type mortality_event_biomass_age_clusters 
years 1990 1991 1992 1993 1994 1995 1996 1997 1998 1999 2000 2001 2002 2003 2004 2005 2006 2007 2008 2009 2010 2011 2012 2013 
table obs
1990 0 0.0130028 0.0244039 0.0304622 0.0793264 0.0988937 0.0869191 0.0754771 0.0535866 0.0810721 0.0625689 0.0693385 0.0349784 0.0414373 0.0596101 0.0536714 0.0198422 0.0132373 0.00883016 0.00639727 0.0869446 
1991 0 0.00995105 0.0229659 0.0353057 0.0575793 0.0830482 0.0513421 0.107562 0.0859504 0.0680109 0.0449273 0.063897 0.0298689 0.0508821 0.035699 0.0231394 0.0399129 0.0370706 0.0360975 0.0157201 0.10107 
1992 0 0.00132631 0.0735071 0.042214 0.116807 0.0763352 0.064662 0.0399775 0.0325528 0.0240066 0.0345465 0.0446538 0.0160288 0.0454747 0.0316818 0.0449444 0.0512652 0.0655457 0.0562025 0.0365074 0.101761 
1993 0 0.00678364 0.00825847 0.19691 0.0651421 0.0441318 0.0478619 0.0783921 0.0665608 0.0507869 0.0667349 0.0442797 0.0232826 0.0196167 0.0303773 0.0337708 0.0387731 0.0339865 0.0103188 0 0.134032 
1994 0 0.00904677 0.0234434 0.0370806 0.271386 0.136425 0.100195 0.0440173 0.0420471 0.0270569 0.0535236 0.0379408 0.0521491 0.0226576 0.0147665 0.0165291 0.0105887 0.00622347 0.000677457 0.00135491 0.0928907 
1995 0 0.00308948 0.0317407 0.0657256 0.0312178 0.282103 0.0576766 0.0723411 0.0728337 0.047096 0.0142848 0.0126666 0.0284931 0.0279079 0.0241623 0.0244088 0.0277464 0.0866439 0.028575 0.00658897 0.0546987 
1996 0 0.0148999 0.0688487 0.0693451 0.141754 0.0448563 0.248942 0.033011 0.034606 0.0397144 0.0432208 0.0362416 0.0285166 0.032319 0.0156057 0.0216938 0.0171222 0.0105655 0.00245683 0.00088349 0.0953972 
1997 0 0.0306571 0.00586801 0.0715663 0.108876 0.1387 0.031153 0.350444 0.0435253 0.0323852 0.0186549 0.0246145 0.0303664 0.0168492 0.0218009 0.0070699 0.0111301 0.0163906 0.00822084 0.00260469 0.0291226 
1998 0 0.083006 0.0556543 0.016403 0.109833 0.102288 0.0762577 0.0293962 0.159433 0.0251239 0.0596142 0.0331427 0.0257714 0.038624 0.0297047 0.0190745 0.0222909 0.0126023 0.00797239 0.00218602 0.0916215 
1999 0 0.0270784 0.086056 0.188702 0.0359709 0.145808 0.0448939 0.0669394 0.0223875 0.0743882 0.0498991 0.0612069 0.0230635 0.0206161 0.0137685 0.00625385 0.0248659 0.0175597 0.00635734 0.013138 0.0710474 
2000 0 0.065568 0.0907762 0.0709721 0.131069 0.0239987 0.137445 0.0763756 0.0887692 0.00971147 0.12199 0.0269315 0.0138842 0.0127952 0.0165799 0.010388 0.00144373 0.0107153 0.00652746 0.0112306 0.0728289 
2001 0 0.00140959 0.103332 0.104296 0.14139 0.182212 0.029752 0.0754139 0.0369553 0.02104 0.0270084 0.114505 0.0412766 0.0405772 0.0113749 0.00555786 0.00745159 0.00706825 0.00392948 0.00196474 0.0434853 
2002 0 0.0215621 0.0201551 0.177296 0.16248 0.143167 0.140656 0.0157667 0.038005 0.021085 0.0210762 0.00705396 0.0406847 0.0320375 0.0339352 0.00791057 0.00165988 0.00146952 0.00296458 0.0015206 0.109514 
2003 0 0.00233889 0.0395639 0.0408718 0.197657 0.14703 0.120623 0.179199 0.0179114 0.0289814 0.0261138 0.00981434 0.00395463 0.0269831 0.00872916 0.0168565 0.0488356 0.0237715 0.0151535 0.00764927 0.0379623 
2004 0 0.0508247 0.0356965 0.0724159 0.0643105 0.154823 0.124362 0.116669 0.0786428 0.0213372 0.0326232 0.0217915 0.0476478 0.0267761 0.0622325 0.0467532 0.00716595 0.013425 0.00727052 0.00369395 0.0115385 
2005 0 0.00328581 0.0799699 0.115239 0.194611 0.0569048 0.106606 0.0607351 0.0837397 0.121142 0.0231846 0.0493027 0.0252255 0.0146655 0.0057068 0.0272858 0.00089701 0 0 0 0.0314992 
2006 0 0 0 0.175054 0.0845014 0.145719 0.100123 0.0900676 0.0411771 0.0608124 0.0626857 0.0110745 0.0685478 0.0269356 0.00634087 0.00194266 0.0219622 0.00613801 0.0141576 0.00742067 0.0753404 
2007 0 0.000852175 0.000783995 0.00541875 0.0563021 0.0262002 0.0376737 0.00935554 0.0156101 0.0117388 0.0128427 0.0180487 0.000624398 0.00271681 0.00324365 0.000832283 0 0.00161285 0.000815494 0.00167743 0.79365 
2008 0 0.00199687 0.0423329 0.00291157 0.046197 0.319346 0.0984524 0.0901301 0.0518233 0.0980928 0.074788 0.0493771 0.0702858 0.00463484 0.00706079 0.00258096 0.0107549 0.0033498 0.010358 0.0075774 0.00794902 
2009 0 0.00968678 0.0178417 0.0359485 0.0233492 0.0194787 0.165939 0.126128 0.134513 0.0553536 0.0935772 0.0675609 0.053894 0.0735763 0.0135265 0.0188096 0.0107948 0.0213476 0.00319313 0.0400536 0.0154278 
2010 0 0.0064989 0.0644225 0.0642343 0.111035 0.0286525 0.0454172 0.217592 0.0713243 0.114514 0.0254841 0.0482309 0.042874 0.057128 0.0467594 0.0022654 0.0104915 0.0105364 0.0130173 0 0.0195226 
2011 0 0.0283516 0.00833339 0.128159 0.111227 0.122279 0.0277754 0.0143057 0.227482 0.0701782 0.0488369 0.0307128 0.0339964 0.0284732 0.0333258 0.0239955 0.000827676 0.0109952 0.0158629 0.0101393 0.0247436 
2012 0 0.0179591 0.0416763 0.010045 0.129023 0.0894752 0.072138 0.0204769 0.0370361 0.156529 0.0841349 0.0903989 0.0288477 0.04467 0.0383105 0.0468331 0.0141417 0.00355276 0.0200348 0.00431029 0.0504069 
2013 0 0.000545127 0.108985 0.0991582 0.0310398 0.123166 0.0636897 0.0719703 0.0285081 0.0349268 0.157407 0.0612448 0.0323688 0.022041 0.050478 0.0220667 0.0494166 0.0300094 0 0 0.0129789 
end_table
table error_values
1990 0 0 0 0 0 0 0 0 0 0 0 0 0 0 0 0 0 0 0 0 0 
1991 0 0 0 0 0 0 0 0 0 0 0 0 0 0 0 0 0 0 0 0 0 
1992 0 0 0 0 0 0 0 0 0 0 0 0 0 0 0 0 0 0 0 0 0 
1993 0 0 0 0 0 0 0 0 0 0 0 0 0 0 0 0 0 0 0 0 0 
1994 0 0 0 0 0 0 0 0 0 0 0 0 0 0 0 0 0 0 0 0 0 
1995 0 0 0 0 0 0 0 0 0 0 0 0 0 0 0 0 0 0 0 0 0 
1996 0 0 0 0 0 0 0 0 0 0 0 0 0 0 0 0 0 0 0 0 0 
1997 0 0 0 0 0 0 0 0 0 0 0 0 0 0 0 0 0 0 0 0 0 
1998 0 0 0 0 0 0 0 0 0 0 0 0 0 0 0 0 0 0 0 0 0 
1999 0 0 0 0 0 0 0 0 0 0 0 0 0 0 0 0 0 0 0 0 0 
2000 0 0 0 0 0 0 0 0 0 0 0 0 0 0 0 0 0 0 0 0 0 
2001 0 0 0 0 0 0 0 0 0 0 0 0 0 0 0 0 0 0 0 0 0 
2002 0 0 0 0 0 0 0 0 0 0 0 0 0 0 0 0 0 0 0 0 0 
2003 0 0 0 0 0 0 0 0 0 0 0 0 0 0 0 0 0 0 0 0 0 
2004 0 0 0 0 0 0 0 0 0 0 0 0 0 0 0 0 0 0 0 0 0 
2005 0 0 0 0 0 0 0 0 0 0 0 0 0 0 0 0 0 0 0 0 0 
2006 0 0 0 0 0 0 0 0 0 0 0 0 0 0 0 0 0 0 0 0 0 
2007 0 0 0 0 0 0 0 0 0 0 0 0 0 0 0 0 0 0 0 0 0 
2008 0 0 0 0 0 0 0 0 0 0 0 0 0 0 0 0 0 0 0 0 0 
2009 0 0 0 0 0 0 0 0 0 0 0 0 0 0 0 0 0 0 0 0 0 
2010 0 0 0 0 0 0 0 0 0 0 0 0 0 0 0 0 0 0 0 0 0 
2011 0 0 0 0 0 0 0 0 0 0 0 0 0 0 0 0 0 0 0 0 0 
2012 0 0 0 0 0 0 0 0 0 0 0 0 0 0 0 0 0 0 0 0 0 
2013 0 0 0 0 0 0 0 0 0 0 0 0 0 0 0 0 0 0 0 0 0 
end_table

