@observation EN_age_sample_sim
age_samples_per_cluster 10 
ageing_error age_error 
average_cluster_weight 6 
cluster_cv 0.6 
cluster_sigma 1.1 
fishery_label Fishing_LL 
layer_of_stratum_definitions area_definition 
max_age 20 
min_age 0 
process_label fishing 
strata_to_include EN 
type mortality_event_biomass_age_clusters 
years 1990 1991 1992 1993 1994 1995 1996 1997 1998 1999 2000 2001 2002 2003 2004 2005 2006 2007 2008 2009 2010 2011 2012 2013 
table obs
1990 0 0.00620746 0.00838774 0.0222894 0.0565881 0.0579666 0.0621995 0.111087 0.116556 0.0952966 0.0789463 0.041488 0.0382433 0.0148304 0.0274222 0.0277708 0.0312594 0.0301995 0.0202011 0.0160093 0.137051 
1991 0 0.0569127 0.0429611 0.0408167 0.0452187 0.0800042 0.0635225 0.0698484 0.0266892 0.0488229 0.0650934 0.0414116 0.0405695 0.0376162 0.0436845 0.0201186 0.0229844 0.0221078 0.0293352 0.0183838 0.183898 
1992 0 0.00910548 0.0994426 0.0837236 0.138305 0.102942 0.112791 0.0685383 0.0527888 0.0529844 0.0301413 0.0319415 0.0253303 0.0317186 0.0131747 0.028941 0.0178088 0.0109327 0.0229832 0.00462467 0.0617818 
1993 0 0.0304837 0.0411593 0.260994 0.102649 0.0572353 0.0348068 0.0392362 0.0376376 0.0400153 0.0306638 0.0406032 0.0481871 0.0211656 0.0221935 0.0448974 0.0210888 0.0203292 0.002754 0.00172162 0.102178 
1994 0 0.00283057 0.0328813 0.0388632 0.286406 0.0995692 0.0521372 0.0620085 0.0434138 0.0305315 0.0265394 0.0401111 0.0309304 0.0484649 0.0260908 0.0147083 0.0252248 0.0200178 0.00418688 0.0101646 0.10492 
1995 0 0.00836698 0 0.0354395 0.041185 0.409698 0.0911221 0.0848195 0.0815648 0.0426708 0.0410469 0.0247394 0.0326626 0.0387711 0.0203552 0.0129242 0.00497142 0.00638676 0.00319338 0.00284826 0.0172342 
1996 0 0.0165671 0.0313051 0.0507905 0.110934 0.0174835 0.221561 0.0587083 0.0412232 0.017292 0.037356 0.0370625 0.0308723 0.0200592 0.0280178 0.0390021 0.00941598 0.00721868 0.02071 0.00383107 0.200589 
1997 0 0.0165447 0.0051563 0.0914919 0.0783741 0.0821955 0.0277784 0.178558 0.0498113 0.0448283 0.0545601 0.0245251 0.0372518 0.0304223 0.0308842 0.0104646 0.0141953 0.00381295 0.00164416 0.00683914 0.210662 
1998 0 0.0122448 0.0964564 0.0589309 0.152667 0.0940661 0.0852501 0.0263915 0.196387 0.0136697 0.0314043 0.0215166 0.0242143 0.0196072 0.0155519 0.0187421 0.0183599 0.0173189 0.00672214 0.00823377 0.0822652 
1999 0 0.00889386 0.0453377 0.103941 0.033226 0.106328 0.101668 0.114879 0.0179168 0.130442 0.0432562 0.0425568 0.0192947 0.0149811 0.00811136 0.0166605 0.0248819 0.0317169 0.0375807 0.0174656 0.080861 
2000 0 0.0136178 0.0397054 0.0993451 0.245593 0.0270428 0.0670625 0.05068 0.0783523 0.0188603 0.146768 0.0196187 0.0292529 0.0216001 0.0122723 0.0218323 0.0203955 0.0081823 0.0118883 0.00268637 0.0652439 
2001 0 0.00492057 0.0480195 0.0937591 0.181535 0.173063 0.0526934 0.0669872 0.0399179 0.0419973 0.0067297 0.140278 0.00549604 0.00832393 0.0011256 0 0.00248887 0.00810212 0.00582692 0.0106721 0.108064 
2002 0 0.0114141 0.0141371 0.128891 0.14334 0.165389 0.134285 0.0307825 0.0814025 0.0180406 0.0093916 0.0114035 0.0642812 0.0141617 0.0159304 0.00565474 0.0099249 0.0152954 0.0219181 0.00406282 0.100294 
2003 0 0.0152559 0.0429554 0.0468257 0.172369 0.101167 0.121823 0.148977 0.0513062 0.0718566 0.0258325 0.0274674 0.0207117 0.0440852 0.0116058 0.0306682 0.0142484 0.00121583 0 0.00474618 0.0468836 
2004 0 0.014088 0.0307207 0.0709441 0.0531475 0.178196 0.107697 0.0848664 0.0850552 0.0317669 0.0590102 0.0234914 0.0189185 0.00928683 0.054896 0.0217952 0.0129851 0.020713 0.0260262 0.0205543 0.0758412 
2005 0 0 0.070542 0.0740494 0.104361 0.0735557 0.23453 0.105107 0.101844 0.100983 0.0143231 0.0126946 0.0132801 0.00919356 0.00215142 0.0240336 0.0102376 0.00560139 0.00452757 0.00899081 0.0299936 
2006 0 0 0.00193645 0.188899 0.103214 0.115969 0.0457526 0.135718 0.0988323 0.0984776 0.0782729 0.00290935 0.0184456 0.00545807 0.00996755 0 0.0761469 0.0040134 0 0 0.0159873 
2007 0 0.000294968 0 0.00179434 0.0296166 0.00850357 0.0111084 0.00252888 0.0135771 0.00340817 0.00465276 0.00256412 0 0.000823986 0.00136043 0.000241041 8.57277e-005 0.000560973 0.00108282 8.57277e-005 0.91771 
2008 0 0.00293147 0.00537238 0.0116982 0.024789 0.257731 0.156873 0.101953 0.0282644 0.0547205 0.0495356 0.0639586 0.0871177 0.0141849 0.00638234 0.00558306 0.00779319 0.00601467 0.0415469 0.00328718 0.0702624 
2009 0 0.00118779 0.0555224 0.0827321 0.0419505 0.0432725 0.32054 0.0765704 0.0846642 0.0358479 0.094405 0.0455076 0.0178339 0.0352539 0.0119624 0.00423855 0 0.00659599 0.00259627 0.0204068 0.0189118 
2010 0 0.00134838 0.0362112 0.0889081 0.147991 0.0366303 0.0414616 0.249757 0.0795802 0.0546099 0.0270266 0.0447746 0.0462404 0.0614708 0.0259942 0.0101251 0.0220672 0.00545085 0.00545085 0 0.0149021 
2011 0 0.0166242 0.0103151 0.115664 0.0663735 0.0862994 0.0260863 0.035462 0.165531 0.0677083 0.092767 0.0271143 0.0971418 0.0486704 0.0391317 0.038448 0 0 0 0.00937763 0.0572855 
2012 0 0.00597976 0.0259926 0.0183245 0.157104 0.064945 0.0524385 0.0104057 0.018255 0.245528 0.0513562 0.0382353 0.0106064 0.0779325 0.0412497 0.052402 0.0398112 0.00959804 0.0187294 0.0146066 0.0464992 
2013 0 0.0013357 0.11295 0.100925 0.0480078 0.156436 0.0813746 0.0907171 0.0167467 0.038191 0.0781942 0.0579875 0.0484694 0.0111601 0.0201883 0.0238785 0.0295171 0.0339437 0.00921933 0.000705169 0.040052 
end_table
table error_values
1990 0 0 0 0 0 0 0 0 0 0 0 0 0 0 0 0 0 0 0 0 0 
1991 0 0 0 0 0 0 0 0 0 0 0 0 0 0 0 0 0 0 0 0 0 
1992 0 0 0 0 0 0 0 0 0 0 0 0 0 0 0 0 0 0 0 0 0 
1993 0 0 0 0 0 0 0 0 0 0 0 0 0 0 0 0 0 0 0 0 0 
1994 0 0 0 0 0 0 0 0 0 0 0 0 0 0 0 0 0 0 0 0 0 
1995 0 0 0 0 0 0 0 0 0 0 0 0 0 0 0 0 0 0 0 0 0 
1996 0 0 0 0 0 0 0 0 0 0 0 0 0 0 0 0 0 0 0 0 0 
1997 0 0 0 0 0 0 0 0 0 0 0 0 0 0 0 0 0 0 0 0 0 
1998 0 0 0 0 0 0 0 0 0 0 0 0 0 0 0 0 0 0 0 0 0 
1999 0 0 0 0 0 0 0 0 0 0 0 0 0 0 0 0 0 0 0 0 0 
2000 0 0 0 0 0 0 0 0 0 0 0 0 0 0 0 0 0 0 0 0 0 
2001 0 0 0 0 0 0 0 0 0 0 0 0 0 0 0 0 0 0 0 0 0 
2002 0 0 0 0 0 0 0 0 0 0 0 0 0 0 0 0 0 0 0 0 0 
2003 0 0 0 0 0 0 0 0 0 0 0 0 0 0 0 0 0 0 0 0 0 
2004 0 0 0 0 0 0 0 0 0 0 0 0 0 0 0 0 0 0 0 0 0 
2005 0 0 0 0 0 0 0 0 0 0 0 0 0 0 0 0 0 0 0 0 0 
2006 0 0 0 0 0 0 0 0 0 0 0 0 0 0 0 0 0 0 0 0 0 
2007 0 0 0 0 0 0 0 0 0 0 0 0 0 0 0 0 0 0 0 0 0 
2008 0 0 0 0 0 0 0 0 0 0 0 0 0 0 0 0 0 0 0 0 0 
2009 0 0 0 0 0 0 0 0 0 0 0 0 0 0 0 0 0 0 0 0 0 
2010 0 0 0 0 0 0 0 0 0 0 0 0 0 0 0 0 0 0 0 0 0 
2011 0 0 0 0 0 0 0 0 0 0 0 0 0 0 0 0 0 0 0 0 0 
2012 0 0 0 0 0 0 0 0 0 0 0 0 0 0 0 0 0 0 0 0 0 
2013 0 0 0 0 0 0 0 0 0 0 0 0 0 0 0 0 0 0 0 0 0 
end_table

