@observation EN_age_sample_sim
age_samples_per_cluster 10 
ageing_error age_error 
average_cluster_weight 6 
cluster_cv 0.6 
cluster_sigma 1.1 
fishery_label Fishing_LL 
layer_of_stratum_definitions area_definition 
max_age 20 
min_age 0 
process_label fishing 
strata_to_include EN 
type mortality_event_biomass_age_clusters 
years 1990 1991 1992 1993 1994 1995 1996 1997 1998 1999 2000 2001 2002 2003 2004 2005 2006 2007 2008 2009 2010 2011 2012 2013 
table obs
1990 0 0 0.0654778 0.0331441 0.0381428 0.062197 0.0698212 0.0774461 0.0757482 0.0715795 0.062761 0.0531218 0.0238383 0.0340722 0.047855 0.0268996 0.0353818 0.0306174 0.024512 0.0251284 0.142256 
1991 0 0.0200706 0.0244888 0.0622357 0.0910841 0.0927017 0.0611334 0.0776946 0.0711173 0.0572687 0.0535161 0.0685076 0.0422773 0.0402127 0.0149863 0.0320817 0.0198919 0.020238 0.0242444 0.00894909 0.1173 
1992 0 0.0398144 0.115688 0.10509 0.119084 0.101322 0.0898412 0.0601955 0.0802848 0.0442255 0.0545411 0.0425353 0.00958872 0.0116159 0.00708994 0.00811126 0.0197164 0.0146439 0.0116674 0.00692565 0.0580189 
1993 0 0.00323902 0.0136086 0.168823 0.0357115 0.0603097 0.0561546 0.0603007 0.0530121 0.0670172 0.0582296 0.0425101 0.0438586 0.0438764 0.0413297 0.0291481 0.0217057 0.0227235 0.00803825 0.0183623 0.152041 
1994 0 0.00198931 0.0126901 0.0103883 0.322294 0.0865858 0.080439 0.0763865 0.0823849 0.059517 0.0513725 0.0342644 0.0445314 0.0139297 0.0202495 0.00937309 0.00998928 0.00255115 0.0127601 0.00965798 0.0586464 
1995 0 0.00343912 0.0238864 0.0630256 0.0563921 0.304316 0.105816 0.115092 0.0844002 0.0501357 0.0371465 0.0133346 0.00301361 0.00220069 0.00265109 0.00593451 0.00964396 0.0153565 0.00915649 0.00457825 0.0904812 
1996 0 0 0.0276578 0.0624697 0.096997 0.0435998 0.298283 0.0492578 0.0550034 0.0516539 0.0371076 0.0279308 0.0196899 0.0260238 0.0191156 0.038337 0.0267956 0.0044837 0.00931154 0.00321269 0.103069 
1997 0 0.0153817 0.0156814 0.0751927 0.0876145 0.12488 0.0330483 0.230391 0.0352001 0.0363503 0.0609869 0.0607211 0.0338502 0.00557865 0.00761592 0.00339323 0.0018817 0.00479628 0.0201035 0.0279527 0.11938 
1998 0 0.0178793 0.0713397 0.026778 0.0840023 0.095708 0.117508 0.0252232 0.304722 0.0646203 0.0270039 0.0359299 0.00754924 0.0103751 0.0269223 0.016123 0.0154469 0.0164531 0.00882033 0.00482346 0.0227721 
1999 0 0.0163072 0.0619729 0.256651 0.0637053 0.183502 0.0810905 0.0670955 0.0294971 0.105268 0.023793 0.0154363 0.00814323 0.00531749 0.00245818 0 0 0.0129699 0.00648493 0.00400232 0.0563044 
2000 0 0.007847 0.0294252 0.136373 0.18091 0.0358209 0.120843 0.061188 0.0543915 0.02309 0.130822 0.0488317 0.0454633 0.0260989 0.0226628 0.00457426 0.00570179 0.00609176 0.00601657 0.00163435 0.0522147 
2001 0 0.0248977 0.0555109 0.106278 0.201559 0.162006 0.0248686 0.0676457 0.0268723 0.023751 0.0161564 0.0671251 0.0450544 0.01536 0.0135509 0.00949584 0.0193953 0.0214906 0.0109659 0.0204364 0.0675807 
2002 0 0.0108895 0.0150495 0.206297 0.135041 0.168852 0.179209 0.0191188 0.0574018 0.0184767 0.0280543 0.0062647 0.0322758 0.00832022 0.00728486 0.0078204 0.0194041 0.00962153 0.00485394 0.00651328 0.0592505 
2003 0 0.01755 0.0397324 0.023801 0.204051 0.133151 0.129681 0.167374 0.0209325 0.0439187 0.0518974 0.0527404 0.00234414 0.0319953 0.0142283 0.0155729 0.0209434 0.0100442 0.0105166 0.00483089 0.00469527 
2004 0 0.0307153 0.0799942 0.12322 0.0877785 0.19246 0.100913 0.0644819 0.0538897 0.00623641 0.0159322 0.00872969 0.024222 0.0113146 0.0612943 0.014577 0.0132742 0 0.00866931 0.012909 0.0893891 
2005 0 0 0.08307 0.124048 0.146003 0.0449057 0.149022 0.0890719 0.0487963 0.052902 0.00750615 0.0208013 0.0118267 0.0140115 0.00182083 0.131878 0.0179943 0.013443 0.0129938 0.00279565 0.0271098 
2006 0 0.00683456 0.00664928 0.231992 0.124162 0.152214 0.0664599 0.0765168 0.0330921 0.0548595 0.0579642 0.0182353 0.0334663 0.0204413 0.0176121 0.00999887 0.0333232 0.0178012 0.00187737 0.00301635 0.0334845 
2007 0 0.00558635 0.00178777 0.0053212 0.221079 0.140908 0.273934 0.0384618 0.105602 0.0429634 0.0500028 0.0279378 0.00752772 0.00874354 0.0156556 0.0172947 0.00230164 0.0108953 0.00235078 0.00815376 0.0134928 
2008 0 0.00200609 0.0136652 0.00973159 0.0515228 0.363868 0.109575 0.087391 0.0402832 0.0662168 0.0452807 0.049024 0.0687132 0 0.00822824 0.00900648 0.00855585 0.000932839 0.0207008 0.00341167 0.0418863 
2009 0 0.0521687 0.0778314 0.195895 0.0179726 0.0548779 0.229395 0.0619185 0.0745652 0.0375687 0.0403096 0.032037 0.0248309 0.0175051 0.00210517 0.0248873 0.00201936 0.00605807 0 0.0127222 0.0353323 
2010 0 0.00805379 0.0773582 0.0683578 0.142916 0.0333124 0.0147091 0.178099 0.0637247 0.0691708 0.0208276 0.0390538 0.0561877 0.0400401 0.0562247 0.00411808 0.00839018 0.00404108 0.00264271 0.00901294 0.103759 
2011 0 0.0260477 0.0339491 0.0953735 0.117168 0.132815 0.0354608 0.0256441 0.221077 0.059916 0.0770196 0.0354107 0.0447186 0.0264007 0.0314254 0.01458 0.00310652 0.00662923 0.00441948 0 0.00883897 
2012 0 0.027758 0.080429 0.0146288 0.18471 0.136107 0.144177 0.0142672 0.00779966 0.125652 0.0794436 0.0404604 0.00672399 0.0372724 0.0134344 0.0123428 0.00545252 0 0.00842461 0.00583832 0.0550767 
2013 0 0.0178725 0.133274 0.118067 0.0376386 0.171484 0.104467 0.111 0.00980391 0.0175885 0.0910696 0.0203747 0.0275849 0.00183294 0.0243342 0.0126106 0.0171382 0.00496556 0.0081979 0.018389 0.0523074 
end_table
table error_values
1990 0 0 0 0 0 0 0 0 0 0 0 0 0 0 0 0 0 0 0 0 0 
1991 0 0 0 0 0 0 0 0 0 0 0 0 0 0 0 0 0 0 0 0 0 
1992 0 0 0 0 0 0 0 0 0 0 0 0 0 0 0 0 0 0 0 0 0 
1993 0 0 0 0 0 0 0 0 0 0 0 0 0 0 0 0 0 0 0 0 0 
1994 0 0 0 0 0 0 0 0 0 0 0 0 0 0 0 0 0 0 0 0 0 
1995 0 0 0 0 0 0 0 0 0 0 0 0 0 0 0 0 0 0 0 0 0 
1996 0 0 0 0 0 0 0 0 0 0 0 0 0 0 0 0 0 0 0 0 0 
1997 0 0 0 0 0 0 0 0 0 0 0 0 0 0 0 0 0 0 0 0 0 
1998 0 0 0 0 0 0 0 0 0 0 0 0 0 0 0 0 0 0 0 0 0 
1999 0 0 0 0 0 0 0 0 0 0 0 0 0 0 0 0 0 0 0 0 0 
2000 0 0 0 0 0 0 0 0 0 0 0 0 0 0 0 0 0 0 0 0 0 
2001 0 0 0 0 0 0 0 0 0 0 0 0 0 0 0 0 0 0 0 0 0 
2002 0 0 0 0 0 0 0 0 0 0 0 0 0 0 0 0 0 0 0 0 0 
2003 0 0 0 0 0 0 0 0 0 0 0 0 0 0 0 0 0 0 0 0 0 
2004 0 0 0 0 0 0 0 0 0 0 0 0 0 0 0 0 0 0 0 0 0 
2005 0 0 0 0 0 0 0 0 0 0 0 0 0 0 0 0 0 0 0 0 0 
2006 0 0 0 0 0 0 0 0 0 0 0 0 0 0 0 0 0 0 0 0 0 
2007 0 0 0 0 0 0 0 0 0 0 0 0 0 0 0 0 0 0 0 0 0 
2008 0 0 0 0 0 0 0 0 0 0 0 0 0 0 0 0 0 0 0 0 0 
2009 0 0 0 0 0 0 0 0 0 0 0 0 0 0 0 0 0 0 0 0 0 
2010 0 0 0 0 0 0 0 0 0 0 0 0 0 0 0 0 0 0 0 0 0 
2011 0 0 0 0 0 0 0 0 0 0 0 0 0 0 0 0 0 0 0 0 0 
2012 0 0 0 0 0 0 0 0 0 0 0 0 0 0 0 0 0 0 0 0 0 
2013 0 0 0 0 0 0 0 0 0 0 0 0 0 0 0 0 0 0 0 0 0 
end_table

