@observation EN_age_sample_sim
age_samples_per_cluster 10 
ageing_error age_error 
average_cluster_weight 6 
cluster_cv 0.6 
cluster_sigma 1.1 
fishery_label Fishing_LL 
layer_of_stratum_definitions area_definition 
max_age 20 
min_age 0 
process_label fishing 
strata_to_include EN 
type mortality_event_biomass_age_clusters 
years 1990 1991 1992 1993 1994 1995 1996 1997 1998 1999 2000 2001 2002 2003 2004 2005 2006 2007 2008 2009 2010 2011 2012 2013 
table obs
1990 0 0.00296045 0.0522484 0.074214 0.0891917 0.0631249 0.0595795 0.0488982 0.0642145 0.0871237 0.0649271 0.0476275 0.0402944 0.0183146 0.0332447 0.0118254 0.0203202 0.0220742 0.00755302 0.00426524 0.187998 
1991 0 0.0448049 0.020103 0.0508342 0.106495 0.148908 0.110992 0.102878 0.0777545 0.0453564 0.0276314 0.0336637 0.0285516 0.0219518 0.0197345 0.0198631 0.00973126 0.0136791 0.00549887 0.0045495 0.10702 
1992 0 0 0.0689308 0.0476853 0.0731145 0.0789973 0.121603 0.0872759 0.0618308 0.0487873 0.0295725 0.0128387 0.0193989 0.0328705 0.0180353 0.0225835 0.0219505 0.0382896 0.0158023 0.0216137 0.178819 
1993 0 0.0148866 0.0315284 0.19128 0.109994 0.0515355 0.0498039 0.051012 0.0581688 0.0635925 0.0350266 0.0344956 0.0414308 0.0236937 0.0338825 0.0277295 0.00634401 0.0047843 0.00795555 0.0115171 0.151339 
1994 0 0.00860591 0.0368101 0.0109461 0.265959 0.116575 0.0667644 0.070366 0.0694439 0.0453827 0.0477622 0.0407413 0.0185064 0.0185305 0.0110653 0.0286917 0.0277008 0.00986148 0.00609623 0.0118531 0.0883389 
1995 0 0.00249951 0.0336215 0.0518938 0.0531598 0.2705 0.0967047 0.0746007 0.0462251 0.0193271 0.0308998 0.0519052 0.0324414 0.0218967 0.0289272 0.0147248 0.0134756 0.00620457 0.0044602 0.00749951 0.139033 
1996 0 0.00177207 0.0395013 0.0928564 0.104833 0.0418402 0.213663 0.0500661 0.0409125 0.0174524 0.0288964 0.0246138 0.041591 0.0239002 0.0310916 0.0623443 0.0406823 0.00471206 0.00593617 0.00465625 0.128678 
1997 0 0.00653784 0.00386951 0.0884683 0.090333 0.150116 0.0309884 0.24836 0.0579342 0.0318379 0.033367 0.0335966 0.0340105 0.0143374 0.0324311 0.0359052 0.0202183 0.0186313 0.0126857 0.00878644 0.0475848 
1998 0 0 0.0332457 0.0217957 0.117034 0.110835 0.075013 0.101017 0.181216 0.0468546 0.0333917 0.0390883 0.0248312 0.0074494 0.0125377 0.0254113 0.0275945 0.0121349 0.0157808 0.00747164 0.107298 
1999 0 0.0170619 0.0389386 0.168087 0.0378099 0.086087 0.0944059 0.0692959 0.034481 0.148064 0.0471833 0.0241196 0.0178746 0.0455497 0.0093818 0.0110408 0.0209388 0.0255882 0.0261137 0.0090451 0.0689323 
2000 0 0.0169414 0.0516247 0.152123 0.266088 0.0128346 0.119942 0.0521547 0.0374445 0.0106811 0.0742693 0.0131578 0.0133593 0.00905454 0.00548607 0.00753064 0.0120933 0.0169058 0.00872323 0.0104416 0.109145 
2001 0 0.00406311 0.0389707 0.126856 0.176257 0.200471 0.0210459 0.0561786 0.0446872 0.0329067 0.00418549 0.178608 0.0131283 0.0178465 0.0053838 0.00302416 0.00498166 0.00291237 0.00252923 0.00668103 0.0592829 
2002 0 0.00615066 0.0168194 0.134525 0.15189 0.124197 0.175357 0.0198987 0.077469 0.0563201 0.0191732 0.0182865 0.0786294 0.0256055 0.0288048 0.0133433 0.0115197 0.0125673 0.0026323 0.00658977 0.0202214 
2003 0 0.0111417 0.00371628 0.031045 0.182251 0.175878 0.190491 0.169104 0.0157957 0.0762985 0.0316767 0.0332216 0.000712884 0.0124134 0.00433048 0.00721055 0.0032323 0 0.000753804 0.000753804 0.049973 
2004 0 0.0246923 0.0318184 0.110339 0.0785627 0.20976 0.106989 0.0863262 0.0944943 0.0044848 0.0214648 0.0174128 0.0220455 0.0141326 0.0880464 0.00872697 0.00781401 0.00940556 0.0107471 0.0143171 0.0384213 
2005 0 0 0.106231 0.0796667 0.146046 0.0530697 0.19201 0.0697528 0.0559548 0.1055 0.01056 0.0102453 0.0135967 0.0169556 0 0.0464878 0.0118492 0.00686162 0.010373 0.0120222 0.0528184 
2006 0 0.000864991 0.00307567 0.125421 0.119268 0.111239 0.0868573 0.10586 0.0964275 0.0872914 0.110674 0.00870373 0.0300506 0.0242683 0.00758486 0.00465642 0.033527 0.01881 0.011068 0.00487199 0.00948062 
2007 0 0.00028657 0.000435019 0.00115634 0.0254477 0.0154856 0.0201805 0.00518962 0.0149474 0.0068843 0.00572654 0.00478983 0.00040664 6.26245e-005 0.00283393 0.0020725 0.000729916 0.000973221 0.000243305 0.00474652 0.887402 
2008 0 0.00220821 0.0177551 0.018928 0.0447974 0.353324 0.133212 0.0492799 0.0180317 0.0623103 0.0615995 0.0826411 0.0884582 0.000722192 0.00740247 0.00748927 0.010864 0.00144438 0.021858 0.000859698 0.016815 
2009 0 0.00230851 0.0174573 0.0737768 0.0356479 0.0563042 0.306564 0.0934835 0.103481 0.0193039 0.0721567 0.0572958 0.0385317 0.0554321 0.00303278 0.0287443 0.0111676 0 0 0.0169811 0.00833102 
2010 0 0.0017314 0.0169675 0.0432936 0.0586517 0.020184 0.012526 0.351348 0.0766355 0.0938762 0.0359911 0.106911 0.0483123 0.0423222 0.0640451 0 0 0 0 0 0.0272045 
2011 0 0.0151634 0.00098333 0.1107 0.169241 0.153325 0.0183549 0.0349132 0.175607 0.0369382 0.0314265 0.017215 0.0420589 0.0278633 0.0237055 0.0424887 0.00679931 0.00644258 0.00116208 0.00224455 0.0833671 
2012 0 0.0541604 0.106593 0.0304654 0.0920552 0.150571 0.141958 0.0087337 0.0130944 0.0650102 0.0511653 0.0681345 0.0247084 0.0436949 0.0278152 0.0268571 0.0294458 0.00242691 0.00191422 0.0084825 0.0527134 
2013 0 0.0399203 0.0896154 0.138221 0.0712695 0.170697 0.104666 0.0819314 0.0103611 0.0147817 0.126854 0.0363895 0.0417318 0.0145251 0.0162375 0.00531098 0.0130257 0.00563991 0.0013426 0.00671299 0.010767 
end_table
table error_values
1990 0 0 0 0 0 0 0 0 0 0 0 0 0 0 0 0 0 0 0 0 0 
1991 0 0 0 0 0 0 0 0 0 0 0 0 0 0 0 0 0 0 0 0 0 
1992 0 0 0 0 0 0 0 0 0 0 0 0 0 0 0 0 0 0 0 0 0 
1993 0 0 0 0 0 0 0 0 0 0 0 0 0 0 0 0 0 0 0 0 0 
1994 0 0 0 0 0 0 0 0 0 0 0 0 0 0 0 0 0 0 0 0 0 
1995 0 0 0 0 0 0 0 0 0 0 0 0 0 0 0 0 0 0 0 0 0 
1996 0 0 0 0 0 0 0 0 0 0 0 0 0 0 0 0 0 0 0 0 0 
1997 0 0 0 0 0 0 0 0 0 0 0 0 0 0 0 0 0 0 0 0 0 
1998 0 0 0 0 0 0 0 0 0 0 0 0 0 0 0 0 0 0 0 0 0 
1999 0 0 0 0 0 0 0 0 0 0 0 0 0 0 0 0 0 0 0 0 0 
2000 0 0 0 0 0 0 0 0 0 0 0 0 0 0 0 0 0 0 0 0 0 
2001 0 0 0 0 0 0 0 0 0 0 0 0 0 0 0 0 0 0 0 0 0 
2002 0 0 0 0 0 0 0 0 0 0 0 0 0 0 0 0 0 0 0 0 0 
2003 0 0 0 0 0 0 0 0 0 0 0 0 0 0 0 0 0 0 0 0 0 
2004 0 0 0 0 0 0 0 0 0 0 0 0 0 0 0 0 0 0 0 0 0 
2005 0 0 0 0 0 0 0 0 0 0 0 0 0 0 0 0 0 0 0 0 0 
2006 0 0 0 0 0 0 0 0 0 0 0 0 0 0 0 0 0 0 0 0 0 
2007 0 0 0 0 0 0 0 0 0 0 0 0 0 0 0 0 0 0 0 0 0 
2008 0 0 0 0 0 0 0 0 0 0 0 0 0 0 0 0 0 0 0 0 0 
2009 0 0 0 0 0 0 0 0 0 0 0 0 0 0 0 0 0 0 0 0 0 
2010 0 0 0 0 0 0 0 0 0 0 0 0 0 0 0 0 0 0 0 0 0 
2011 0 0 0 0 0 0 0 0 0 0 0 0 0 0 0 0 0 0 0 0 0 
2012 0 0 0 0 0 0 0 0 0 0 0 0 0 0 0 0 0 0 0 0 0 
2013 0 0 0 0 0 0 0 0 0 0 0 0 0 0 0 0 0 0 0 0 0 
end_table

