@observation EN_age_sample_sim
age_samples_per_cluster 10 
ageing_error age_error 
average_cluster_weight 6 
cluster_cv 0.6 
cluster_sigma 1.1 
fishery_label Fishing_LL 
layer_of_stratum_definitions area_definition 
max_age 20 
min_age 0 
process_label fishing 
strata_to_include EN 
type mortality_event_biomass_age_clusters 
years 1990 1991 1992 1993 1994 1995 1996 1997 1998 1999 2000 2001 2002 2003 2004 2005 2006 2007 2008 2009 2010 2011 2012 2013 
table obs
1990 0 0.00327569 0.0330837 0.0904005 0.0966503 0.0667063 0.0768354 0.0349951 0.0467785 0.0624339 0.0502843 0.0466447 0.0360458 0.0324456 0.0407889 0.0526081 0.0268545 0.0118206 0.00875355 0.00982131 0.172773 
1991 0 0.0224342 0.0204193 0.0701679 0.115518 0.10971 0.105913 0.0528275 0.0489048 0.0476297 0.0381299 0.0471683 0.00904582 0.0100607 0.0101569 0.00963722 0.0190283 0.0371003 0.0244759 0.0167243 0.184948 
1992 0 0.0153419 0.0777581 0.0573143 0.0884486 0.0743681 0.120663 0.0967555 0.0596879 0.0463798 0.0232524 0.024388 0.0198145 0.0382965 0.0342781 0.0208755 0.00970751 0.017179 0.00168989 0 0.173802 
1993 0 0.00411382 0.00556578 0.168396 0.100572 0.0668027 0.0475224 0.0562363 0.065319 0.0568223 0.0546193 0.0689461 0.0458564 0.0372439 0.0141607 0.015104 0.00957697 0.0103677 0.0235358 0.0347478 0.114491 
1994 0 0.00780995 0.0605315 0.0373619 0.369074 0.0892012 0.0591127 0.025967 0.0204398 0.0405396 0.0175388 0.0252789 0.0295103 0.0351075 0.0112507 0.00911446 0.00277508 0.00352469 0.00806272 0.0100601 0.137739 
1995 0 0.014553 0.0421944 0.0722065 0.0321256 0.301561 0.0456218 0.0887093 0.0439828 0.0453358 0.00950864 0.0322998 0.0452106 0.0346059 0.034558 0.0162697 0.0128135 0.0121531 0.0196435 0.0163729 0.0802738 
1996 0 0 0.0679133 0.0624868 0.115619 0.0556588 0.270412 0.0576246 0.0653235 0.0567737 0.0471218 0.0269388 0.0129921 0.0146189 0.0130858 0.00501382 0.00385979 0.00178873 0.00178873 0.00764525 0.113335 
1997 0 0.00838087 0.0128578 0.0542897 0.0952018 0.116684 0.0179655 0.242564 0.0618713 0.0366499 0.0522424 0.019419 0.0375268 0.0130205 0.00179547 0.0138329 0.0239245 0.0237478 0.0130085 0.0101804 0.144837 
1998 0 0.00433898 0.069594 0.0425336 0.155984 0.0957995 0.0969351 0.02401 0.140985 0.0563238 0.0525865 0.0244281 0.020103 0.0279802 0.00879672 0.0187572 0.0176655 0.0251089 0.0176986 0.011797 0.0885748 
1999 0 0 0.026639 0.270927 0.0577612 0.129879 0.0833318 0.109511 0.0154668 0.0992978 0.010681 0.0242536 0.0112662 0.0314541 0.0224675 0.019154 0.0254179 0.0064149 0.00835896 0.000674904 0.0470439 
2000 0 0.0220785 0.0165023 0.109244 0.264446 0.0500246 0.115748 0.0586463 0.0542485 0.0214661 0.129686 0.0147969 0.00527015 0.00809474 0.00489113 0.0138886 0.0193519 0.0166107 0.0105298 0.00251271 0.0619627 
2001 0 0.00409402 0.0478917 0.103286 0.17493 0.232911 0.0411787 0.0760301 0.0473116 0.0445842 0.0165142 0.109184 0.018332 0.00883848 0.015265 0.00553438 0.00340772 0 0.00116556 0 0.0495415 
2002 0 0.0166809 0.017626 0.180695 0.153345 0.15268 0.125909 0.00613771 0.0528753 0.063556 0.0501804 0.00951269 0.108165 0.00788703 0.0119171 0.00717741 0 0.00595856 0.00297928 0.00126584 0.0254509 
2003 0 0.0270546 0.0636896 0.0599176 0.156872 0.11295 0.131829 0.136982 0.00672669 0.0235619 0.0321002 0.0232202 0.0152864 0.105488 0.0185758 0.0249016 0.0128774 0.00417999 0.000947078 0.00323556 0.0396045 
2004 0 0.0136223 0.0353299 0.110842 0.0810851 0.258037 0.0940218 0.0705105 0.0912901 0.0115538 0.0292941 0.0259746 0.0376392 0.0239827 0.0655075 0.0140196 0.0170707 0.000989879 0.000989879 0.000929295 0.0173095 
2005 0 0 0.0728573 0.0925376 0.128826 0.0459595 0.146182 0.0755219 0.118326 0.0870084 0.0051924 0.0186183 0.0217551 0.0393195 0.000939805 0.0353141 0.00775956 0.0378546 0.00852561 0.00702024 0.0504833 
2006 0 0.00630352 0.00829193 0.19905 0.114241 0.131068 0.0923401 0.143105 0.0569252 0.0805972 0.0546283 0.00236659 0.0136467 0.00849579 0.00814525 0.00345402 0.0492659 0.00582915 0.00512571 0.00384428 0.0132769 
2007 0 0.000395509 0.000633234 0.00368414 0.0392822 0.0112047 0.012942 0.00216909 0.008982 0.00670012 0.00417866 0.00386428 0.000595439 0.00212078 0.00259308 0.000779628 0.000141854 0.00237814 9.64257e-005 0.00235142 0.894907 
2008 0 0.000857984 0.0179464 0.0097463 0.0491867 0.303416 0.119904 0.110987 0.0294611 0.112622 0.0544765 0.0584762 0.0538317 0.0101986 0.0099141 0.00348078 0.00360994 0.000542607 0.0148881 0.00416156 0.0322932 
2009 0 0.0260136 0.0756822 0.0609628 0.0111373 0.0289382 0.300766 0.0904553 0.0991721 0.0175633 0.0327956 0.0441256 0.0232139 0.0248654 0.000552604 0.0170715 0.0197557 0.0155284 0.0141552 0.047619 0.0496263 
2010 0 0.00268305 0.069144 0.0718726 0.129127 0.0223303 0.0248304 0.277712 0.0603004 0.0588831 0.015359 0.0385413 0.0279037 0.0291238 0.0561881 0.00582903 0.0410519 0.0184522 0.0264839 0.00523108 0.0189529 
2011 0 0.012556 0.0129665 0.121904 0.0762674 0.113534 0.0166956 0.0399279 0.277294 0.0509695 0.0365378 0.0178638 0.0313361 0.0185511 0.010216 0.00656355 0.0108826 0.00628364 0.0407312 0.0307091 0.0682107 
2012 0 0.0318016 0.0386269 0.0286295 0.159418 0.0534518 0.0391648 0.0244973 0.0343788 0.171845 0.0537541 0.0651277 0.034768 0.0650028 0.0161982 0.0394256 0.0112266 0.00748122 0.00642454 0.00521967 0.113558 
2013 0 0.00164873 0.093205 0.122986 0.0378 0.149291 0.0649711 0.0584642 0.0336712 0.0255452 0.156082 0.0477457 0.0265053 0.0116662 0.0330534 0.0199317 0.0282891 0.036501 0 0.00278908 0.0498532 
end_table
table error_values
1990 0 0 0 0 0 0 0 0 0 0 0 0 0 0 0 0 0 0 0 0 0 
1991 0 0 0 0 0 0 0 0 0 0 0 0 0 0 0 0 0 0 0 0 0 
1992 0 0 0 0 0 0 0 0 0 0 0 0 0 0 0 0 0 0 0 0 0 
1993 0 0 0 0 0 0 0 0 0 0 0 0 0 0 0 0 0 0 0 0 0 
1994 0 0 0 0 0 0 0 0 0 0 0 0 0 0 0 0 0 0 0 0 0 
1995 0 0 0 0 0 0 0 0 0 0 0 0 0 0 0 0 0 0 0 0 0 
1996 0 0 0 0 0 0 0 0 0 0 0 0 0 0 0 0 0 0 0 0 0 
1997 0 0 0 0 0 0 0 0 0 0 0 0 0 0 0 0 0 0 0 0 0 
1998 0 0 0 0 0 0 0 0 0 0 0 0 0 0 0 0 0 0 0 0 0 
1999 0 0 0 0 0 0 0 0 0 0 0 0 0 0 0 0 0 0 0 0 0 
2000 0 0 0 0 0 0 0 0 0 0 0 0 0 0 0 0 0 0 0 0 0 
2001 0 0 0 0 0 0 0 0 0 0 0 0 0 0 0 0 0 0 0 0 0 
2002 0 0 0 0 0 0 0 0 0 0 0 0 0 0 0 0 0 0 0 0 0 
2003 0 0 0 0 0 0 0 0 0 0 0 0 0 0 0 0 0 0 0 0 0 
2004 0 0 0 0 0 0 0 0 0 0 0 0 0 0 0 0 0 0 0 0 0 
2005 0 0 0 0 0 0 0 0 0 0 0 0 0 0 0 0 0 0 0 0 0 
2006 0 0 0 0 0 0 0 0 0 0 0 0 0 0 0 0 0 0 0 0 0 
2007 0 0 0 0 0 0 0 0 0 0 0 0 0 0 0 0 0 0 0 0 0 
2008 0 0 0 0 0 0 0 0 0 0 0 0 0 0 0 0 0 0 0 0 0 
2009 0 0 0 0 0 0 0 0 0 0 0 0 0 0 0 0 0 0 0 0 0 
2010 0 0 0 0 0 0 0 0 0 0 0 0 0 0 0 0 0 0 0 0 0 
2011 0 0 0 0 0 0 0 0 0 0 0 0 0 0 0 0 0 0 0 0 0 
2012 0 0 0 0 0 0 0 0 0 0 0 0 0 0 0 0 0 0 0 0 0 
2013 0 0 0 0 0 0 0 0 0 0 0 0 0 0 0 0 0 0 0 0 0 
end_table

