@observation fishery_age_ALK_BP_sim
age_allocation_method proportional 
ageing_error age_error 
fishery_label Fishing_LL 
layer_of_stratum_definitions area_definition 
process_label fishing 
strata_to_include BP 
type mortality_event_biomass_scaled_age_frequency 
years 1990 1991 1992 1993 1994 1995 1996 1997 1998 1999 2000 2001 2002 2003 2004 2005 2006 2007 2008 2009 2010 2011 2012 2013 
table obs
1990 0 0.0120622 0.0216326 0.0644066 0.074433 0.0916847 0.094698 0.118644 0.0384204 0.0665833 0.0413736 0.0789778 0.0178132 0.0259897 0.0250875 0.0214019 0.0360138 0.0222965 0.0172174 0.0142271 0.117036 
1991 0 0.0118998 0.0398874 0.0574192 0.0702271 0.119449 0.102443 0.0734108 0.0491089 0.0452614 0.0558271 0.0358876 0.0242944 0.0360317 0.0478558 0.0385647 0.0187562 0.0315169 0.024244 0.00723251 0.110683 
1992 0 0 0.0263689 0.0728863 0.120309 0.0705868 0.0886115 0.0635602 0.0683127 0.0602271 0.0631801 0.0456495 0.0245855 0.0219417 0.025332 0.0285516 0.0266394 0.0257489 0.028697 0.00686673 0.131945 
1993 0 0 0.0342775 0.081125 0.121799 0.0832284 0.097372 0.055798 0.0793802 0.055225 0.0421218 0.0467199 0.0172738 0.031966 0.0452006 0.0331252 0.0472506 0.0282964 0.0139749 0.0104668 0.0753987 
1994 0 0.0310517 0.0300531 0.0569368 0.143371 0.0768045 0.0841872 0.0732325 0.0802703 0.0555749 0.0290373 0.0348986 0.0472059 0.0241578 0.0314713 0.024885 0.0176243 0.00977544 0.014084 0.0105775 0.124801 
1995 0 0.0271733 0.0947528 0.0351296 0.0735279 0.0903359 0.100781 0.0831614 0.0592482 0.0398028 0.0741215 0.0441677 0.0186995 0.0348056 0.0290592 0.0387441 0.0242558 0.0178839 0.00737558 0.0180034 0.0889712 
1996 0 0.0105253 0.0886298 0.233593 0.0486437 0.0666199 0.0772856 0.0657009 0.0629729 0.0389705 0.0361612 0.025369 0.032092 0.0213804 0.0249017 0.0139144 0.0375485 0.0104395 0.00827696 0.00711602 0.0898588 
1997 0 0.0100209 0.0567158 0.152052 0.308924 0.0177401 0.0528441 0.0629736 0.0456156 0.0539204 0.0104964 0.0351894 0.0250803 0.010447 0.0286168 0.0209712 0.0214701 0.0106489 0.00390898 0.00702417 0.0653409 
1998 0 0.0268448 0.0558735 0.0986232 0.188713 0.268093 0.0211183 0.0501784 0.0430212 0.0528453 0.024975 0.0286382 0.0216574 0.0154198 0.00715714 0.0147126 0.00678646 0.00733765 0.00852625 0.00730814 0.0521705 
1999 0 0.00422648 0.136453 0.0866957 0.13831 0.155165 0.185051 0.0313604 0.0431903 0.0375927 0.0250716 0.0183959 0.025205 0.021271 0.00725007 0.010661 0 0.00363526 0.00751608 0.00768992 0.0552602 
2000 0 0.00382686 0.0474482 0.264789 0.0735497 0.139842 0.0947478 0.16963 0.0141127 0.015743 0.0319853 0.0246176 0 0.0228224 0.00711787 0.0139935 0 0.00420412 0.011889 0.00388016 0.0558006 
2001 0 0.00943102 0.0660347 0.053108 0.334066 0.072142 0.0905533 0.0836478 0.121942 0.0106508 0.0141838 0.0139233 0.0102883 0.0108509 0.0189214 0.0106193 0.0048933 0.00736234 0.00749509 0.0103275 0.0495591 
2002 0 0.0102569 0.060515 0.119545 0.0797606 0.31936 0.0564676 0.07734 0.0960987 0.0571234 0.0191644 0.0141092 0.0246515 0.0177575 0 0 0.00841689 0.00362196 0 0.0108573 0.024955 
2003 0 0.0124902 0.0510221 0.1136 0.127445 0.0698548 0.274829 0.0729011 0.0886595 0.0455445 0.0588465 0 0.00365517 0.00702286 0.0139245 0.0134803 0.00353126 0.00465071 0.00697375 0.00703825 0.0245313 
2004 0 0.0152928 0.0560958 0.07445 0.196591 0.134642 0.080111 0.14895 0.0459896 0.0527174 0.0293995 0.0578675 0.00342118 0.0103236 0.01474 0.0243424 0.00362254 0.0110411 0.0113123 0 0.029089 
2005 0 0.0114841 0.0384871 0.139313 0.10041 0.138373 0.100931 0.052392 0.192154 0.03501 0.0166375 0.0496709 0.0325146 0.00732734 0.0139004 0.0147875 0.00344973 0.0105258 0.00707136 0.00360701 0.031954 
2006 0 0.00906227 0.0209323 0.150574 0.156747 0.132008 0.113119 0.0632171 0.0673103 0.123606 0.04415 0.0141612 0.0218986 0.0545692 0.00390296 0 0 0 0 0.00732535 0.0174163 
2007 0 0 0.0364477 0.0779075 0.161563 0.122222 0.0774018 0.0945713 0.102858 0.0691824 0.109257 0.0215638 0.0252822 0.0289569 0.0369207 0 0.00701732 0.00367851 0 0.00355451 0.0216152 
2008 0 0.00376055 0.00376055 0.0968078 0.124208 0.144709 0.165681 0.0835934 0.0980183 0.0596327 0.0382187 0.0817471 0.0176921 0.0105478 0.0142995 0.0106397 0.0111938 0.0108122 0 0.00704132 0.0176361 
2009 0 0.00896771 0.0384117 0.0449664 0.121725 0.16747 0.179977 0.122172 0.0523074 0.0486298 0.0490602 0.0175522 0.058539 0.0174287 0.0127013 0.0188222 0.0143877 0 0 0 0.0268812 
2010 0 0.0468213 0.023095 0.0909973 0.0312963 0.129175 0.151244 0.136031 0.0800353 0.0629572 0.059745 0.0489874 0.0313126 0.0490755 0.0172767 0.00679223 0.0103318 0.017623 0 0 0.00720227 
2011 0 0.0368461 0.110746 0.0488756 0.0917902 0.0699797 0.0913273 0.0853331 0.109398 0.0888646 0.0245774 0.0605485 0.0400961 0.0399739 0.0230313 0.0295997 0 0.00681305 0.0106566 0.00728576 0.0242571 
2012 0 0.0232213 0.115497 0.177944 0.0494275 0.0916155 0.0177479 0.0641639 0.0960663 0.0750709 0.0601949 0.0353464 0.0664444 0.0106947 0.0146127 0.0398308 0.0149328 0.0178012 0.011709 0 0.0176797 
2013 0 0.0126036 0.0762179 0.194202 0.255482 0.0421433 0.0671808 0.0350988 0.052489 0.0566334 0.0705513 0.0210811 0.0175212 0.0408613 0.00346422 0.00749113 0.0140887 0.00709447 0.00451163 0 0.0212844 
end_table
table error_values
1990 300 300 300 300 300 300 300 300 300 300 300 300 300 300 300 300 300 300 300 300 300 
1991 300 300 300 300 300 300 300 300 300 300 300 300 300 300 300 300 300 300 300 300 300 
1992 300 300 300 300 300 300 300 300 300 300 300 300 300 300 300 300 300 300 300 300 300 
1993 300 300 300 300 300 300 300 300 300 300 300 300 300 300 300 300 300 300 300 300 300 
1994 300 300 300 300 300 300 300 300 300 300 300 300 300 300 300 300 300 300 300 300 300 
1995 300 300 300 300 300 300 300 300 300 300 300 300 300 300 300 300 300 300 300 300 300 
1996 300 300 300 300 300 300 300 300 300 300 300 300 300 300 300 300 300 300 300 300 300 
1997 300 300 300 300 300 300 300 300 300 300 300 300 300 300 300 300 300 300 300 300 300 
1998 300 300 300 300 300 300 300 300 300 300 300 300 300 300 300 300 300 300 300 300 300 
1999 300 300 300 300 300 300 300 300 300 300 300 300 300 300 300 300 300 300 300 300 300 
2000 300 300 300 300 300 300 300 300 300 300 300 300 300 300 300 300 300 300 300 300 300 
2001 300 300 300 300 300 300 300 300 300 300 300 300 300 300 300 300 300 300 300 300 300 
2002 300 300 300 300 300 300 300 300 300 300 300 300 300 300 300 300 300 300 300 300 300 
2003 300 300 300 300 300 300 300 300 300 300 300 300 300 300 300 300 300 300 300 300 300 
2004 300 300 300 300 300 300 300 300 300 300 300 300 300 300 300 300 300 300 300 300 300 
2005 300 300 300 300 300 300 300 300 300 300 300 300 300 300 300 300 300 300 300 300 300 
2006 300 300 300 300 300 300 300 300 300 300 300 300 300 300 300 300 300 300 300 300 300 
2007 300 300 300 300 300 300 300 300 300 300 300 300 300 300 300 300 300 300 300 300 300 
2008 300 300 300 300 300 300 300 300 300 300 300 300 300 300 300 300 300 300 300 300 300 
2009 300 300 300 300 300 300 300 300 300 300 300 300 300 300 300 300 300 300 300 300 300 
2010 300 300 300 300 300 300 300 300 300 300 300 300 300 300 300 300 300 300 300 300 300 
2011 300 300 300 300 300 300 300 300 300 300 300 300 300 300 300 300 300 300 300 300 300 
2012 300 300 300 300 300 300 300 300 300 300 300 300 300 300 300 300 300 300 300 300 300 
2013 300 300 300 300 300 300 300 300 300 300 300 300 300 300 300 300 300 300 300 300 300 
end_table

