@observation fishery_age_ALK_EN_sim
age_allocation_method proportional 
ageing_error age_error 
fishery_label Fishing_LL 
layer_of_stratum_definitions area_definition 
process_label fishing 
strata_to_include EN 
type mortality_event_biomass_scaled_age_frequency 
years 1990 1991 1992 1993 1994 1995 1996 1997 1998 1999 2000 2001 2002 2003 2004 2005 2006 2007 2008 2009 2010 2011 2012 2013 
table obs
1990 0 0.00548116 0.0435664 0.0461343 0.0776867 0.105081 0.0735272 0.0941928 0.0530927 0.0524767 0.0561946 0.04905 0.0387268 0.0386107 0.0322253 0.0174718 0.0281218 0.0313778 0.0174884 0.0245894 0.114904 
1991 0 0.0297672 0.0497301 0.0566028 0.115372 0.101373 0.0878453 0.0451715 0.049457 0.0598759 0.0559857 0.0248733 0.0415093 0.0327 0.0280651 0.0268748 0.0245985 0.010486 0.0468413 0 0.112871 
1992 0 0 0.0912975 0.0532748 0.087857 0.109589 0.0799493 0.0699266 0.0906916 0.0384543 0.0278947 0.0430516 0.0391778 0.0365657 0.0148221 0.0313607 0.0218931 0.0208914 0.0180145 0.0175285 0.10776 
1993 0 0.0076557 0.0108553 0.202677 0.103536 0.0798982 0.0622101 0.0562008 0.0663816 0.0495051 0.0317604 0.0664772 0.0317801 0.0314526 0.0317577 0.0205219 0.00701249 0.0180405 0.00701411 0.00693407 0.108329 
1994 0 0.00682224 0.0263784 0.0357166 0.288654 0.100559 0.0691179 0.0615417 0.0759666 0.0389133 0.0274391 0.0306282 0.0268939 0.0284863 0.0240257 0.0137583 0.0103931 0.0101627 0.0365993 0.0206781 0.0672649 
1995 0 0.00502375 0.033223 0.0709881 0.0419576 0.288953 0.100633 0.0523341 0.0446334 0.0246446 0.0278304 0.0394531 0.0389641 0.0217019 0.0137522 0.0271054 0.0179897 0.0140659 0.0317015 0.0176192 0.0874261 
1996 0 0 0.0281003 0.0592854 0.118976 0.0486523 0.312633 0.0417487 0.0664512 0.0345593 0.0281655 0.038753 0.0295004 0.0139951 0.0104445 0.0314728 0.0319385 0.00692215 0.0232943 0.013895 0.0612129 
1997 0 0.0186672 0.0071481 0.0921703 0.107501 0.120674 0.0206655 0.234717 0.0551193 0.0484612 0.034574 0.0278655 0.0273561 0.0181179 0.010436 0.0182748 0.010304 0.0150334 0.0139662 0.00683558 0.112114 
1998 0 0.0138329 0.0658127 0.0414096 0.095902 0.120633 0.10655 0.0240574 0.194651 0.0589451 0.0308044 0.0242074 0.024851 0.00736594 0.0205902 0.0140492 0.025026 0.0139208 0.0223602 0.00429125 0.0907396 
1999 0 0.0241712 0.0601134 0.175327 0.0243209 0.118652 0.0833973 0.0843761 0.0252456 0.138082 0.0319814 0.0417447 0.0276968 0.0179073 0.00686386 0.00724902 0.00686386 0.0143074 0.01469 0.0034827 0.0935271 
2000 0 0.0219176 0.0370934 0.122151 0.209719 0.0241087 0.0957173 0.0862371 0.0518455 0.0102788 0.102064 0.0140445 0.020976 0.0241734 0.0312712 0.0314513 0.0102835 0.0148937 0.0112395 0.00444854 0.0760866 
2001 0 0.00451252 0.0761409 0.0895582 0.198946 0.188659 0.0241782 0.0623173 0.0468664 0.0416388 0.0282718 0.0691516 0.0340825 0.00358192 0.036353 0.0107491 0.00381835 0.00704245 0.00358192 0 0.0705505 
2002 0 0.010294 0.0218531 0.127268 0.17826 0.159864 0.141823 0.0315527 0.063163 0.0636318 0.0174978 0.0137274 0.0734931 0 0.00721502 0.00737291 0.0109973 0.00337231 0.0115816 0.00422291 0.0528104 
2003 0 0.00823718 0.0403889 0.0514829 0.203394 0.127576 0.148649 0.153242 0.0102572 0.0313273 0.0318165 0.0284952 0.00729646 0.0287692 0.0357347 0.00716465 0.00435104 0.0106226 0.0138627 0.0038335 0.0534988 
2004 0 0.0317038 0.0381784 0.0739551 0.0634326 0.195764 0.118883 0.105234 0.0880887 0.00695173 0.0318642 0.0381824 0.0491997 0.0176447 0.0628197 0.0219261 0.0140897 0.00725268 0 0.00776798 0.0270619 
2005 0 0.00708755 0.0972466 0.0660439 0.139402 0.0629399 0.156486 0.0976807 0.0799603 0.103913 0.0039243 0.0394468 0.0145096 0.0212719 0.00391754 0.0244553 0.00752739 0.0141586 0.00576634 0.00352797 0.0507348 
2006 0 0.004701 0.00449345 0.179962 0.132623 0.118192 0.0591501 0.122402 0.0618428 0.0729397 0.0974514 0.00702347 0.0173196 0.00697642 0.0130369 0 0.0297558 0.0034271 0.00676028 0.00354113 0.0584016 
2007 0 0.00388898 0.00979926 0.0291409 0.31787 0.0866674 0.107067 0.0346028 0.114524 0.0353583 0.0366145 0.066934 0.0111832 0.0115115 0.0339093 0 0 0.0315976 0.00695874 0.0141162 0.0482574 
2008 0 0.00812511 0.0355722 0.013987 0.0347137 0.253953 0.0829656 0.0975575 0.0386132 0.0848499 0.0655885 0.0853914 0.0506223 0.007001 0.0180666 0.0274892 0.025145 0.00338668 0.0213491 0 0.0456228 
2009 0 0.0147825 0.0452079 0.0851144 0.0102399 0.0485556 0.271573 0.0819308 0.09398 0.0309773 0.056908 0.0385461 0.0572442 0.0385141 0.0141394 0.0210454 0.0176169 0.00343561 0.00764013 0.0453278 0.0172211 
2010 0 0.0049744 0.0755495 0.0702486 0.111877 0.0242574 0.0380815 0.23941 0.0451144 0.0904547 0.0170985 0.0478218 0.0289871 0.0483382 0.0591115 0.0034406 0.01536 0.0101047 0.00704041 0 0.0627296 
2011 0 0.0159368 0.018733 0.108972 0.117544 0.116852 0.0207013 0.0276753 0.215693 0.0852286 0.0629647 0.0279502 0.029451 0.0456295 0.0460037 0.0244321 0.0106583 0.00345432 0.00346125 0 0.0186593 
2012 0 0.0313041 0.0705683 0.0454325 0.149029 0.0760518 0.0794971 0.0277804 0.0348036 0.137766 0.0535634 0.0418508 0.0103922 0.0388303 0.0475854 0.0174785 0.0253571 0.00368489 0.00730771 0.00356334 0.0981539 
2013 0 0.00379144 0.11726 0.115268 0.0455831 0.149774 0.0733885 0.0979939 0.0244624 0.024457 0.102761 0.0425691 0.042169 0.00762138 0.0251182 0.0220501 0.0317914 0.0213868 0 0.0125846 0.0399696 
end_table
table error_values
1990 300 300 300 300 300 300 300 300 300 300 300 300 300 300 300 300 300 300 300 300 300 
1991 300 300 300 300 300 300 300 300 300 300 300 300 300 300 300 300 300 300 300 300 300 
1992 300 300 300 300 300 300 300 300 300 300 300 300 300 300 300 300 300 300 300 300 300 
1993 300 300 300 300 300 300 300 300 300 300 300 300 300 300 300 300 300 300 300 300 300 
1994 300 300 300 300 300 300 300 300 300 300 300 300 300 300 300 300 300 300 300 300 300 
1995 300 300 300 300 300 300 300 300 300 300 300 300 300 300 300 300 300 300 300 300 300 
1996 300 300 300 300 300 300 300 300 300 300 300 300 300 300 300 300 300 300 300 300 300 
1997 300 300 300 300 300 300 300 300 300 300 300 300 300 300 300 300 300 300 300 300 300 
1998 300 300 300 300 300 300 300 300 300 300 300 300 300 300 300 300 300 300 300 300 300 
1999 300 300 300 300 300 300 300 300 300 300 300 300 300 300 300 300 300 300 300 300 300 
2000 300 300 300 300 300 300 300 300 300 300 300 300 300 300 300 300 300 300 300 300 300 
2001 300 300 300 300 300 300 300 300 300 300 300 300 300 300 300 300 300 300 300 300 300 
2002 300 300 300 300 300 300 300 300 300 300 300 300 300 300 300 300 300 300 300 300 300 
2003 300 300 300 300 300 300 300 300 300 300 300 300 300 300 300 300 300 300 300 300 300 
2004 300 300 300 300 300 300 300 300 300 300 300 300 300 300 300 300 300 300 300 300 300 
2005 300 300 300 300 300 300 300 300 300 300 300 300 300 300 300 300 300 300 300 300 300 
2006 300 300 300 300 300 300 300 300 300 300 300 300 300 300 300 300 300 300 300 300 300 
2007 300 300 300 300 300 300 300 300 300 300 300 300 300 300 300 300 300 300 300 300 300 
2008 300 300 300 300 300 300 300 300 300 300 300 300 300 300 300 300 300 300 300 300 300 
2009 300 300 300 300 300 300 300 300 300 300 300 300 300 300 300 300 300 300 300 300 300 
2010 300 300 300 300 300 300 300 300 300 300 300 300 300 300 300 300 300 300 300 300 300 
2011 300 300 300 300 300 300 300 300 300 300 300 300 300 300 300 300 300 300 300 300 300 
2012 300 300 300 300 300 300 300 300 300 300 300 300 300 300 300 300 300 300 300 300 300 
2013 300 300 300 300 300 300 300 300 300 300 300 300 300 300 300 300 300 300 300 300 300 
end_table

