@observation fishery_age_ALK_EN_sim
age_allocation_method proportional 
ageing_error age_error 
fishery_label Fishing_LL 
layer_of_stratum_definitions area_definition 
process_label fishing 
strata_to_include EN 
type mortality_event_biomass_scaled_age_frequency 
years 1990 1991 1992 1993 1994 1995 1996 1997 1998 1999 2000 2001 2002 2003 2004 2005 2006 2007 2008 2009 2010 2011 2012 2013 
table obs
1990 0 0.0117917 0.0146195 0.0581205 0.0809871 0.129815 0.0838683 0.0905323 0.0526972 0.0527705 0.0632263 0.0421728 0.0422076 0.0350911 0.0104592 0.0243974 0.0317457 0.0387026 0.0349571 0.00346235 0.0983758 
1991 0 0.0229416 0.0348289 0.0712563 0.097956 0.0662424 0.0844558 0.0772199 0.0703072 0.0527633 0.0439231 0.0634619 0.0240198 0.0419686 0.0280069 0.0352317 0.00678506 0.0142292 0.0175658 0.0211852 0.125652 
1992 0 0 0.113766 0.0637088 0.0915097 0.104417 0.0769389 0.0554438 0.0659944 0.0493896 0.0493665 0.0449405 0.0278774 0.0212945 0.0425617 0.0139952 0.0155053 0.0144337 0 0.00802088 0.140836 
1993 0 0.0111581 0.0107785 0.178281 0.0834015 0.0725217 0.0900377 0.0835316 0.073392 0.0665214 0.0355868 0.0315816 0.0362227 0.02467 0.0390927 0.0173396 0.00368512 0.0152977 0.010503 0.0176354 0.0987623 
1994 0 0.00749248 0.0179998 0.0221866 0.292677 0.0863988 0.0658583 0.0652898 0.0485634 0.0592037 0.0377586 0.0513122 0.0204304 0.0308003 0.0372281 0.0139276 0.017199 0.0230521 0.019385 0.0102443 0.072993 
1995 0 0.00857657 0.0186928 0.0788646 0.0242712 0.285512 0.0902896 0.0624158 0.0497231 0.0454647 0.0642917 0.0425685 0.0347855 0.0175131 0.00701544 0.0223378 0.0109719 0.0314244 0.0104107 0.00696648 0.0879037 
1996 0 0 0.0415122 0.0703766 0.107946 0.0631417 0.225461 0.0798586 0.0627246 0.0487291 0.0387266 0.0282192 0.0246293 0.0296254 0.0362544 0.0114714 0.00339308 0.0173298 0.0153947 0.014529 0.0806774 
1997 0 0.0235468 0.00846208 0.0729275 0.114323 0.130553 0.0308871 0.24357 0.02849 0.0345511 0.0628562 0.0316816 0.017598 0.0244389 0.0177113 0.0175391 0.00350746 0.0173004 0.0258776 0.00350746 0.0906715 
1998 0 0.0126614 0.0669025 0.0170755 0.144541 0.0894173 0.0859231 0.0245176 0.232811 0.0317734 0.0526306 0.0205364 0.0210225 0.0171794 0.0107928 0.0145746 0.018187 0.0280962 0.0102426 0.00699488 0.0941196 
1999 0 0.0159792 0.0398074 0.172026 0.0421291 0.131566 0.0621088 0.0456759 0.0241191 0.151177 0.0390781 0.032216 0.0257005 0.031626 0.0211032 0.0106598 0.02187 0.0175465 0.00701915 0 0.108591 
2000 0 0.0142361 0.044965 0.135101 0.154623 0.0482027 0.113601 0.0694511 0.0687129 0.00342578 0.110779 0.0318762 0.0315984 0.0212079 0.0214197 0.0191409 0.0142862 0.0105826 0.0102459 0.0140421 0.0625025 
2001 0 0.00451252 0.0518897 0.116498 0.154365 0.223906 0.0354416 0.0828688 0.0345749 0.0462214 0.00696943 0.0867647 0.0284251 0 0.0181661 0.0199637 0.0214762 0.0139663 0.00351538 0.00351538 0.0469592 
2002 0 0.010294 0.011021 0.139588 0.148161 0.166539 0.16277 0.0210893 0.0487 0.042133 0.0481437 0.0144979 0.0713691 0.0180586 0.0144725 0.0069635 0.0105983 0 0.0107622 0.00337046 0.051468 
2003 0 0.00411859 0.0718829 0.0416125 0.158598 0.172087 0.144961 0.111412 0.0139912 0.0452498 0.0246089 0.0219877 0.0107872 0.0601392 0.010823 0.0142737 0.00347138 0.00358232 0.0148169 0.0175955 0.0540006 
2004 0 0.0312285 0.0521566 0.0868127 0.0907535 0.212642 0.0975314 0.080479 0.0809929 0.0139003 0.0458172 0.017462 0.00709479 0.0141644 0.0842363 0.0182738 0.010444 0 0.00708089 0.00734712 0.0415819 
2005 0 0 0.110727 0.0630136 0.177563 0.0348554 0.118841 0.0836685 0.080328 0.123071 0.0175322 0.0210788 0.016361 0.0140791 0.00744551 0.0513476 0.0109176 0.0139637 0.0149064 0.00733457 0.0329664 
2006 0 0 0.00807387 0.176725 0.0831485 0.14511 0.0897522 0.141351 0.0554996 0.0503165 0.0723566 0.0102253 0.0267598 0.0180635 0.0177163 0.0180229 0.035146 0.0211764 0.00707004 0 0.023486 
2007 0 0.00388899 0.00780875 0.0247329 0.307797 0.0758019 0.14842 0.0589683 0.0617112 0.0637618 0.0580559 0.0488922 0.0109461 0.0184909 0.0138175 0.0217614 0.00340641 0.0150332 0.00355233 0.00342859 0.0497253 
2008 0 0.00457037 0.0304346 0.0177354 0.0417941 0.268408 0.118752 0.0836368 0.0350971 0.0911579 0.0917723 0.0491175 0.0465152 0.00340201 0.0138267 0.0243972 0.0121569 0.00406509 0.0183487 0.00353533 0.0412768 
2009 0 0.0222939 0.0302629 0.077776 0.0245546 0.031138 0.220389 0.110209 0.0764969 0.0420286 0.100224 0.0794031 0.0422911 0.0316654 0.00703416 0.0175253 0.00716654 0.0103257 0.0084226 0.0247088 0.0360847 
2010 0 0 0.0630126 0.0598517 0.111836 0.0208128 0.0240783 0.271301 0.0692636 0.0743648 0.0308572 0.0550399 0.0429009 0.0310839 0.0353321 0.00336621 0.0140163 0.0140578 0.00732275 0 0.0715029 
2011 0 0.027898 0.0177279 0.118325 0.124131 0.117886 0.0172211 0.0450524 0.163355 0.0625058 0.0522234 0.0139377 0.0618982 0.0354695 0.0179881 0.0140555 0.00685639 0.00718668 0.0138524 0.00345257 0.078977 
2012 0 0.0383315 0.0566149 0.0278986 0.175777 0.0970229 0.0732664 0.0140427 0.0141737 0.13697 0.0544141 0.0362592 0.0138992 0.0703175 0.0431581 0.0141484 0.0462415 0.00701722 0.0148329 0.00722662 0.0583879 
2013 0 0.00379144 0.127511 0.105206 0.052059 0.132603 0.0909159 0.0950484 0.0315528 0.0416434 0.113289 0.0422446 0.0252744 0.00711463 0.0372099 0.0251199 0.0176861 0.0138916 0.00775939 0.0106233 0.0194565 
end_table
table error_values
1990 300 300 300 300 300 300 300 300 300 300 300 300 300 300 300 300 300 300 300 300 300 
1991 300 300 300 300 300 300 300 300 300 300 300 300 300 300 300 300 300 300 300 300 300 
1992 300 300 300 300 300 300 300 300 300 300 300 300 300 300 300 300 300 300 300 300 300 
1993 300 300 300 300 300 300 300 300 300 300 300 300 300 300 300 300 300 300 300 300 300 
1994 300 300 300 300 300 300 300 300 300 300 300 300 300 300 300 300 300 300 300 300 300 
1995 300 300 300 300 300 300 300 300 300 300 300 300 300 300 300 300 300 300 300 300 300 
1996 300 300 300 300 300 300 300 300 300 300 300 300 300 300 300 300 300 300 300 300 300 
1997 300 300 300 300 300 300 300 300 300 300 300 300 300 300 300 300 300 300 300 300 300 
1998 300 300 300 300 300 300 300 300 300 300 300 300 300 300 300 300 300 300 300 300 300 
1999 300 300 300 300 300 300 300 300 300 300 300 300 300 300 300 300 300 300 300 300 300 
2000 300 300 300 300 300 300 300 300 300 300 300 300 300 300 300 300 300 300 300 300 300 
2001 300 300 300 300 300 300 300 300 300 300 300 300 300 300 300 300 300 300 300 300 300 
2002 300 300 300 300 300 300 300 300 300 300 300 300 300 300 300 300 300 300 300 300 300 
2003 300 300 300 300 300 300 300 300 300 300 300 300 300 300 300 300 300 300 300 300 300 
2004 300 300 300 300 300 300 300 300 300 300 300 300 300 300 300 300 300 300 300 300 300 
2005 300 300 300 300 300 300 300 300 300 300 300 300 300 300 300 300 300 300 300 300 300 
2006 300 300 300 300 300 300 300 300 300 300 300 300 300 300 300 300 300 300 300 300 300 
2007 300 300 300 300 300 300 300 300 300 300 300 300 300 300 300 300 300 300 300 300 300 
2008 300 300 300 300 300 300 300 300 300 300 300 300 300 300 300 300 300 300 300 300 300 
2009 300 300 300 300 300 300 300 300 300 300 300 300 300 300 300 300 300 300 300 300 300 
2010 300 300 300 300 300 300 300 300 300 300 300 300 300 300 300 300 300 300 300 300 300 
2011 300 300 300 300 300 300 300 300 300 300 300 300 300 300 300 300 300 300 300 300 300 
2012 300 300 300 300 300 300 300 300 300 300 300 300 300 300 300 300 300 300 300 300 300 
2013 300 300 300 300 300 300 300 300 300 300 300 300 300 300 300 300 300 300 300 300 300 
end_table

