@observation fishery_age_ALK_BP_sim
age_allocation_method proportional 
ageing_error age_error 
fishery_label Fishing_LL 
layer_of_stratum_definitions area_definition 
process_label fishing 
strata_to_include BP 
type mortality_event_biomass_scaled_age_frequency 
years 1990 1991 1992 1993 1994 1995 1996 1997 1998 1999 2000 2001 2002 2003 2004 2005 2006 2007 2008 2009 2010 2011 2012 2013 
table obs
1990 0 0.00527397 0.0322937 0.0753668 0.0992304 0.0806763 0.105177 0.0562953 0.0705488 0.0699894 0.0486272 0.0424156 0.0246311 0.0282098 0.0331486 0.0256599 0.0354695 0.0104202 0.0143225 0.0102955 0.131948 
1991 0 0.0089053 0.035408 0.0899728 0.10187 0.0661259 0.0696935 0.0806043 0.0659048 0.0486886 0.0353537 0.0412427 0.0427169 0.0490654 0.0311067 0.0315177 0.0328169 0.0185323 0.0175468 0.0103986 0.122529 
1992 0 0 0.0382838 0.0744728 0.116833 0.103237 0.0783682 0.0954003 0.0356045 0.0714668 0.0172182 0.0352467 0.0600919 0.032125 0.0371776 0.0172506 0.0189857 0.0229251 0.0270302 0.0137833 0.104499 
1993 0 0 0.0237037 0.0807462 0.122032 0.128638 0.0655633 0.076213 0.0487048 0.0349287 0.0415413 0.0557616 0.0309864 0.0330667 0.0382892 0.0208884 0.0139545 0.0418576 0.0184853 0.00825921 0.11638 
1994 0 0.0265399 0.0164348 0.0616712 0.111468 0.12239 0.0872019 0.0738308 0.0454697 0.0558031 0.0489991 0.0308922 0.0316339 0.0375556 0.0367542 0.0212459 0.0314481 0.0138355 0.0140771 0.0034672 0.129282 
1995 0 0.03771 0.0877877 0.0177784 0.0729632 0.118883 0.0969079 0.0629616 0.0626546 0.0603073 0.0482479 0.0315254 0.0354506 0.0212541 0.0141184 0.0330558 0.0250718 0.0151251 0.0259789 0.0115447 0.120674 
1996 0 0.0179932 0.0848435 0.205659 0.0588847 0.101332 0.073141 0.0671395 0.035351 0.0593202 0.0489961 0.0524071 0.0209632 0.00693102 0.0402355 0.00809058 0.013506 0.00378141 0.00365952 0.0109187 0.0868474 
1997 0 0.00986715 0.0672126 0.128404 0.262797 0.0242099 0.0700459 0.0910289 0.0635208 0.035385 0.0431452 0.0383756 0.0141043 0.0077816 0.014471 0.0149636 0.016039 0.00703297 0 0.010983 0.0806319 
1998 0 0.0461434 0.0326075 0.0632146 0.233139 0.241333 0.0315608 0.0463523 0.0386764 0.0369925 0.03303 0.0286466 0.00719136 0.0179839 0.0141227 0.0110897 0.026268 0.00749102 0 0.00739736 0.0767606 
1999 0 0 0.10872 0.0805106 0.148373 0.148349 0.237947 0.0241178 0.0173114 0.0424628 0.0246143 0.0176919 0.0198615 0.0184585 0.0143815 0.0156021 0.0078471 0.00725007 0.00381184 0.00766742 0.0550224 
2000 0 0.00652233 0.0476928 0.237316 0.146987 0.0802433 0.134029 0.142918 0.020892 0.0143906 0.0295213 0.0245185 0.0147011 0.00711698 0.014851 0.00763228 0.0108798 0.0114245 0.0110958 0.00352989 0.0337382 
2001 0 0.0227222 0.0396922 0.0692539 0.380363 0.0689329 0.0898054 0.0974298 0.0795496 0.0103789 0.0206622 0.0247793 0.0178959 0.0110403 0.0143036 0.0038328 0.00359002 0.00344777 0 0 0.0423203 
2002 0 0.0255009 0.0528989 0.0871284 0.0906008 0.287313 0.0702388 0.0668351 0.0883067 0.0950406 0 0.0171111 0.0282891 0.0174441 0.00342637 0.0080908 0.00929156 0.00695901 0 0.00369966 0.0418249 
2003 0 0.0169925 0.0396096 0.10288 0.169542 0.0798611 0.247103 0.0737714 0.0534285 0.0749387 0.0651758 0.00736692 0 0.0155443 0.00694215 0.0107093 0.00353126 0.00412999 0.00348688 0.0034868 0.0214986 
2004 0 0.0152928 0.0633289 0.0870497 0.176434 0.148503 0.0557962 0.198113 0.0688516 0.0390247 0.0317158 0.0522351 0.00871943 0.0034263 0.00689824 0.00346543 0.00439754 0.0041718 0 0 0.0325765 
2005 0 0.0151511 0.0453492 0.11889 0.114641 0.154518 0.128242 0.0624395 0.150017 0.0208019 0.0316764 0.0327422 0.0539735 0.00346386 0.00724164 0.0134543 0.00344973 0.00409398 0.00362575 0.00360701 0.0326215 
2006 0 0.0159324 0.0571147 0.0875279 0.176381 0.101812 0.0910149 0.087844 0.072925 0.142079 0.0315112 0.0287375 0.0177214 0.0392776 0.00948099 0 0.00355667 0.00342238 0 0.00390296 0.0297579 
2007 0 0.00443755 0.00714921 0.074907 0.186104 0.122096 0.108825 0.0868996 0.0734796 0.0522227 0.10538 0.0179306 0.0138315 0.0343075 0.0355636 0 0.0114583 0.0085614 0.0254706 0.0106605 0.020715 
2008 0 0.00376055 0.0177705 0.103621 0.131023 0.149113 0.160757 0.0421188 0.0835377 0.0716007 0.017595 0.0805065 0.0210757 0.0212204 0.0245765 0.021205 0.00376668 0.00691201 0.00677661 0.0170685 0.0159943 
2009 0 0.00896771 0.0179105 0.0461004 0.0931712 0.190821 0.158685 0.149237 0.0517212 0.0761419 0.0424807 0.0278437 0.054195 0.0149423 0.00448275 0.0292408 0.00706863 0 0 0 0.02699 
2010 0 0.0427423 0.0315668 0.0961584 0.0313059 0.0916736 0.144148 0.12548 0.0978238 0.0380031 0.0628913 0.0455175 0.0558338 0.0631535 0.00339478 0.0279414 0.0107981 0.0106442 0.00357811 0.00339478 0.0139512 
2011 0 0.0407532 0.0857015 0.0519859 0.109542 0.0630257 0.106088 0.0959375 0.0865812 0.0881685 0.0317376 0.0534441 0.0388346 0.0255266 0.0547851 0.0189692 0.0105331 0.0108167 0.0123337 0.00374853 0.0114868 
2012 0 0.0266966 0.10827 0.184807 0.0600728 0.106448 0.014146 0.0680724 0.0923085 0.0714019 0.0819759 0.0218059 0.0442307 0.0216824 0.014133 0.040384 0 0.0175617 0.00473402 0.00721883 0.0140506 
2013 0 0.00922033 0.0692335 0.211488 0.234522 0.0734365 0.059318 0.0350506 0.0530157 0.0538246 0.0596553 0.036028 0.0183192 0.0224276 0.00347991 0.00699845 0.0108939 0.0142894 0.00451163 0.00345755 0.0208299 
end_table
table error_values
1990 300 300 300 300 300 300 300 300 300 300 300 300 300 300 300 300 300 300 300 300 300 
1991 300 300 300 300 300 300 300 300 300 300 300 300 300 300 300 300 300 300 300 300 300 
1992 300 300 300 300 300 300 300 300 300 300 300 300 300 300 300 300 300 300 300 300 300 
1993 300 300 300 300 300 300 300 300 300 300 300 300 300 300 300 300 300 300 300 300 300 
1994 300 300 300 300 300 300 300 300 300 300 300 300 300 300 300 300 300 300 300 300 300 
1995 300 300 300 300 300 300 300 300 300 300 300 300 300 300 300 300 300 300 300 300 300 
1996 300 300 300 300 300 300 300 300 300 300 300 300 300 300 300 300 300 300 300 300 300 
1997 300 300 300 300 300 300 300 300 300 300 300 300 300 300 300 300 300 300 300 300 300 
1998 300 300 300 300 300 300 300 300 300 300 300 300 300 300 300 300 300 300 300 300 300 
1999 300 300 300 300 300 300 300 300 300 300 300 300 300 300 300 300 300 300 300 300 300 
2000 300 300 300 300 300 300 300 300 300 300 300 300 300 300 300 300 300 300 300 300 300 
2001 300 300 300 300 300 300 300 300 300 300 300 300 300 300 300 300 300 300 300 300 300 
2002 300 300 300 300 300 300 300 300 300 300 300 300 300 300 300 300 300 300 300 300 300 
2003 300 300 300 300 300 300 300 300 300 300 300 300 300 300 300 300 300 300 300 300 300 
2004 300 300 300 300 300 300 300 300 300 300 300 300 300 300 300 300 300 300 300 300 300 
2005 300 300 300 300 300 300 300 300 300 300 300 300 300 300 300 300 300 300 300 300 300 
2006 300 300 300 300 300 300 300 300 300 300 300 300 300 300 300 300 300 300 300 300 300 
2007 300 300 300 300 300 300 300 300 300 300 300 300 300 300 300 300 300 300 300 300 300 
2008 300 300 300 300 300 300 300 300 300 300 300 300 300 300 300 300 300 300 300 300 300 
2009 300 300 300 300 300 300 300 300 300 300 300 300 300 300 300 300 300 300 300 300 300 
2010 300 300 300 300 300 300 300 300 300 300 300 300 300 300 300 300 300 300 300 300 300 
2011 300 300 300 300 300 300 300 300 300 300 300 300 300 300 300 300 300 300 300 300 300 
2012 300 300 300 300 300 300 300 300 300 300 300 300 300 300 300 300 300 300 300 300 300 
2013 300 300 300 300 300 300 300 300 300 300 300 300 300 300 300 300 300 300 300 300 300 
end_table

