@observation fishery_age_ALK_EN_sim
age_allocation_method proportional 
ageing_error age_error 
fishery_label Fishing_LL 
layer_of_stratum_definitions area_definition 
process_label fishing 
strata_to_include EN 
type mortality_event_biomass_scaled_age_frequency 
years 1990 1991 1992 1993 1994 1995 1996 1997 1998 1999 2000 2001 2002 2003 2004 2005 2006 2007 2008 2009 2010 2011 2012 2013 
table obs
1990 0 0 0.0298093 0.0579083 0.113532 0.111953 0.0629009 0.111905 0.0666193 0.0632618 0.0421393 0.0300215 0.0210949 0.0388335 0.0351601 0.031563 0.018398 0.0141343 0.020804 0.0138855 0.116077 
1991 0 0.0308485 0.0208903 0.0632501 0.121767 0.0913895 0.0701377 0.0658518 0.0595245 0.0490363 0.0458639 0.045858 0.0289991 0.0392534 0.0352353 0.0423068 0.0243907 0.0248597 0.0140866 0.0323572 0.0940939 
1992 0 0.00840947 0.108667 0.0708875 0.0951983 0.0830988 0.0596798 0.0691974 0.0487446 0.0281024 0.0492741 0.0490552 0.0450398 0.0329229 0.0246301 0.0358075 0.0172606 0.0183843 0.014751 0.0109808 0.129909 
1993 0 0.00784493 0.00689758 0.223478 0.0864347 0.0592247 0.0796281 0.0665252 0.0277333 0.0383509 0.0419491 0.049108 0.0389884 0.0140947 0.0281093 0.0173484 0.0323759 0.00700275 0.010766 0.0139766 0.150164 
1994 0 0.00749248 0.0253813 0.0392471 0.303494 0.0861406 0.0788734 0.0584474 0.0482542 0.030853 0.0314314 0.0248501 0.0277015 0.0173082 0.0312205 0.0138837 0.0193434 0.0214923 0.022653 0.0215099 0.0904221 
1995 0 0.00502375 0.0224121 0.0848697 0.0348616 0.27233 0.0764388 0.0662108 0.0660358 0.0350379 0.0496814 0.0349524 0.040482 0.0174217 0.0274842 0.0210177 0.0146319 0.0187314 0.0116745 0.0068946 0.093808 
1996 0 0 0.0307649 0.0805432 0.129839 0.0382347 0.260681 0.0521083 0.048848 0.0488052 0.0207584 0.0387633 0.0229385 0.0366066 0.0177098 0.0205521 0.0211268 0 0.0105196 0.00711723 0.114083 
1997 0 0.0121163 0.0149962 0.0867763 0.122333 0.102705 0.0273926 0.234442 0.0447594 0.0514649 0.0284195 0.0352586 0.0311988 0.0209966 0.0140057 0.0287076 0.0208588 0.0107218 0.0147027 0.018192 0.0799526 
1998 0 0.0125229 0.0807934 0.0138052 0.13107 0.117839 0.127365 0.0173666 0.190676 0.0589517 0.0313541 0.021935 0.0183824 0.0183087 0.0243504 0.013787 0.0144181 0.0104978 0.00339281 0.00678821 0.0863953 
1999 0 0.0124732 0.0723244 0.157363 0.0308654 0.0802898 0.118183 0.0626284 0.0207632 0.158446 0.0389816 0.0242536 0.0538205 0.0250989 0.0119324 0.0148573 0.0179142 0.0142867 0.01521 0 0.070308 
2000 0 0.0223818 0.0434507 0.11442 0.223647 0.0411793 0.0996837 0.0309114 0.065775 0.0309221 0.0977333 0.0428572 0.0255621 0.0181563 0.0143988 0.00717221 0.0221418 0.0172699 0.00420651 0.0138902 0.0642408 
2001 0 0.00451252 0.054779 0.0924655 0.196577 0.189404 0.0276495 0.0723091 0.0626159 0.0245527 0.0140137 0.106367 0.0290126 0.0035476 0.0142936 0.00688062 0.00918271 0.0103071 0.0105969 0 0.0709328 
2002 0 0.0141113 0.0299986 0.136941 0.1323 0.13509 0.211633 0.00683563 0.0693286 0.0384 0.0277779 0.0109642 0.0537879 0.0258107 0.00717059 0.00362336 0.0139379 0.00736057 0.00806906 0.00407061 0.0627898 
2003 0 0.0075852 0.0540154 0.0425934 0.189629 0.143859 0.155881 0.125906 0.0142479 0.0557886 0.0350625 0.0324781 0.00729508 0.0497135 0.0138695 0.0146356 0 0.00729047 0.00693762 0 0.0432116 
2004 0 0.0280952 0.0448774 0.117698 0.0735924 0.14954 0.115197 0.104613 0.0983264 0.00345208 0.0389638 0.0467678 0.0217844 0.0248391 0.0383091 0.0175028 0.0186995 0 0.00397139 0.0176335 0.0361375 
2005 0 0 0.0753689 0.111787 0.133083 0.0383046 0.160788 0.0769804 0.102722 0.0797152 0.00349189 0.0282661 0.0251793 0.020935 0.0148379 0.0317357 0.0114932 0.00685944 0.00357631 0.0173889 0.0574883 
2006 0 0 0.0105235 0.212164 0.0865799 0.151883 0.0550091 0.0863043 0.0616309 0.0834027 0.0803412 0.0173374 0.0316603 0.0252383 0.0129364 0.00338325 0.0195364 0.014275 0.0136896 0 0.0341051 
2007 0 0.00388898 0.00761864 0.027537 0.253171 0.117629 0.116985 0.0452856 0.100204 0.0638396 0.0489318 0.0682106 0.00710465 0.0339147 0.0322656 0.00344304 0 0.0103545 0 0 0.0596165 
2008 0 0.00812511 0.0195714 0.0249535 0.0282416 0.306037 0.129573 0.0805356 0.0245765 0.0950906 0.0630302 0.0502874 0.0571999 0.00724077 0.00353533 0.0181188 0.0105645 0 0.0470025 0.00347223 0.0228434 
2009 0 0.0188759 0.0540574 0.0721696 0.010386 0.0239472 0.226824 0.139553 0.0827431 0.0479211 0.0973875 0.0487073 0.0386774 0.0419886 0.0076469 0.0102953 0.00686444 0.00688267 0.00344301 0.0211163 0.040514 
2010 0 0 0.0591566 0.0812989 0.122288 0.0102799 0.0208423 0.238474 0.0767063 0.0863131 0.0275397 0.0804229 0.026822 0.0495754 0.0507508 0 0.00698265 0.00693781 0.00710577 0.00336621 0.0451372 
2011 0 0.0241723 0.0212929 0.135945 0.114362 0.079725 0.0309049 0.0137843 0.235758 0.0415176 0.0447719 0.0103025 0.0480718 0.0368464 0.0251356 0.0525014 0.00340004 0.0178008 0.00352487 0.00704574 0.053137 
2012 0 0.0312821 0.0605955 0.0588131 0.162997 0.0970815 0.0625769 0.013906 0.031145 0.102295 0.0706207 0.0794721 0.0244521 0.0561207 0.0317994 0.0218072 0.0361218 0 0.00368489 0.0143616 0.0408678 
2013 0 0.0113743 0.112434 0.126468 0.0486932 0.210024 0.083964 0.0386801 0.00692329 0.0140632 0.123892 0.0279152 0.0428869 0.0035875 0.0466519 0.0201558 0.0245882 0.0105703 0 0.00682007 0.0403072 
end_table
table error_values
1990 300 300 300 300 300 300 300 300 300 300 300 300 300 300 300 300 300 300 300 300 300 
1991 300 300 300 300 300 300 300 300 300 300 300 300 300 300 300 300 300 300 300 300 300 
1992 300 300 300 300 300 300 300 300 300 300 300 300 300 300 300 300 300 300 300 300 300 
1993 300 300 300 300 300 300 300 300 300 300 300 300 300 300 300 300 300 300 300 300 300 
1994 300 300 300 300 300 300 300 300 300 300 300 300 300 300 300 300 300 300 300 300 300 
1995 300 300 300 300 300 300 300 300 300 300 300 300 300 300 300 300 300 300 300 300 300 
1996 300 300 300 300 300 300 300 300 300 300 300 300 300 300 300 300 300 300 300 300 300 
1997 300 300 300 300 300 300 300 300 300 300 300 300 300 300 300 300 300 300 300 300 300 
1998 300 300 300 300 300 300 300 300 300 300 300 300 300 300 300 300 300 300 300 300 300 
1999 300 300 300 300 300 300 300 300 300 300 300 300 300 300 300 300 300 300 300 300 300 
2000 300 300 300 300 300 300 300 300 300 300 300 300 300 300 300 300 300 300 300 300 300 
2001 300 300 300 300 300 300 300 300 300 300 300 300 300 300 300 300 300 300 300 300 300 
2002 300 300 300 300 300 300 300 300 300 300 300 300 300 300 300 300 300 300 300 300 300 
2003 300 300 300 300 300 300 300 300 300 300 300 300 300 300 300 300 300 300 300 300 300 
2004 300 300 300 300 300 300 300 300 300 300 300 300 300 300 300 300 300 300 300 300 300 
2005 300 300 300 300 300 300 300 300 300 300 300 300 300 300 300 300 300 300 300 300 300 
2006 300 300 300 300 300 300 300 300 300 300 300 300 300 300 300 300 300 300 300 300 300 
2007 300 300 300 300 300 300 300 300 300 300 300 300 300 300 300 300 300 300 300 300 300 
2008 300 300 300 300 300 300 300 300 300 300 300 300 300 300 300 300 300 300 300 300 300 
2009 300 300 300 300 300 300 300 300 300 300 300 300 300 300 300 300 300 300 300 300 300 
2010 300 300 300 300 300 300 300 300 300 300 300 300 300 300 300 300 300 300 300 300 300 
2011 300 300 300 300 300 300 300 300 300 300 300 300 300 300 300 300 300 300 300 300 300 
2012 300 300 300 300 300 300 300 300 300 300 300 300 300 300 300 300 300 300 300 300 300 
2013 300 300 300 300 300 300 300 300 300 300 300 300 300 300 300 300 300 300 300 300 300 
end_table

