@observation fishery_age_ALK_BP_sim
age_allocation_method proportional 
ageing_error age_error 
fishery_label Fishing_LL 
layer_of_stratum_definitions area_definition 
process_label fishing 
strata_to_include BP 
type mortality_event_biomass_scaled_age_frequency 
years 1990 1991 1992 1993 1994 1995 1996 1997 1998 1999 2000 2001 2002 2003 2004 2005 2006 2007 2008 2009 2010 2011 2012 2013 
table obs
1990 0 0.00866807 0.0252925 0.0891952 0.106404 0.0807103 0.104705 0.0697212 0.0596529 0.0697231 0.02819 0.0527029 0.0500134 0.0424905 0.0173311 0.0280719 0.021707 0.0194458 0.0114586 0.0174851 0.0970315 
1991 0 0.00528026 0.0359261 0.0642738 0.0949834 0.101689 0.0811447 0.0696254 0.0421308 0.0700136 0.0450474 0.0489926 0.0586086 0.0456541 0.0145229 0.0246427 0.0320056 0.0187128 0.00723237 0 0.139514 
1992 0 0 0.029541 0.0616635 0.110502 0.121443 0.0816308 0.0842732 0.0702453 0.0456341 0.0357675 0.0353078 0.0422277 0.0318924 0.0179741 0.0142586 0.0148008 0.0244516 0.0181851 0.0297662 0.130435 
1993 0 0.00629687 0.0141322 0.0800667 0.101531 0.117811 0.100999 0.0831723 0.0598361 0.0535262 0.0483652 0.0272901 0.0276604 0.0242855 0.034711 0.0196193 0.0216004 0.0140309 0.0174129 0.0223215 0.125331 
1994 0 0.0309083 0.0195173 0.0531958 0.154467 0.0911482 0.0800808 0.0769565 0.0430975 0.0624253 0.0522531 0.0353282 0.0417013 0.0395502 0.0208115 0.0185867 0.0269125 0.0232853 0.0104714 0.0148664 0.104436 
1995 0 0.0184803 0.131394 0.0141337 0.0560083 0.100505 0.0833531 0.0693491 0.0834925 0.0571406 0.0464472 0.0497894 0.0483348 0.0208472 0.031574 0.0325866 0.0191365 0.0181212 0.00767303 0.0150463 0.0965879 
1996 0 0.0219038 0.0882829 0.212204 0.0485241 0.0523338 0.0732579 0.0664532 0.0640317 0.0570358 0.0207386 0.0426316 0.0248162 0.0141314 0.0475186 0.0332874 0.0141629 0.00689247 0.0033911 0.0103164 0.098086 
1997 0 0.00986715 0.0426742 0.167308 0.276335 0.0311812 0.0524781 0.0520937 0.063871 0.0461689 0.046034 0.0391007 0.0175318 0.0109043 0.0113982 0.0217702 0.0249738 0.00770024 0.0110431 0.00356806 0.0639984 
1998 0 0.0242013 0.0581023 0.0662642 0.209853 0.276265 0.0209811 0.0388627 0.0474716 0.049346 0.033413 0.0248639 0.0243414 0.0141883 0.0112896 0.010307 0.0108792 0.0109392 0.00379855 0.00679624 0.0578369 
1999 0 0.00776184 0.0978259 0.0841545 0.151478 0.166004 0.224576 0.0175922 0.0206287 0.0251974 0.0591601 0.0262733 0.0184111 0.0109952 0 0.00734194 0.0114581 0.0140624 0.00399152 0.00764609 0.0454424 
2000 0 0.0218751 0.0251474 0.269348 0.087288 0.1368 0.123138 0.120979 0.0183589 0.0213294 0.0516335 0.0106113 0.0180451 0.00370632 0.00713274 0.0138354 0.0105113 0.00363749 0.0153704 0.0108465 0.030406 
2001 0 0.0133749 0.0560703 0.0652951 0.320316 0.0967513 0.0868291 0.111439 0.108932 0.00683283 0.0102941 0.00691598 0.0212485 0.00747055 0.01276 0.0103445 0.00691189 0.0068907 0.00738925 0.00369823 0.0402356 
2002 0 0.0102569 0.0689493 0.0940119 0.101271 0.293801 0.0848258 0.0947963 0.0648964 0.0857096 0.00724596 0.0068655 0.038276 0.00695901 0 0.00701253 0 0.00693302 0 0 0.0281894 
2003 0 0.0139426 0.0368124 0.140071 0.151803 0.0835068 0.282053 0.0606013 0.0336946 0.0834486 0.0355536 0 0.00698653 0.0155249 0.0107971 0.00350699 0 0.00844891 0.00350699 0 0.0297412 
2004 0 0.0192532 0.0598261 0.0737217 0.147797 0.16259 0.0762118 0.189541 0.0636703 0.0442428 0.0503987 0.0402858 0 0.00693085 0.0115602 0.0217309 0.00698897 0.00356779 0 0 0.0216826 
2005 0 0.0114841 0.0559272 0.132148 0.100577 0.176532 0.111236 0.0488152 0.171398 0.0251272 0.0318417 0.035741 0.0325761 0.00716297 0.0140356 0.0132255 0.00707564 0.00336521 0 0 0.0217316 
2006 0 0.00906227 0.0421455 0.143756 0.149445 0.115177 0.116602 0.0732713 0.0418478 0.145789 0.0388443 0.0353205 0.0353557 0.0250498 0.00390296 0 0 0 0.00557802 0 0.0188539 
2007 0 0 0.0186868 0.0712217 0.158181 0.17455 0.0935061 0.0843579 0.0957574 0.0558604 0.112877 0.0113393 0.0209333 0.0323608 0.0313716 0 0.00350984 0.0128729 0.00399675 0.00355021 0.0150667 
2008 0 0.00376055 0.00714505 0.127753 0.155145 0.145537 0.149725 0.0655499 0.0811263 0.0537306 0.0140341 0.0536545 0.0277255 0.0139656 0.0141019 0.0428256 0.00752177 0.00352568 0.00339027 0.0100824 0.0196996 
2009 0 0.00896771 0.030814 0.0530604 0.101125 0.207567 0.121366 0.152868 0.0315221 0.0492928 0.0556908 0.0424699 0.0419854 0.0241038 0.00716939 0.0290261 0.010973 0.00448275 0 0 0.0275162 
2010 0 0.0425732 0.0190593 0.0900784 0.0386941 0.137679 0.143818 0.104581 0.0699826 0.0487494 0.0526968 0.0529479 0.0243629 0.0624062 0.017297 0.00339735 0.0352789 0.0176924 0.0105536 0.00353961 0.0246116 
2011 0 0.0404946 0.100237 0.044947 0.0845664 0.0697388 0.0811759 0.105871 0.104155 0.0951183 0.0472206 0.071685 0.0175256 0.0328873 0.043666 0.0140471 0.00769758 0.00472104 0.0179915 0.00386029 0.0123933 
2012 0 0.0197987 0.115289 0.192059 0.074322 0.0707645 0.0249091 0.0888633 0.0823774 0.0643445 0.0532565 0.028301 0.0294428 0.0321265 0.0188343 0.0291583 0.0180247 0.0177567 0.0142812 0.01031 0.0157801 
2013 0 0.00470927 0.0741119 0.196917 0.30538 0.0630814 0.0776196 0.0208126 0.0523074 0.0529586 0.0286032 0.0139143 0.0259877 0.0262532 0.010333 0.0110997 0.0107536 0 0 0 0.0251572 
end_table
table error_values
1990 300 300 300 300 300 300 300 300 300 300 300 300 300 300 300 300 300 300 300 300 300 
1991 300 300 300 300 300 300 300 300 300 300 300 300 300 300 300 300 300 300 300 300 300 
1992 300 300 300 300 300 300 300 300 300 300 300 300 300 300 300 300 300 300 300 300 300 
1993 300 300 300 300 300 300 300 300 300 300 300 300 300 300 300 300 300 300 300 300 300 
1994 300 300 300 300 300 300 300 300 300 300 300 300 300 300 300 300 300 300 300 300 300 
1995 300 300 300 300 300 300 300 300 300 300 300 300 300 300 300 300 300 300 300 300 300 
1996 300 300 300 300 300 300 300 300 300 300 300 300 300 300 300 300 300 300 300 300 300 
1997 300 300 300 300 300 300 300 300 300 300 300 300 300 300 300 300 300 300 300 300 300 
1998 300 300 300 300 300 300 300 300 300 300 300 300 300 300 300 300 300 300 300 300 300 
1999 300 300 300 300 300 300 300 300 300 300 300 300 300 300 300 300 300 300 300 300 300 
2000 300 300 300 300 300 300 300 300 300 300 300 300 300 300 300 300 300 300 300 300 300 
2001 300 300 300 300 300 300 300 300 300 300 300 300 300 300 300 300 300 300 300 300 300 
2002 300 300 300 300 300 300 300 300 300 300 300 300 300 300 300 300 300 300 300 300 300 
2003 300 300 300 300 300 300 300 300 300 300 300 300 300 300 300 300 300 300 300 300 300 
2004 300 300 300 300 300 300 300 300 300 300 300 300 300 300 300 300 300 300 300 300 300 
2005 300 300 300 300 300 300 300 300 300 300 300 300 300 300 300 300 300 300 300 300 300 
2006 300 300 300 300 300 300 300 300 300 300 300 300 300 300 300 300 300 300 300 300 300 
2007 300 300 300 300 300 300 300 300 300 300 300 300 300 300 300 300 300 300 300 300 300 
2008 300 300 300 300 300 300 300 300 300 300 300 300 300 300 300 300 300 300 300 300 300 
2009 300 300 300 300 300 300 300 300 300 300 300 300 300 300 300 300 300 300 300 300 300 
2010 300 300 300 300 300 300 300 300 300 300 300 300 300 300 300 300 300 300 300 300 300 
2011 300 300 300 300 300 300 300 300 300 300 300 300 300 300 300 300 300 300 300 300 300 
2012 300 300 300 300 300 300 300 300 300 300 300 300 300 300 300 300 300 300 300 300 300 
2013 300 300 300 300 300 300 300 300 300 300 300 300 300 300 300 300 300 300 300 300 300 
end_table

