@observation fishery_age_ALK_EN_sim
age_allocation_method proportional 
ageing_error age_error 
fishery_label Fishing_LL 
layer_of_stratum_definitions area_definition 
process_label fishing 
strata_to_include EN 
type mortality_event_biomass_scaled_age_frequency 
years 1990 1991 1992 1993 1994 1995 1996 1997 1998 1999 2000 2001 2002 2003 2004 2005 2006 2007 2008 2009 2010 2011 2012 2013 
table obs
1990 0 0.00548116 0.0403361 0.0566307 0.0944592 0.115881 0.0733422 0.0348457 0.0632392 0.0702936 0.0701168 0.0381525 0.0278194 0.0316806 0.0417789 0.0386277 0.0494578 0.00356397 0.00695106 0.0141324 0.12321 
1991 0 0.0189881 0.0430259 0.0491366 0.0943293 0.0944446 0.090921 0.0694263 0.0672051 0.0701426 0.0317355 0.0387771 0.0423767 0.0207841 0.0219501 0.034822 0.0140118 0.0317578 0.0176991 0.0142167 0.13425 
1992 0 0 0.098622 0.0639549 0.113129 0.0703069 0.0762066 0.0871936 0.0562653 0.0529903 0.042641 0.0498565 0.0354049 0.0385956 0.00698469 0.0246649 0.0319041 0.0246781 0.0114432 0.021087 0.0940711 
1993 0 0.0113474 0.0108804 0.20548 0.104243 0.0763716 0.079988 0.0383659 0.0729043 0.0348867 0.0488963 0.0493439 0.0278701 0.0291309 0.0350104 0.0214467 0.0250496 0.00347103 0.0210693 0.0070892 0.0971546 
1994 0 0.00341112 0.0257295 0.0181511 0.307688 0.0967886 0.0753127 0.0581581 0.041366 0.0308505 0.0305249 0.0623629 0.0297755 0.0317504 0.0171703 0.040198 0.0154295 0.0212826 0.0173175 0.0105788 0.0661542 
1995 0 0.00502375 0.0302008 0.0912464 0.0386094 0.311114 0.0734327 0.063088 0.0528092 0.0454046 0.0289754 0.0381875 0.0285637 0.0172319 0.00682515 0.0138988 0.017306 0.0139078 0.0105099 0.010407 0.103258 
1996 0 0.00356254 0.034364 0.0984716 0.118206 0.0242148 0.26213 0.0522286 0.0419528 0.0311349 0.0420112 0.0279382 0.0297429 0.0207012 0.0396598 0.0242826 0.00700226 0.00349449 0.0170674 0.0105224 0.111312 
1997 0 0.0132529 0.00713634 0.0844853 0.110627 0.106409 0.0239775 0.223785 0.0550925 0.0213268 0.0848426 0.0279077 0.0319232 0.0174419 0.0207982 0.0137414 0.0215987 0.0283142 0.00736245 0.0102645 0.0897138 
1998 0 0.0205729 0.0588781 0.024172 0.141858 0.113352 0.110741 0.0386949 0.163411 0.0519768 0.0391437 0.0247068 0.0316499 0.0068896 0.0212322 0.0139041 0.0120047 0.00339411 0.0211879 0 0.10223 
1999 0 0.01654 0.0433319 0.174558 0.0277374 0.11903 0.0901979 0.0560139 0.0209712 0.204329 0.0279227 0.0506266 0.00712939 0.0209559 0.0245206 0.0139501 0.0140626 0.0140382 0.0034827 0 0.0706018 
2000 0 0.0142361 0.0581225 0.139205 0.202747 0.0307939 0.0965221 0.0758348 0.048529 0.0136251 0.12283 0.0281135 0.035786 0.0287041 0.0181556 0.0143688 0.00695048 0 0.00724796 0.00708617 0.0511425 
2001 0 0.00451252 0.0565672 0.121677 0.169442 0.181443 0.0242319 0.0553941 0.0377484 0.049488 0.0142507 0.088801 0.0283466 0.015654 0.029199 0.00716385 0.0139687 0.00695774 0.0213998 0.00698623 0.0667695 
2002 0 0.0180068 0.0115301 0.137688 0.135667 0.138481 0.162245 0.0419442 0.0626438 0.0320322 0.0359553 0.0148505 0.0800876 0.0295479 0.00709962 0.0113077 0.0121438 0 0.010368 0 0.0584013 
2003 0 0.0075852 0.0626401 0.0307406 0.192598 0.158632 0.120388 0.100907 0.0276984 0.0286001 0.0276416 0.010365 0.010927 0.077694 0.0183762 0.0106497 0.011086 0.00357559 0.0285575 0.00374836 0.0675892 
2004 0 0.0272404 0.0412125 0.100549 0.0735191 0.170722 0.115826 0.104629 0.10166 0.0142029 0.0214039 0.0220733 0.0323607 0.0139205 0.0606795 0.0180593 0.0105006 0.0145664 0 0 0.0568757 
2005 0 0.00708755 0.100452 0.0875415 0.138942 0.0310837 0.22418 0.0594168 0.049598 0.0739738 0.0140101 0.0285216 0.0281104 0.017929 0.00705114 0.0458072 0.00756891 0.00351904 0.0174377 0.00341702 0.0543534 
2006 0 0 0.0127055 0.16845 0.120832 0.120917 0.0589005 0.120765 0.0618613 0.0732074 0.0592822 0.013822 0.0201133 0.0218587 0.0320712 0.0067764 0.0278834 0.0108192 0.0306306 0.0145792 0.0245244 
2007 0 0.00388898 0.0114734 0.0141091 0.276125 0.0724032 0.135067 0.0440295 0.131147 0.0585136 0.0503092 0.0802705 0.00351763 0.00704751 0.0280466 0.0113031 0.00686938 0.0232379 0 0.00384146 0.0388008 
2008 0 0.00457037 0.0341523 0.0185047 0.0316268 0.299129 0.0864278 0.080145 0.0314436 0.0976135 0.0769153 0.0472714 0.0535741 0 0.0283081 0.0104881 0.0180187 0.0071393 0.0197553 0.0107371 0.0441796 
2009 0 0.0188759 0.0482975 0.0494456 0.0314831 0.0452827 0.251382 0.0893517 0.0804169 0.0306583 0.115503 0.0593215 0.0391394 0.0566976 0.00343561 0.0247832 0 0.0207957 0.00342883 0 0.0317015 
2010 0 0.0049744 0.0647025 0.0705426 0.122321 0.0275945 0.0487692 0.234769 0.0663532 0.0699386 0.03749 0.0873337 0.02557 0.0253904 0.0332106 0 0.0141076 0.0139621 0.00681342 0 0.046157 
2011 0 0.027898 0.025612 0.121352 0.0762727 0.0962285 0.00687853 0.0208866 0.226783 0.0630127 0.0516046 0.0274272 0.0494939 0.0282525 0.0601682 0.0352434 0.0104652 0.0105036 0 0.0145262 0.0473908 
2012 0 0.0311431 0.0534529 0.0345639 0.153214 0.0934621 0.0691217 0.0105115 0.0211979 0.143373 0.0531219 0.0699372 0.0104439 0.0711618 0.0546861 0.0142013 0.0250232 0 0.00367674 0.0222671 0.0654402 
2013 0 0.0147778 0.0993876 0.132745 0.0452969 0.136065 0.101577 0.083705 0.007117 0.010547 0.135315 0.0496084 0.042123 0.0126207 0.0114191 0.0217363 0.0294461 0.0244281 0.00352713 0.00686111 0.031696 
end_table
table error_values
1990 300 300 300 300 300 300 300 300 300 300 300 300 300 300 300 300 300 300 300 300 300 
1991 300 300 300 300 300 300 300 300 300 300 300 300 300 300 300 300 300 300 300 300 300 
1992 300 300 300 300 300 300 300 300 300 300 300 300 300 300 300 300 300 300 300 300 300 
1993 300 300 300 300 300 300 300 300 300 300 300 300 300 300 300 300 300 300 300 300 300 
1994 300 300 300 300 300 300 300 300 300 300 300 300 300 300 300 300 300 300 300 300 300 
1995 300 300 300 300 300 300 300 300 300 300 300 300 300 300 300 300 300 300 300 300 300 
1996 300 300 300 300 300 300 300 300 300 300 300 300 300 300 300 300 300 300 300 300 300 
1997 300 300 300 300 300 300 300 300 300 300 300 300 300 300 300 300 300 300 300 300 300 
1998 300 300 300 300 300 300 300 300 300 300 300 300 300 300 300 300 300 300 300 300 300 
1999 300 300 300 300 300 300 300 300 300 300 300 300 300 300 300 300 300 300 300 300 300 
2000 300 300 300 300 300 300 300 300 300 300 300 300 300 300 300 300 300 300 300 300 300 
2001 300 300 300 300 300 300 300 300 300 300 300 300 300 300 300 300 300 300 300 300 300 
2002 300 300 300 300 300 300 300 300 300 300 300 300 300 300 300 300 300 300 300 300 300 
2003 300 300 300 300 300 300 300 300 300 300 300 300 300 300 300 300 300 300 300 300 300 
2004 300 300 300 300 300 300 300 300 300 300 300 300 300 300 300 300 300 300 300 300 300 
2005 300 300 300 300 300 300 300 300 300 300 300 300 300 300 300 300 300 300 300 300 300 
2006 300 300 300 300 300 300 300 300 300 300 300 300 300 300 300 300 300 300 300 300 300 
2007 300 300 300 300 300 300 300 300 300 300 300 300 300 300 300 300 300 300 300 300 300 
2008 300 300 300 300 300 300 300 300 300 300 300 300 300 300 300 300 300 300 300 300 300 
2009 300 300 300 300 300 300 300 300 300 300 300 300 300 300 300 300 300 300 300 300 300 
2010 300 300 300 300 300 300 300 300 300 300 300 300 300 300 300 300 300 300 300 300 300 
2011 300 300 300 300 300 300 300 300 300 300 300 300 300 300 300 300 300 300 300 300 300 
2012 300 300 300 300 300 300 300 300 300 300 300 300 300 300 300 300 300 300 300 300 300 
2013 300 300 300 300 300 300 300 300 300 300 300 300 300 300 300 300 300 300 300 300 300 
end_table

