@observation fishery_age_ALK_HG_sim
age_allocation_method proportional 
ageing_error age_error 
fishery_label Fishing_LL 
layer_of_stratum_definitions area_definition 
process_label fishing 
strata_to_include HG 
type mortality_event_biomass_scaled_age_frequency 
years 1990 1991 1992 1993 1994 1995 1996 1997 1998 1999 2000 2001 2002 2003 2004 2005 2006 2007 2008 2009 2010 2011 2012 2013 
table obs
1990 0 0.0172111 0.0301428 0.0601248 0.108428 0.0693051 0.0904209 0.0830819 0.0726399 0.077446 0.0346855 0.0313228 0.0275807 0.0461238 0.028332 0.0176482 0.0109251 0.0210695 0.0105964 0.0108641 0.152051 
1991 0 0.00441169 0.0479948 0.0756051 0.0976835 0.111086 0.0867895 0.0835441 0.0528629 0.0453157 0.0675274 0.0217298 0.0324477 0.0461312 0.0177772 0.0233432 0.0210755 0.00687532 0.0261686 0.0114418 0.120189 
1992 0 0.00782579 0.0318799 0.0598836 0.072648 0.100795 0.0862309 0.0662786 0.0804603 0.0869162 0.0610183 0.0323236 0.0461551 0.0279844 0.0351914 0.035041 0.0259033 0.0224996 0.0105934 0.00795086 0.10242 
1993 0 0.00345728 0.0103249 0.0817518 0.0969451 0.0861214 0.0894229 0.0762451 0.0591684 0.0594336 0.0608132 0.0625157 0.0281843 0.0292294 0.0180058 0.0176384 0.00715919 0.0142095 0.0249066 0.018305 0.156162 
1994 0 0 0.025916 0.0181507 0.129326 0.106933 0.0897723 0.0829612 0.0582738 0.0621557 0.0379277 0.0449685 0.0344971 0.0444387 0.0343349 0.0396165 0.00717117 0.0241232 0.0245364 0.0171129 0.117783 
1995 0 0.0148982 0.0230283 0.0435675 0.0382615 0.179116 0.0729338 0.055539 0.0622715 0.0730842 0.0488607 0.0376294 0.0488991 0.0381626 0.0283235 0.0343158 0.00702901 0.0315198 0.0244009 0.0136532 0.124506 
1996 0 0.0143301 0.0393135 0.0367569 0.103459 0.0560918 0.0838166 0.0873234 0.0632385 0.0417124 0.0349282 0.0847122 0.0490251 0.0424277 0.0247959 0.0173277 0.0468306 0.0282362 0.0201576 0.0248702 0.100646 
1997 0 0.00569328 0.00801714 0.126503 0.0924105 0.0940305 0.0244129 0.0904756 0.0622695 0.0810522 0.0559491 0.0313081 0.0466516 0.0464272 0.0318971 0.042676 0.0218969 0.0256216 0.0250458 0.00812731 0.0795346 
1998 0 0.00468966 0.0280078 0.0722048 0.157856 0.0629569 0.073159 0.0174954 0.101621 0.0487604 0.0492572 0.0242712 0.0428089 0.0381956 0.0208566 0.0311231 0.0356595 0.0261595 0.0149691 0.0103429 0.139605 
1999 0 0.0240287 0.0467194 0.0507188 0.103138 0.191747 0.0452454 0.051748 0.0139097 0.0691863 0.0598647 0.0640548 0.0401308 0.0142327 0.0308113 0.021909 0.00354709 0.0108474 0.0185009 0.00347484 0.136185 
2000 0 0.0136938 0.123079 0.0776706 0.0727946 0.11854 0.13555 0.0454187 0.0628622 0.0245166 0.0572958 0.0317098 0.0394991 0.0214305 0.0109667 0.00770273 0.0212532 0.0169711 0.0191067 0.0190201 0.0809184 
2001 0 0.012917 0.0605529 0.232524 0.0872643 0.0560608 0.080801 0.0990148 0.0350267 0.0500357 0.0173691 0.0341189 0.0427253 0.0179962 0.0251354 0.0184987 0.0143447 0.0141638 0.00407422 0.0034857 0.0938907 
2002 0 0.0306453 0.0338761 0.0944374 0.255876 0.0864407 0.0589117 0.0654689 0.0736954 0.0318736 0.0385333 0.00363476 0.0425375 0.0213743 0.031643 0.0164522 0.0175044 0.0188327 0.0108389 0.0110934 0.0563308 
2003 0 0.01419 0.0764893 0.0954912 0.101844 0.257253 0.0627718 0.0524927 0.0563821 0.0525929 0.0209933 0.00687692 0.0176586 0.014387 0.0288448 0.0102857 0.021091 0.0104625 0.0131131 0.010926 0.0758536 
2004 0 0.021275 0.0303322 0.162416 0.134243 0.134569 0.187565 0.0694408 0.0415351 0.0176821 0.0310554 0.017638 0.0242325 0.010468 0.0103215 0.00698944 0.0139796 0.00751431 0.0104896 0.00712907 0.0611244 
2005 0 0.00824171 0.0591754 0.0587843 0.207567 0.144854 0.103503 0.131195 0.0584709 0.0364313 0.0303638 0.0394632 0.00699399 0.00741739 0 0.017636 0.00688184 0.0259668 0.00739781 0.0109374 0.0387196 
2006 0 0 0.0187189 0.134425 0.111559 0.220092 0.115236 0.0806757 0.0860648 0.028491 0.0174701 0.0389102 0.025584 0.0141554 0.0149233 0.00695766 0.0108868 0.0140915 0 0 0.0617586 
2007 0 0.0113947 0.0106069 0.0838794 0.19152 0.0900191 0.163759 0.0807752 0.0533485 0.0989257 0.0244874 0.0171581 0.0288716 0.0251949 0.0107898 0.00712389 0.00682958 0.0177473 0.00700617 0.00718997 0.0633725 
2008 0 0.0134433 0.0198587 0.0176546 0.123626 0.208817 0.0866898 0.153707 0.101395 0.0388012 0.0813973 0.0283869 0.0109897 0.0106087 0.0138635 0 0.0144226 0 0.0197657 0.00758744 0.048986 
2009 0 0.037847 0.0300331 0.0859187 0.0141218 0.150796 0.142776 0.0976165 0.104913 0.0419425 0.0590651 0.101828 0.0138863 0.00688853 0.0179761 0.0300334 0.00392015 0.00871435 0 0.00703983 0.0446827 
2010 0 0.00576118 0.124598 0.0566303 0.0942423 0.0172653 0.0936108 0.142609 0.0766478 0.124704 0.0559974 0.0315748 0.0665414 0.0196131 0.0138399 0.00708632 0.0034559 0.00717396 0.00362617 0 0.0550224 
2011 0 0.00407721 0.0274937 0.243801 0.0524153 0.137895 0.0209109 0.0871946 0.0930858 0.0378847 0.0663911 0.0527825 0.0347381 0.039797 0.0173613 0.0074486 0.0175109 0.0143109 0.00697875 0 0.0379237 
2012 0 0.0141781 0.0482873 0.0354403 0.289176 0.0905178 0.0660527 0.0381425 0.0643522 0.0772434 0.0208192 0.0717214 0.0533421 0.0102477 0.0435988 0.00710517 0 0.00789801 0.00432761 0 0.0575499 
2013 0 0.0114541 0.0525121 0.0753437 0.0737879 0.322367 0.0521586 0.0385257 0.0176285 0.0639411 0.0532555 0.0317724 0.0573462 0.0330628 0.0214242 0.030352 0.00704401 0.0071147 0.0035301 0.0162413 0.0311382 
end_table
table error_values
1990 300 300 300 300 300 300 300 300 300 300 300 300 300 300 300 300 300 300 300 300 300 
1991 300 300 300 300 300 300 300 300 300 300 300 300 300 300 300 300 300 300 300 300 300 
1992 300 300 300 300 300 300 300 300 300 300 300 300 300 300 300 300 300 300 300 300 300 
1993 300 300 300 300 300 300 300 300 300 300 300 300 300 300 300 300 300 300 300 300 300 
1994 300 300 300 300 300 300 300 300 300 300 300 300 300 300 300 300 300 300 300 300 300 
1995 300 300 300 300 300 300 300 300 300 300 300 300 300 300 300 300 300 300 300 300 300 
1996 300 300 300 300 300 300 300 300 300 300 300 300 300 300 300 300 300 300 300 300 300 
1997 300 300 300 300 300 300 300 300 300 300 300 300 300 300 300 300 300 300 300 300 300 
1998 300 300 300 300 300 300 300 300 300 300 300 300 300 300 300 300 300 300 300 300 300 
1999 300 300 300 300 300 300 300 300 300 300 300 300 300 300 300 300 300 300 300 300 300 
2000 300 300 300 300 300 300 300 300 300 300 300 300 300 300 300 300 300 300 300 300 300 
2001 300 300 300 300 300 300 300 300 300 300 300 300 300 300 300 300 300 300 300 300 300 
2002 300 300 300 300 300 300 300 300 300 300 300 300 300 300 300 300 300 300 300 300 300 
2003 300 300 300 300 300 300 300 300 300 300 300 300 300 300 300 300 300 300 300 300 300 
2004 300 300 300 300 300 300 300 300 300 300 300 300 300 300 300 300 300 300 300 300 300 
2005 300 300 300 300 300 300 300 300 300 300 300 300 300 300 300 300 300 300 300 300 300 
2006 300 300 300 300 300 300 300 300 300 300 300 300 300 300 300 300 300 300 300 300 300 
2007 300 300 300 300 300 300 300 300 300 300 300 300 300 300 300 300 300 300 300 300 300 
2008 300 300 300 300 300 300 300 300 300 300 300 300 300 300 300 300 300 300 300 300 300 
2009 300 300 300 300 300 300 300 300 300 300 300 300 300 300 300 300 300 300 300 300 300 
2010 300 300 300 300 300 300 300 300 300 300 300 300 300 300 300 300 300 300 300 300 300 
2011 300 300 300 300 300 300 300 300 300 300 300 300 300 300 300 300 300 300 300 300 300 
2012 300 300 300 300 300 300 300 300 300 300 300 300 300 300 300 300 300 300 300 300 300 
2013 300 300 300 300 300 300 300 300 300 300 300 300 300 300 300 300 300 300 300 300 300 
end_table

