@observation fishery_age_ALK_HG_sim
age_allocation_method proportional 
ageing_error age_error 
fishery_label Fishing_LL 
layer_of_stratum_definitions area_definition 
process_label fishing 
strata_to_include HG 
type mortality_event_biomass_scaled_age_frequency 
years 1990 1991 1992 1993 1994 1995 1996 1997 1998 1999 2000 2001 2002 2003 2004 2005 2006 2007 2008 2009 2010 2011 2012 2013 
table obs
1990 0 0.0132334 0.0444417 0.0572184 0.0907665 0.0969796 0.0831379 0.069223 0.052931 0.0588092 0.031016 0.0589706 0.0499858 0.0484323 0.0428415 0.0245409 0.0189238 0.0215399 0.00395005 0.0211183 0.11194 
1991 0 0.00800946 0.0378582 0.0562612 0.0949655 0.13253 0.0660847 0.0796438 0.0558458 0.041975 0.0493279 0.0398205 0.0210065 0.0452912 0.0437761 0.0491208 0.0214604 0.010768 0.0185325 0.00759007 0.120132 
1992 0 0.00775561 0.0352508 0.045647 0.104608 0.0656437 0.0937351 0.0803842 0.0700847 0.0811068 0.0381385 0.0385116 0.0316443 0.0503761 0.0420525 0.0324959 0.0204299 0.0146009 0.0140713 0.021017 0.112446 
1993 0 0.006886 0.0121175 0.0759008 0.100746 0.0970879 0.101025 0.0756632 0.0350455 0.0697744 0.0699343 0.0352837 0.0358486 0.0401263 0.0282976 0.0284881 0.0248835 0.0252753 0.0106353 0.0119402 0.115041 
1994 0 0 0.0224511 0.010422 0.151426 0.117313 0.08647 0.0931034 0.0349062 0.0376988 0.0483003 0.0446829 0.0415758 0.0343604 0.0239057 0.0517629 0.00694399 0.0137158 0.0173421 0.0208028 0.142817 
1995 0 0.0148983 0.0200539 0.0506916 0.0461662 0.132045 0.128831 0.0830413 0.0728602 0.0495315 0.064112 0.0522594 0.0173987 0.0215367 0.0246338 0.0327621 0.0252902 0.00703741 0.0210753 0.013778 0.121997 
1996 0 0.0112695 0.0580339 0.0430257 0.0778946 0.0522251 0.129509 0.101454 0.0632474 0.0418708 0.042149 0.049158 0.0422981 0.0176374 0.0281019 0.0211125 0.0174203 0.029038 0.0251313 0.0246297 0.124793 
1997 0 0 0.028898 0.138213 0.0632763 0.118107 0.0207207 0.0835954 0.0875853 0.0519928 0.0434514 0.0538651 0.0317271 0.0389346 0.0390822 0.032805 0.0317339 0.0108941 0.0107243 0.010614 0.10378 
1998 0 0.00911631 0.019925 0.0541532 0.180017 0.0836209 0.0803135 0.0312107 0.067486 0.0314466 0.0385516 0.0455642 0.0494877 0.0330451 0.0490049 0.0145896 0.0422082 0.0108667 0.0244382 0.0245031 0.110452 
1999 0 0.0208403 0.0505174 0.0432715 0.116963 0.138874 0.0973508 0.0731428 0.0206928 0.0588342 0.070509 0.021992 0.0427604 0.028708 0.0475723 0.0246984 0.0109194 0.0106133 0.0108374 0.0208586 0.0900447 
2000 0 0.0132154 0.0915253 0.0884117 0.0732619 0.10764 0.1678 0.0244886 0.049163 0.0106842 0.0316028 0.0661839 0.0496339 0.0319951 0.0290193 0.00711213 0.0245735 0.0176942 0.0112554 0.0218285 0.0829115 
2001 0 0.0177324 0.0500861 0.196722 0.122312 0.081116 0.0630819 0.091147 0.0454449 0.0533242 0.0180122 0.0320681 0.0325136 0.0149463 0.00345138 0.0322224 0.00747375 0.0107125 0.0107023 0.00362544 0.113305 
2002 0 0.0184716 0.0371413 0.0945414 0.219436 0.107313 0.0870101 0.0591928 0.0908051 0.0386143 0.0173059 0.0210381 0.0139159 0.00806722 0.0248257 0.014278 0.00687951 0.00705644 0.0108665 0.0127917 0.110449 
2003 0 0.00636218 0.0949296 0.105305 0.143662 0.170139 0.0981691 0.0487395 0.042408 0.0703494 0.00707664 0.0318976 0.010547 0.0374461 0.0174708 0.0141589 0.00734539 0.00696729 0.0148292 0 0.072197 
2004 0 0.0219793 0.0376604 0.157242 0.13488 0.110156 0.173648 0.0519698 0.0358073 0.0454381 0.0558502 0.00698324 0.010431 0.00687104 0.0316622 0.0226254 0.00347998 0.0171853 0.0139831 0 0.062149 
2005 0 0.00782507 0.0629194 0.0591943 0.197059 0.120622 0.091431 0.131047 0.0692761 0.0318145 0.0139054 0.0462082 0.0252875 0.0156544 0.0199481 0.00673377 0.0142436 0.0104646 0.0072559 0.00337102 0.0657386 
2006 0 0 0.0473974 0.109462 0.0902132 0.212427 0.122059 0.0567609 0.114558 0.0672504 0.0174631 0.0353261 0.0212298 0.00732096 0.00695408 0 0.018168 0.00710217 0 0.00719138 0.0591166 
2007 0 0.00371624 0.0181885 0.0633064 0.205427 0.114682 0.140128 0.100896 0.0630181 0.0666795 0.0415796 0.033112 0.0317954 0.0253064 0.00706499 0.011617 0.007243 0.0176566 0.0034925 0.00770952 0.0373816 
2008 0 0.00776961 0.0214795 0.0184402 0.119253 0.205702 0.0724326 0.133463 0.0702366 0.0596241 0.0870877 0.0460436 0.0293835 0 0.0281942 0.014198 0.0143881 0.0036729 0.0106954 0.0111113 0.0468238 
2009 0 0.0253742 0.0313729 0.07347 0.0265695 0.115434 0.172528 0.0942965 0.139263 0.0711896 0.0522062 0.0825062 0.020846 0.00349797 0.0174597 0.0251135 0 0.00726769 0 0.0105018 0.0311036 
2010 0 0.0165565 0.124313 0.0458912 0.104629 0.034596 0.086317 0.124714 0.0556088 0.107465 0.0523015 0.0250792 0.0824318 0.0380036 0.0182683 0.00733461 0.0141528 0.0105208 0.00346553 0.00353322 0.0448185 
2011 0 0.0131191 0.0324444 0.23736 0.103337 0.0892265 0.024257 0.0588948 0.113808 0.0523785 0.0389791 0.0440213 0.042297 0.0348428 0.0437073 0.00358385 0.0143942 0.013767 0 0.00711144 0.0324707 
2012 0 0.0185089 0.036442 0.0512618 0.309231 0.0758671 0.0556461 0.0246753 0.0504863 0.0946336 0.0522167 0.0423969 0.0331919 0.0297927 0.0364652 0.00686152 0.0225021 0.0137844 0.0106034 0.00624719 0.0291853 
2013 0 0.00773462 0.060448 0.0783074 0.105286 0.251898 0.0349174 0.0596156 0.042003 0.0608818 0.0422829 0.0213523 0.0504101 0.0557311 0.0284081 0.0396437 0.016177 0.00702587 0.00356853 0.00356853 0.0307397 
end_table
table error_values
1990 300 300 300 300 300 300 300 300 300 300 300 300 300 300 300 300 300 300 300 300 300 
1991 300 300 300 300 300 300 300 300 300 300 300 300 300 300 300 300 300 300 300 300 300 
1992 300 300 300 300 300 300 300 300 300 300 300 300 300 300 300 300 300 300 300 300 300 
1993 300 300 300 300 300 300 300 300 300 300 300 300 300 300 300 300 300 300 300 300 300 
1994 300 300 300 300 300 300 300 300 300 300 300 300 300 300 300 300 300 300 300 300 300 
1995 300 300 300 300 300 300 300 300 300 300 300 300 300 300 300 300 300 300 300 300 300 
1996 300 300 300 300 300 300 300 300 300 300 300 300 300 300 300 300 300 300 300 300 300 
1997 300 300 300 300 300 300 300 300 300 300 300 300 300 300 300 300 300 300 300 300 300 
1998 300 300 300 300 300 300 300 300 300 300 300 300 300 300 300 300 300 300 300 300 300 
1999 300 300 300 300 300 300 300 300 300 300 300 300 300 300 300 300 300 300 300 300 300 
2000 300 300 300 300 300 300 300 300 300 300 300 300 300 300 300 300 300 300 300 300 300 
2001 300 300 300 300 300 300 300 300 300 300 300 300 300 300 300 300 300 300 300 300 300 
2002 300 300 300 300 300 300 300 300 300 300 300 300 300 300 300 300 300 300 300 300 300 
2003 300 300 300 300 300 300 300 300 300 300 300 300 300 300 300 300 300 300 300 300 300 
2004 300 300 300 300 300 300 300 300 300 300 300 300 300 300 300 300 300 300 300 300 300 
2005 300 300 300 300 300 300 300 300 300 300 300 300 300 300 300 300 300 300 300 300 300 
2006 300 300 300 300 300 300 300 300 300 300 300 300 300 300 300 300 300 300 300 300 300 
2007 300 300 300 300 300 300 300 300 300 300 300 300 300 300 300 300 300 300 300 300 300 
2008 300 300 300 300 300 300 300 300 300 300 300 300 300 300 300 300 300 300 300 300 300 
2009 300 300 300 300 300 300 300 300 300 300 300 300 300 300 300 300 300 300 300 300 300 
2010 300 300 300 300 300 300 300 300 300 300 300 300 300 300 300 300 300 300 300 300 300 
2011 300 300 300 300 300 300 300 300 300 300 300 300 300 300 300 300 300 300 300 300 300 
2012 300 300 300 300 300 300 300 300 300 300 300 300 300 300 300 300 300 300 300 300 300 
2013 300 300 300 300 300 300 300 300 300 300 300 300 300 300 300 300 300 300 300 300 300 
end_table

