@observation fishery_age_ALK_HG_sim
age_allocation_method proportional 
ageing_error age_error 
fishery_label Fishing_LL 
layer_of_stratum_definitions area_definition 
process_label fishing 
strata_to_include HG 
type mortality_event_biomass_scaled_age_frequency 
years 1990 1991 1992 1993 1994 1995 1996 1997 1998 1999 2000 2001 2002 2003 2004 2005 2006 2007 2008 2009 2010 2011 2012 2013 
table obs
1990 0 0.00858634 0.0286697 0.0528743 0.0908783 0.0940343 0.069715 0.101138 0.0584237 0.0802393 0.04684 0.0595172 0.0455322 0.0356045 0.0351199 0.0179045 0.0284067 0.0120956 0.010688 0.0174953 0.106237 
1991 0 0.0116072 0.0300434 0.0686304 0.108197 0.107527 0.114324 0.0449501 0.0597429 0.0387572 0.0347037 0.046283 0.0426632 0.0361396 0.0431611 0.0216984 0.0103418 0.0217094 0.0112544 0.0108756 0.13739 
1992 0 0.0040272 0.0318192 0.0803533 0.0908073 0.124753 0.0556721 0.0454593 0.0732114 0.0559803 0.0674149 0.0455769 0.028054 0.031686 0.0216316 0.0319629 0.0324714 0.0354269 0.0212766 0.00646655 0.115949 
1993 0 0.00345728 0 0.10791 0.0968162 0.122419 0.0827187 0.0870297 0.0698462 0.0385543 0.0457061 0.0458521 0.0558873 0.0141083 0.0248159 0.0440414 0.0140668 0.0174827 0.0307737 0.00717124 0.0913421 
1994 0 0.00467146 0.0178552 0.0295002 0.12496 0.110297 0.092714 0.0482773 0.0761292 0.0723968 0.0485606 0.044665 0.0206544 0.0447383 0.0242522 0.0241685 0.0416884 0.0105002 0.0172335 0.0137421 0.132995 
1995 0 0.0148983 0.0117789 0.0587855 0.0670158 0.117951 0.100921 0.110898 0.0414995 0.038173 0.038425 0.0627474 0.0416796 0.0321872 0.0241033 0.0492722 0.0209868 0.0288212 0.00710254 0.0142185 0.118535 
1996 0 0.00436371 0.0573327 0.0578671 0.0848819 0.0385401 0.0939585 0.100314 0.0525243 0.0633172 0.101947 0.0210505 0.035467 0.0564586 0.0330522 0.0319613 0.0275546 0.0248663 0.00710986 0.017889 0.0895442 
1997 0 0.00569328 0.0272452 0.127729 0.0625643 0.0972874 0.010319 0.117892 0.07332 0.055807 0.0459699 0.0316484 0.0639464 0.0177121 0.0359018 0.0397212 0.0284908 0.0178518 0.0153465 0.00720546 0.118349 
1998 0 0.00468966 0.0320962 0.0999889 0.130063 0.0487831 0.0770968 0.024354 0.15015 0.0760125 0.0453522 0.0349717 0.0282145 0.0520522 0.0311177 0.024557 0.00344071 0.0254899 0.0217047 0 0.089865 
1999 0 0.0287681 0.0492113 0.0540451 0.0989492 0.177898 0.0692174 0.0664243 0.0177713 0.068169 0.0433574 0.041691 0.0571955 0.0263396 0.010683 0.0433004 0.0185592 0.0192485 0.0075852 0.00721983 0.0943669 
2000 0 0.0136938 0.108936 0.0883637 0.0588158 0.118342 0.135883 0.0452129 0.0528118 0.0211274 0.053347 0.0210152 0.031698 0.0283814 0.0350023 0.0297706 0.0143679 0.0177935 0.00770273 0.00341094 0.114324 
2001 0 0.012917 0.0437585 0.211101 0.118304 0.0696603 0.0777125 0.0816885 0.0493723 0.0351277 0.0179567 0.035381 0.0409366 0.0174962 0.0506741 0.00778941 0.014376 0.0144371 0.0034857 0.0106854 0.0871401 
2002 0 0.0175284 0.0612746 0.104892 0.25204 0.128466 0.0313173 0.0550826 0.0664679 0.0214901 0.0212269 0.00369916 0.0312486 0.0216121 0.03548 0.0248383 0.0177571 0.0072501 0.0070318 0.00682633 0.0844706 
2003 0 0.00636218 0.0735524 0.134264 0.122463 0.183429 0.0732044 0.042365 0.0387638 0.0915343 0.00693262 0.01072 0.00695621 0.0318577 0.0279097 0.0148363 0.0211415 0.0253217 0.0146664 0.00771416 0.0660049 
2004 0 0.0219793 0.0113122 0.186804 0.183418 0.06565 0.197747 0.062819 0.0244291 0.0349261 0.0523649 0.0135452 0.00698324 0.00679938 0.0284483 0.010516 0.0068665 0.0108389 0.0161935 0.00353271 0.0548262 
2005 0 0.00824171 0.0447754 0.0868698 0.194328 0.117331 0.0995704 0.164 0.0484769 0.0382393 0.0303129 0.0275427 0.00752465 0.021276 0.00675417 0.0145212 0 0.0173927 0.00728882 0.0071684 0.058386 
2006 0 0 0.0304496 0.088481 0.122048 0.190872 0.101314 0.0844652 0.123 0.0653754 0.0215381 0.031526 0.0318722 0.00706663 0.0073397 0.00344996 0.0210076 0.00743324 0.0108474 0 0.0519135 
2007 0 0.00371624 0.00697439 0.112773 0.191563 0.114542 0.160738 0.0696748 0.0488481 0.102321 0.0351812 0.0152204 0.0315058 0.0331006 0.00354553 0.00352185 0.00709106 0.0103639 0.00363857 0.0117645 0.0339153 
2008 0 0.003717 0.0444101 0.0142565 0.119046 0.186584 0.0970838 0.13659 0.0843989 0.0386044 0.106664 0.0281681 0.0282157 0.00733823 0.0174212 0.0146358 0.00352451 0 0.0162749 0.0111749 0.0418925 
2009 0 0.03438 0.0334616 0.0859187 0.0294143 0.11455 0.195253 0.048746 0.0984659 0.070158 0.0468799 0.0775255 0.0346855 0.00702995 0.0245175 0.0145615 0.00349797 0 0 0.0191597 0.0617954 
2010 0 0.0129312 0.11767 0.0634512 0.0625898 0.0281186 0.09985 0.10488 0.0789329 0.10455 0.0666493 0.0523646 0.0821247 0.0108215 0.0120183 0.013964 0.0251251 0.00362617 0.00692084 0.0034535 0.0499585 
2011 0 0.00908029 0.0292701 0.245031 0.0481908 0.102805 0.0520585 0.0656896 0.0989874 0.035342 0.0865728 0.0384716 0.0431328 0.0485594 0.0143031 0 0.017734 0.0257873 0.00352584 0.00412561 0.0313332 
2012 0 0.0220078 0.0296346 0.0450066 0.304295 0.0731182 0.0740037 0.0384423 0.059255 0.0842684 0.0313417 0.057569 0.0434291 0.0140131 0.0399815 0.0105754 0.00352513 0.0113034 0.00348884 0.00348884 0.0512521 
2013 0 0.011916 0.0562 0.0743669 0.0745342 0.276166 0.0664171 0.0418725 0.0140259 0.0674661 0.0964952 0.0426158 0.0250357 0.0330498 0.0249134 0.0363419 0.00792244 0.0128927 0 0.00700558 0.0307632 
end_table
table error_values
1990 300 300 300 300 300 300 300 300 300 300 300 300 300 300 300 300 300 300 300 300 300 
1991 300 300 300 300 300 300 300 300 300 300 300 300 300 300 300 300 300 300 300 300 300 
1992 300 300 300 300 300 300 300 300 300 300 300 300 300 300 300 300 300 300 300 300 300 
1993 300 300 300 300 300 300 300 300 300 300 300 300 300 300 300 300 300 300 300 300 300 
1994 300 300 300 300 300 300 300 300 300 300 300 300 300 300 300 300 300 300 300 300 300 
1995 300 300 300 300 300 300 300 300 300 300 300 300 300 300 300 300 300 300 300 300 300 
1996 300 300 300 300 300 300 300 300 300 300 300 300 300 300 300 300 300 300 300 300 300 
1997 300 300 300 300 300 300 300 300 300 300 300 300 300 300 300 300 300 300 300 300 300 
1998 300 300 300 300 300 300 300 300 300 300 300 300 300 300 300 300 300 300 300 300 300 
1999 300 300 300 300 300 300 300 300 300 300 300 300 300 300 300 300 300 300 300 300 300 
2000 300 300 300 300 300 300 300 300 300 300 300 300 300 300 300 300 300 300 300 300 300 
2001 300 300 300 300 300 300 300 300 300 300 300 300 300 300 300 300 300 300 300 300 300 
2002 300 300 300 300 300 300 300 300 300 300 300 300 300 300 300 300 300 300 300 300 300 
2003 300 300 300 300 300 300 300 300 300 300 300 300 300 300 300 300 300 300 300 300 300 
2004 300 300 300 300 300 300 300 300 300 300 300 300 300 300 300 300 300 300 300 300 300 
2005 300 300 300 300 300 300 300 300 300 300 300 300 300 300 300 300 300 300 300 300 300 
2006 300 300 300 300 300 300 300 300 300 300 300 300 300 300 300 300 300 300 300 300 300 
2007 300 300 300 300 300 300 300 300 300 300 300 300 300 300 300 300 300 300 300 300 300 
2008 300 300 300 300 300 300 300 300 300 300 300 300 300 300 300 300 300 300 300 300 300 
2009 300 300 300 300 300 300 300 300 300 300 300 300 300 300 300 300 300 300 300 300 300 
2010 300 300 300 300 300 300 300 300 300 300 300 300 300 300 300 300 300 300 300 300 300 
2011 300 300 300 300 300 300 300 300 300 300 300 300 300 300 300 300 300 300 300 300 300 
2012 300 300 300 300 300 300 300 300 300 300 300 300 300 300 300 300 300 300 300 300 300 
2013 300 300 300 300 300 300 300 300 300 300 300 300 300 300 300 300 300 300 300 300 300 
end_table

