@observation fishery_age_ALK_BP_sim
age_allocation_method proportional 
ageing_error age_error 
fishery_label Fishing_LL 
layer_of_stratum_definitions area_definition 
process_label fishing 
strata_to_include BP 
type mortality_event_biomass_scaled_age_frequency 
years 1990 1991 1992 1993 1994 1995 1996 1997 1998 1999 2000 2001 2002 2003 2004 2005 2006 2007 2008 2009 2010 2011 2012 2013 
table obs
1990 0 0.00866807 0.0325504 0.0715489 0.112707 0.0983457 0.0842487 0.0907877 0.0485114 0.0317874 0.0284721 0.0482571 0.0495659 0.0314562 0.0295769 0.0225288 0.0261796 0.00739967 0.0333947 0.0178806 0.126133 
1991 0 0.0089053 0.0363006 0.0816721 0.0915892 0.0740328 0.0803888 0.0803985 0.0945215 0.0589532 0.0313076 0.0423537 0.0278743 0.025818 0.0208781 0.021228 0.0149166 0.0281632 0.0217381 0.0142755 0.144685 
1992 0 0 0.0300832 0.0533692 0.136004 0.0743035 0.0777307 0.0918287 0.0425566 0.0926638 0.04242 0.0316403 0.0418359 0.0215468 0.0280823 0.0254994 0.0105011 0.0217527 0.0322521 0.0186077 0.127322 
1993 0 0 0.0271909 0.101649 0.0975784 0.101157 0.107081 0.0449824 0.0483206 0.0557048 0.0455217 0.0427253 0.0173069 0.0416866 0.043554 0.0434898 0.0105155 0.0104805 0.0176159 0.0176206 0.125819 
1994 0 0.0265399 0.0123162 0.0654448 0.129111 0.108558 0.0944014 0.0591477 0.0698788 0.0383145 0.0420865 0.0314425 0.0394978 0.0188446 0.0403482 0.0361045 0.0139431 0.0384087 0.0110937 0.00366986 0.120848 
1995 0 0.0192537 0.106328 0.0210026 0.084553 0.117762 0.107677 0.0822863 0.0455092 0.045571 0.0249038 0.0468478 0.0455287 0.0440907 0.013782 0.0237265 0.00805411 0.0178289 0.022534 0.0263542 0.0964066 
1996 0 0.0179932 0.0818857 0.236535 0.0484713 0.0560605 0.0631173 0.0807047 0.0529842 0.0424071 0.0314107 0.0470192 0.0467488 0.0316421 0.0174651 0.00705062 0.0104244 0.0219908 0.0121288 0.0107159 0.0832451 
1997 0 0.00632692 0.042871 0.170816 0.280596 0.031018 0.0596259 0.0347689 0.0350916 0.0284977 0.0316473 0.0319289 0.01378 0.0316848 0.0253325 0.0209597 0.00359195 0.022356 0.0183992 0.0182985 0.0924087 
1998 0 0.0343909 0.0299397 0.0881489 0.236323 0.24844 0.0251006 0.0289486 0.0669077 0.0287225 0.0439625 0.0248153 0.0107427 0.00711347 0.0143346 0.0165054 0.00374905 0.00739719 0.0178232 0.0107844 0.0558502 
1999 0 0.00353536 0.108478 0.105294 0.120834 0.211365 0.160204 0.0173427 0.0279991 0.0315383 0.0451238 0.01071 0.0186435 0.00722278 0.0263453 0.0145206 0.0139138 0.0186251 0.0117678 0.00381183 0.0427252 
2000 0 0.00411246 0.0394119 0.244243 0.101509 0.076919 0.183733 0.158773 0.0207915 0.0288215 0.0250851 0.0145157 0.0113369 0.00363749 0 0.011386 0 0 0.0144078 0.00420412 0.0571135 
2001 0 0.0189498 0.0395834 0.0736459 0.296643 0.0967368 0.110973 0.103927 0.119187 0.0106556 0.0210824 0.00691062 0.0174857 0.0185856 0.00681287 0.0103496 0.00377232 0 0.00346123 0 0.0412386 
2002 0 0.0179875 0.0702407 0.105616 0.0906531 0.276821 0.080668 0.0705095 0.065507 0.059881 0.0175084 0.010748 0.0243309 0.0115923 0.0138173 0.00701405 0.0108482 0 0.00350105 0.00337845 0.0593771 
2003 0 0.0132164 0.0288997 0.130782 0.124952 0.0865437 0.251657 0.0625205 0.0561108 0.0854556 0.0581471 0.00838524 0.0146449 0.00494191 0.0107659 0.0113193 0.00345527 0.0222122 0.00697368 0.00365517 0.0153612 
2004 0 0.0228893 0.0559645 0.0806142 0.203611 0.114878 0.0795313 0.182515 0.0629114 0.0430269 0.0504805 0.0388748 0.0139472 0 0.00362254 0.0107855 0.00356779 0.00343192 0 0 0.0293489 
2005 0 0.0114841 0.0458038 0.152469 0.09034 0.152031 0.111002 0.0623466 0.129629 0.0244495 0.0246375 0.0537571 0.0692234 0.0110571 0.0110962 0.0143699 0.00709849 0.0034456 0.00380164 0.00336521 0.0185936 
2006 0 0.00418259 0.0330541 0.133482 0.138891 0.161418 0.130491 0.0732855 0.0487663 0.136657 0.0347846 0.0212691 0.0140513 0.0260164 0.00352691 0.00362641 0 0.00342238 0.00760486 0.00342238 0.0220481 
2007 0 0 0.0365619 0.109273 0.143573 0.140305 0.0692647 0.0983981 0.0989322 0.0555136 0.0994865 0.0421917 0.0180322 0.024445 0.0455611 0 0.00350984 0 0 0 0.0149521 
2008 0 0.0109056 0.0140062 0.0897552 0.158784 0.14513 0.146392 0.0688237 0.0767508 0.0527486 0.041207 0.0754023 0.0279897 0.00742715 0.0168282 0.0209249 0.00752756 0 0.00339027 0.00357693 0.0324304 
2009 0 0.00896771 0.023307 0.0391423 0.129057 0.163095 0.142188 0.142288 0.0694805 0.0530995 0.0633204 0.0177099 0.0481221 0.0108595 0.0127024 0.0315931 0.018044 0 0.00358237 0 0.0234422 
2010 0 0.0348735 0.0312611 0.100123 0.0424001 0.143795 0.101852 0.121486 0.0948732 0.0245028 0.0598283 0.0531534 0.031629 0.0662309 0.0208008 0.0208537 0.0208723 0.00713718 0.00339735 0.00678957 0.0141402 
2011 0 0.0330444 0.0935944 0.0557583 0.12309 0.0634351 0.0949281 0.127022 0.0904977 0.0796515 0.0250459 0.0388525 0.0451827 0.0141381 0.0512632 0.00681305 0.00699936 0.0188314 0.0177146 0.00374853 0.0103896 
2012 0 0.0312169 0.104139 0.170086 0.0563566 0.121303 0.0177883 0.0931707 0.0853265 0.0496581 0.0528331 0.0280621 0.054674 0.0361379 0.0210811 0.0224672 0.00353084 0.0117602 0.00694961 0.0123784 0.02108 
2013 0 0.00922033 0.075983 0.215155 0.229201 0.0450227 0.0735271 0.024443 0.0766887 0.060341 0.0566692 0.0423619 0.0187299 0.0187009 0.00756511 0.00736233 0.0137759 0.00342056 0.00347991 0.00345755 0.0148955 
end_table
table error_values
1990 300 300 300 300 300 300 300 300 300 300 300 300 300 300 300 300 300 300 300 300 300 
1991 300 300 300 300 300 300 300 300 300 300 300 300 300 300 300 300 300 300 300 300 300 
1992 300 300 300 300 300 300 300 300 300 300 300 300 300 300 300 300 300 300 300 300 300 
1993 300 300 300 300 300 300 300 300 300 300 300 300 300 300 300 300 300 300 300 300 300 
1994 300 300 300 300 300 300 300 300 300 300 300 300 300 300 300 300 300 300 300 300 300 
1995 300 300 300 300 300 300 300 300 300 300 300 300 300 300 300 300 300 300 300 300 300 
1996 300 300 300 300 300 300 300 300 300 300 300 300 300 300 300 300 300 300 300 300 300 
1997 300 300 300 300 300 300 300 300 300 300 300 300 300 300 300 300 300 300 300 300 300 
1998 300 300 300 300 300 300 300 300 300 300 300 300 300 300 300 300 300 300 300 300 300 
1999 300 300 300 300 300 300 300 300 300 300 300 300 300 300 300 300 300 300 300 300 300 
2000 300 300 300 300 300 300 300 300 300 300 300 300 300 300 300 300 300 300 300 300 300 
2001 300 300 300 300 300 300 300 300 300 300 300 300 300 300 300 300 300 300 300 300 300 
2002 300 300 300 300 300 300 300 300 300 300 300 300 300 300 300 300 300 300 300 300 300 
2003 300 300 300 300 300 300 300 300 300 300 300 300 300 300 300 300 300 300 300 300 300 
2004 300 300 300 300 300 300 300 300 300 300 300 300 300 300 300 300 300 300 300 300 300 
2005 300 300 300 300 300 300 300 300 300 300 300 300 300 300 300 300 300 300 300 300 300 
2006 300 300 300 300 300 300 300 300 300 300 300 300 300 300 300 300 300 300 300 300 300 
2007 300 300 300 300 300 300 300 300 300 300 300 300 300 300 300 300 300 300 300 300 300 
2008 300 300 300 300 300 300 300 300 300 300 300 300 300 300 300 300 300 300 300 300 300 
2009 300 300 300 300 300 300 300 300 300 300 300 300 300 300 300 300 300 300 300 300 300 
2010 300 300 300 300 300 300 300 300 300 300 300 300 300 300 300 300 300 300 300 300 300 
2011 300 300 300 300 300 300 300 300 300 300 300 300 300 300 300 300 300 300 300 300 300 
2012 300 300 300 300 300 300 300 300 300 300 300 300 300 300 300 300 300 300 300 300 300 
2013 300 300 300 300 300 300 300 300 300 300 300 300 300 300 300 300 300 300 300 300 300 
end_table

