@observation fishery_age_ALK_BP_sim
age_allocation_method proportional 
ageing_error age_error 
fishery_label Fishing_LL 
layer_of_stratum_definitions area_definition 
process_label fishing 
strata_to_include BP 
type mortality_event_biomass_scaled_age_frequency 
years 1990 1991 1992 1993 1994 1995 1996 1997 1998 1999 2000 2001 2002 2003 2004 2005 2006 2007 2008 2009 2010 2011 2012 2013 
table obs
1990 0 0.00527397 0.0176988 0.0823641 0.103059 0.0914134 0.0770366 0.114894 0.0525096 0.0528971 0.04948 0.03503 0.0210599 0.0391678 0.0315609 0.021586 0.0251017 0.0324903 0.0191798 0.0140953 0.114101 
1991 0 0.0125303 0.0177945 0.085423 0.0989946 0.0948001 0.0733072 0.0593913 0.0663193 0.062801 0.0492239 0.0349473 0.0531867 0.0406522 0.0254354 0.024193 0.021046 0.0281657 0.0174208 0.0102192 0.124148 
1992 0 0.00340053 0.0387307 0.0778111 0.0892321 0.113415 0.0745319 0.0737379 0.0601112 0.0352961 0.0528997 0.0323917 0.0496752 0.0289968 0.031618 0.0140994 0.01082 0.0328409 0.01466 0.0188371 0.146894 
1993 0 0 0.0271961 0.0803331 0.122146 0.0973237 0.0834077 0.094161 0.051804 0.0621721 0.0278791 0.0489985 0.0278172 0.0330637 0.0308637 0.0210008 0.0211018 0.0174255 0.0297275 0.00680189 0.116777 
1994 0 0.0265399 0.0117552 0.0762836 0.139823 0.097692 0.084461 0.0659541 0.0453043 0.0629571 0.0279768 0.0418076 0.0419723 0.0220798 0.0318972 0.0212227 0.0209075 0.0172815 0.0141637 0.0104333 0.139487 
1995 0 0.0192537 0.10601 0.0317528 0.080128 0.115527 0.0910699 0.071634 0.0587225 0.063719 0.0565724 0.032479 0.0396735 0.039354 0.0258462 0.0184783 0.010769 0.00692407 0.0178856 0.014632 0.0995699 
1996 0 0.0105253 0.0682131 0.237128 0.0483462 0.0624744 0.0774076 0.0664157 0.0556707 0.0605915 0.0666856 0.0383979 0.0193625 0.0178301 0.0141067 0.0170197 0.00690941 0.0195737 0.0142955 0.0213001 0.0777461 
1997 0 0.00986715 0.0494833 0.170933 0.224764 0.0485746 0.0630021 0.0701342 0.0557236 0.0388616 0.0285497 0.031798 0.0357415 0.0250702 0.0148921 0.0179355 0 0.0109385 0.0151807 0.0104244 0.0781264 
1998 0 0.0384455 0.0368955 0.120021 0.174159 0.251419 0.0280401 0.0387772 0.0466528 0.0285427 0.0507244 0.031873 0.0229408 0.0227376 0.0075476 0.0151861 0.00679315 0 0 0.0037095 0.0755347 
1999 0 0.00353536 0.116544 0.0830326 0.109567 0.194931 0.213931 0.0241416 0.0358682 0.0360896 0.0257968 0.0281127 0.0164548 0.0109941 0.00749135 0.0142595 0.0151802 0.0235256 0.00741715 0.00362106 0.029507 
2000 0 0.0106348 0.0146775 0.269593 0.115852 0.108239 0.151422 0.113167 0.0140349 0.0139728 0.0363276 0.0283608 0.0218011 0.00703223 0.00709626 0.00737047 0.00341066 0.00821797 0.00796094 0.00420412 0.0566259 
2001 0 0.0306099 0.0323852 0.0623439 0.319863 0.120814 0.0863509 0.0866251 0.0945348 0.0140443 0.0175069 0.0139957 0.0212708 0.00706636 0.0221673 0.00687683 0.00848332 0 0.00755685 0.00369823 0.0438073 
2002 0 0.00790596 0.0642538 0.115032 0.108241 0.319192 0.0453394 0.0492769 0.0742794 0.0870184 0.0140922 0.0104109 0.0219725 0.0068795 0.00712347 0 0 0.0104601 0.0105524 0.00919495 0.0387745 
2003 0 0.0204235 0.0220383 0.137249 0.145574 0.0694003 0.248271 0.0715216 0.0613424 0.100053 0.0633966 0.00344333 0.00383565 0.00359467 0.010434 0.0211117 0.00412999 0.00350699 0.00348688 0.00353126 0.00365517 
2004 0 0.0152928 0.0384425 0.0845931 0.179782 0.155522 0.104616 0.164407 0.0488309 0.0532461 0.0402194 0.0397074 0 0.0259307 0.00346632 0.0112605 0 0 0 0 0.0346823 
2005 0 0.00764111 0.0671591 0.12515 0.110482 0.17311 0.114749 0.0413001 0.122922 0.0137869 0.0285572 0.0425173 0.0656325 0.00362575 0.00712039 0.0178708 0.0143333 0 0.00361783 0.00784213 0.032582 
2006 0 0.0127494 0.0458789 0.107779 0.139452 0.118413 0.133192 0.0847054 0.0386394 0.130715 0.0323669 0.0314011 0.0427151 0.0458624 0.00390296 0.00453516 0.00976051 0 0 0.0034923 0.0144388 
2007 0 0 0.0436868 0.0778432 0.189814 0.153161 0.0916655 0.0766467 0.0801256 0.0418279 0.0984722 0.0322312 0.0208134 0.0294609 0.0288751 0.00622151 0.00443978 0 0.00399675 0.00843309 0.0122857 
2008 0 0.00752111 0.00724099 0.109803 0.15887 0.124523 0.10509 0.076801 0.0876741 0.0775193 0.0354581 0.0802576 0.0384035 0.00688309 0.0248275 0.0284225 0.00376055 0 0.00338633 0.00352568 0.0200328 
2009 0 0.00896771 0.0424218 0.0557888 0.110706 0.131673 0.117839 0.170661 0.062016 0.0669058 0.0566963 0.0215137 0.060405 0.0322904 0 0.0173176 0.0141396 0 0 0 0.0306587 
2010 0 0.0384942 0.0346777 0.0752023 0.0592664 0.131172 0.12271 0.100916 0.126016 0.0347242 0.0672628 0.0457729 0.0209845 0.0727663 0.00696903 0.0210555 0.0175294 0.00357811 0.00692466 0 0.0139776 
2011 0 0.0291393 0.124888 0.0556199 0.0955274 0.0564578 0.0879883 0.109289 0.0802155 0.101065 0.0489226 0.0501837 0.0417999 0.014384 0.0439415 0.0138922 0 0.00783064 0.00514799 0.0115809 0.0221263 
2012 0 0.024319 0.125125 0.180894 0.053581 0.0924165 0.0210723 0.0534815 0.107023 0.10663 0.0358133 0.0246592 0.0630203 0.0071926 0.0210915 0.0245371 0.00758103 0.0108484 0.00855623 0.0105925 0.0215658 
2013 0 0.00470927 0.0873905 0.20775 0.245449 0.0704844 0.0593855 0.0213121 0.0424895 0.0426943 0.078333 0.0175371 0.024828 0.0176487 0 0.00713348 0.014352 0.0124188 0.00369897 0 0.0423856 
end_table
table error_values
1990 300 300 300 300 300 300 300 300 300 300 300 300 300 300 300 300 300 300 300 300 300 
1991 300 300 300 300 300 300 300 300 300 300 300 300 300 300 300 300 300 300 300 300 300 
1992 300 300 300 300 300 300 300 300 300 300 300 300 300 300 300 300 300 300 300 300 300 
1993 300 300 300 300 300 300 300 300 300 300 300 300 300 300 300 300 300 300 300 300 300 
1994 300 300 300 300 300 300 300 300 300 300 300 300 300 300 300 300 300 300 300 300 300 
1995 300 300 300 300 300 300 300 300 300 300 300 300 300 300 300 300 300 300 300 300 300 
1996 300 300 300 300 300 300 300 300 300 300 300 300 300 300 300 300 300 300 300 300 300 
1997 300 300 300 300 300 300 300 300 300 300 300 300 300 300 300 300 300 300 300 300 300 
1998 300 300 300 300 300 300 300 300 300 300 300 300 300 300 300 300 300 300 300 300 300 
1999 300 300 300 300 300 300 300 300 300 300 300 300 300 300 300 300 300 300 300 300 300 
2000 300 300 300 300 300 300 300 300 300 300 300 300 300 300 300 300 300 300 300 300 300 
2001 300 300 300 300 300 300 300 300 300 300 300 300 300 300 300 300 300 300 300 300 300 
2002 300 300 300 300 300 300 300 300 300 300 300 300 300 300 300 300 300 300 300 300 300 
2003 300 300 300 300 300 300 300 300 300 300 300 300 300 300 300 300 300 300 300 300 300 
2004 300 300 300 300 300 300 300 300 300 300 300 300 300 300 300 300 300 300 300 300 300 
2005 300 300 300 300 300 300 300 300 300 300 300 300 300 300 300 300 300 300 300 300 300 
2006 300 300 300 300 300 300 300 300 300 300 300 300 300 300 300 300 300 300 300 300 300 
2007 300 300 300 300 300 300 300 300 300 300 300 300 300 300 300 300 300 300 300 300 300 
2008 300 300 300 300 300 300 300 300 300 300 300 300 300 300 300 300 300 300 300 300 300 
2009 300 300 300 300 300 300 300 300 300 300 300 300 300 300 300 300 300 300 300 300 300 
2010 300 300 300 300 300 300 300 300 300 300 300 300 300 300 300 300 300 300 300 300 300 
2011 300 300 300 300 300 300 300 300 300 300 300 300 300 300 300 300 300 300 300 300 300 
2012 300 300 300 300 300 300 300 300 300 300 300 300 300 300 300 300 300 300 300 300 300 
2013 300 300 300 300 300 300 300 300 300 300 300 300 300 300 300 300 300 300 300 300 300 
end_table

