@observation fishery_age_ALK_EN_sim
age_allocation_method proportional 
ageing_error age_error 
fishery_label Fishing_LL 
layer_of_stratum_definitions area_definition 
process_label fishing 
strata_to_include EN 
type mortality_event_biomass_scaled_age_frequency 
years 1990 1991 1992 1993 1994 1995 1996 1997 1998 1999 2000 2001 2002 2003 2004 2005 2006 2007 2008 2009 2010 2011 2012 2013 
table obs
1990 0 0 0.0341841 0.0713568 0.10569 0.115543 0.0943145 0.0523039 0.0814596 0.0562022 0.0597154 0.0319254 0.0528447 0.0174625 0.0327057 0.0280771 0.0104628 0.0174634 0.0103949 0.0172638 0.110631 
1991 0 0.0303432 0.0318769 0.0670432 0.0937487 0.0975415 0.10149 0.0765926 0.0559486 0.0354559 0.0424485 0.0638061 0.052291 0.0289391 0.0177754 0.0175017 0.0408408 0.0285574 0.0109226 0.0172543 0.0896223 
1992 0 0 0.116889 0.0427978 0.0882609 0.0735339 0.0864224 0.0877929 0.0838065 0.0485572 0.0624696 0.035325 0.0303608 0.0108021 0.0144105 0.0394473 0.0182443 0.0145904 0.0043509 0.0141977 0.12774 
1993 0 0.00784493 0.0177779 0.205491 0.0763403 0.0870282 0.0902197 0.0730212 0.0382829 0.060498 0.0316823 0.0523711 0.0211361 0.0416821 0.0141546 0.0175262 0.0151646 0.0142684 0.0178087 0.0104245 0.107277 
1994 0 0.00408136 0.0356096 0.0288305 0.281783 0.111123 0.0519888 0.0757001 0.0514499 0.0581403 0.0240737 0.037521 0.00681623 0.0317449 0.0290429 0.0207352 0.0263147 0.0173175 0.0103981 0.00355867 0.0937707 
1995 0 0.00502375 0.0368029 0.0602624 0.0665501 0.268689 0.0871246 0.0695717 0.0415888 0.0696843 0.059607 0.0286901 0.0206828 0.0138387 0.017337 0.0249776 0.0118491 0.00723751 0.0280707 0 0.082412 
1996 0 0 0.0447566 0.0527702 0.119165 0.0419206 0.239928 0.0736338 0.0350683 0.0559646 0.0349464 0.0175636 0.0420625 0.0209579 0.0279726 0.0104723 0.0151864 0.0208378 0.0285864 0.00706694 0.111141 
1997 0 0.00837319 0.0305782 0.0694963 0.11077 0.093005 0.0240712 0.216055 0.0865355 0.0517162 0.042555 0.0140165 0.0412088 0.0422453 0.0136259 0.0145917 0.0107212 0.0078255 0.0139014 0.00737643 0.101332 
1998 0 0.0172029 0.0588241 0.0344053 0.10644 0.134149 0.0826518 0.031048 0.182152 0.0492775 0.0421487 0.024694 0.0244571 0.0290205 0.0240218 0.0139757 0.0173811 0.0207205 0.00339281 0.0224605 0.0815777 
1999 0 0.019684 0.0652286 0.150353 0.0311493 0.107181 0.0793899 0.0629956 0.0283681 0.161536 0.0613347 0.0462565 0.0328366 0.0208974 0.0178973 0.0069654 0.0106644 0.0105799 0.0104988 0.00780852 0.0683752 
2000 0 0.0172326 0.0483125 0.0938715 0.223961 0.0550849 0.0864248 0.0793648 0.0343137 0.0212082 0.122874 0.0596878 0.0243325 0.00369617 0.0207342 0.00696389 0.0214519 0.0160998 0.0143314 0 0.0500541 
2001 0 0 0.0661088 0.0966316 0.158053 0.195843 0.0278254 0.0727804 0.0667029 0.0346273 0.0076367 0.111115 0.0348535 0.0104234 0.010529 0.00706293 0.0143696 0.0103508 0.00344236 0.0104659 0.0611776 
2002 0 0.00408983 0.0288336 0.133906 0.0969323 0.188326 0.17622 0.0103952 0.062315 0.0448878 0.0207476 0.010381 0.0787063 0.0116658 0.0247777 0.0110138 0.00691431 0.0045051 0 0 0.0853825 
2003 0 0.00791119 0.0521433 0.0377495 0.21246 0.162018 0.106485 0.134569 0.00709797 0.0388468 0.0321755 0.028049 0.00715792 0.0698399 0.0207165 0.00343138 0.00705233 0.0103198 0.00763802 0.006899 0.0474397 
2004 0 0.034837 0.0381433 0.103956 0.062798 0.188557 0.0873102 0.105185 0.114949 0.0104925 0.0560216 0.0220208 0.0330697 0.00349809 0.0499341 0.00710829 0.00696703 0 0.0104023 0 0.0647497 
2005 0 0 0.106834 0.0808641 0.177784 0.0560146 0.149801 0.0595412 0.0837232 0.0914747 0.00713995 0.00709534 0.0432363 0.0220987 0 0.0283439 0.0154108 0.00342972 0.0127597 0.00749385 0.0469553 
2006 0 0 0.00813303 0.203271 0.104819 0.141319 0.0554454 0.105143 0.068772 0.0593596 0.100965 0.0103751 0.0139527 0.00714231 0.0247816 0.00339315 0.0217035 0.0115119 0.00717981 0.0105985 0.0421342 
2007 0 0.00388898 0.015259 0.0196217 0.263383 0.127335 0.110785 0.0380509 0.122444 0.0524325 0.0527423 0.0460042 0.00688609 0.0190643 0.0179392 0.0183384 0 0.0262101 0 0.0111609 0.0484543 
2008 0 0.00812511 0.0349811 0.00693775 0.0393203 0.284936 0.121361 0.0627501 0.0595261 0.074406 0.0352042 0.0567514 0.0562638 0.01046 0.0176238 0.0180501 0.0176689 0 0.0431438 0.00786611 0.0446248 
2009 0 0.0147825 0.0439672 0.0651654 0.0345391 0.0443917 0.282721 0.0686986 0.0839804 0.0377236 0.066464 0.0590967 0.0561955 0.0313006 0 0.0212193 0.00359774 0.00380141 0.0118514 0.0205441 0.0499601 
2010 0 0.0049744 0.0687373 0.0489375 0.118661 0.0347663 0.0276002 0.208718 0.0763714 0.0769541 0.0444012 0.0605319 0.0400504 0.03575 0.0378248 0.00349044 0.0106874 0.0105012 0.0205777 0 0.0704659 
2011 0 0.0168961 0.0219294 0.122221 0.079148 0.124834 0.0378487 0.0171851 0.209144 0.0661189 0.0589057 0.0276995 0.036223 0.0523477 0.0255916 0.0388719 0 0.00750324 0.0103696 0.00689265 0.0402697 
2012 0 0.0347398 0.0884548 0.0173776 0.142284 0.089594 0.10054 0.00342282 0.0240766 0.152583 0.08509 0.0574752 0.0139018 0.038854 0.024492 0.0262877 0.0284139 0 0.00736163 0.0177092 0.0473425 
2013 0 0.00379144 0.127254 0.126357 0.0732613 0.154079 0.0662054 0.0524582 0.0178709 0.014346 0.109311 0.0642468 0.0501838 0.0107291 0.0389504 0.00701806 0.0246638 0.014038 0 0.0144079 0.0308284 
end_table
table error_values
1990 300 300 300 300 300 300 300 300 300 300 300 300 300 300 300 300 300 300 300 300 300 
1991 300 300 300 300 300 300 300 300 300 300 300 300 300 300 300 300 300 300 300 300 300 
1992 300 300 300 300 300 300 300 300 300 300 300 300 300 300 300 300 300 300 300 300 300 
1993 300 300 300 300 300 300 300 300 300 300 300 300 300 300 300 300 300 300 300 300 300 
1994 300 300 300 300 300 300 300 300 300 300 300 300 300 300 300 300 300 300 300 300 300 
1995 300 300 300 300 300 300 300 300 300 300 300 300 300 300 300 300 300 300 300 300 300 
1996 300 300 300 300 300 300 300 300 300 300 300 300 300 300 300 300 300 300 300 300 300 
1997 300 300 300 300 300 300 300 300 300 300 300 300 300 300 300 300 300 300 300 300 300 
1998 300 300 300 300 300 300 300 300 300 300 300 300 300 300 300 300 300 300 300 300 300 
1999 300 300 300 300 300 300 300 300 300 300 300 300 300 300 300 300 300 300 300 300 300 
2000 300 300 300 300 300 300 300 300 300 300 300 300 300 300 300 300 300 300 300 300 300 
2001 300 300 300 300 300 300 300 300 300 300 300 300 300 300 300 300 300 300 300 300 300 
2002 300 300 300 300 300 300 300 300 300 300 300 300 300 300 300 300 300 300 300 300 300 
2003 300 300 300 300 300 300 300 300 300 300 300 300 300 300 300 300 300 300 300 300 300 
2004 300 300 300 300 300 300 300 300 300 300 300 300 300 300 300 300 300 300 300 300 300 
2005 300 300 300 300 300 300 300 300 300 300 300 300 300 300 300 300 300 300 300 300 300 
2006 300 300 300 300 300 300 300 300 300 300 300 300 300 300 300 300 300 300 300 300 300 
2007 300 300 300 300 300 300 300 300 300 300 300 300 300 300 300 300 300 300 300 300 300 
2008 300 300 300 300 300 300 300 300 300 300 300 300 300 300 300 300 300 300 300 300 300 
2009 300 300 300 300 300 300 300 300 300 300 300 300 300 300 300 300 300 300 300 300 300 
2010 300 300 300 300 300 300 300 300 300 300 300 300 300 300 300 300 300 300 300 300 300 
2011 300 300 300 300 300 300 300 300 300 300 300 300 300 300 300 300 300 300 300 300 300 
2012 300 300 300 300 300 300 300 300 300 300 300 300 300 300 300 300 300 300 300 300 300 
2013 300 300 300 300 300 300 300 300 300 300 300 300 300 300 300 300 300 300 300 300 300 
end_table

