@observation fishery_age_ALK_EN_sim
age_allocation_method proportional 
ageing_error age_error 
fishery_label Fishing_LL 
layer_of_stratum_definitions area_definition 
process_label fishing 
strata_to_include EN 
type mortality_event_biomass_scaled_age_frequency 
years 1990 1991 1992 1993 1994 1995 1996 1997 1998 1999 2000 2001 2002 2003 2004 2005 2006 2007 2008 2009 2010 2011 2012 2013 
table obs
1990 0 0.00548116 0.0366817 0.0388075 0.0842039 0.137136 0.10529 0.087254 0.0841971 0.0596005 0.0248899 0.0472591 0.0420665 0.017477 0.0326465 0.0104949 0.0177189 0.024564 0.0319565 0.0107061 0.101569 
1991 0 0.0296964 0.0281772 0.052816 0.133293 0.0838621 0.0769993 0.0660468 0.0456535 0.0744953 0.028001 0.0432286 0.0422691 0.0280972 0.0374034 0.0282965 0.024745 0.0139006 0.0138937 0.0176109 0.131514 
1992 0 0 0.0921737 0.0605687 0.0780644 0.104516 0.084144 0.090086 0.0553604 0.0530281 0.0349171 0.0610126 0.013999 0.0413124 0.0350854 0.0173245 0.018364 0.014808 0.0111933 0.0217984 0.112244 
1993 0 0.0113474 0.017566 0.205834 0.113976 0.0730861 0.0835597 0.0386116 0.0489892 0.0384385 0.0314534 0.0453471 0.0386479 0.0396254 0.035311 0.0212446 0.0142885 0 0.0247965 0.0115342 0.106343 
1994 0 0.00792233 0.0252783 0.0281769 0.341107 0.0483953 0.0759506 0.0724347 0.0560772 0.0515162 0.0410442 0.0278242 0.0309428 0.0107155 0.0207261 0.0238513 0.0215125 0.014086 0 0.0138819 0.0885572 
1995 0 0.00502375 0.033019 0.056992 0.0486041 0.324024 0.0485178 0.0767506 0.0560756 0.0382987 0.0544152 0.0282829 0.0210166 0.0250056 0.0139226 0.0174469 0.0152995 0.0104028 0.0107152 0.0104385 0.105749 
1996 0 0.00623432 0.0420762 0.0565034 0.139137 0.0519455 0.24365 0.0526385 0.0420575 0.0383561 0.0173038 0.0209865 0.0278499 0.0314196 0.0213143 0.0209312 0.014202 0.0140937 0.0277823 0.0251247 0.106393 
1997 0 0.0235468 0.0138933 0.0812359 0.0690795 0.13442 0.0480863 0.203231 0.0790965 0.037686 0.0279682 0.0386732 0.0383607 0.0289584 0.0240665 0.02177 0.0172451 0.00360039 0.0142571 0.00343154 0.0913932 
1998 0 0.00784281 0.0922947 0.0276423 0.11294 0.0933009 0.082868 0.048326 0.215716 0.0383867 0.0318702 0.0317829 0.0143652 0.0391068 0.0209009 0.0183561 0.0102469 0.0176393 0.0104064 0.00679428 0.0792137 
1999 0 0.0165195 0.0431174 0.14745 0.0314779 0.150026 0.0799009 0.0730144 0.0140936 0.141271 0.0382057 0.0291566 0.0326145 0.0256845 0.0258235 0.0179977 0.0240576 0.0104488 0.010882 0.00354647 0.0847115 
2000 0 0.0147003 0.0291615 0.131857 0.245198 0.0518562 0.0621796 0.0446139 0.0345667 0.0439073 0.143765 0.0240524 0.0177641 0.0248297 0.0105626 0.0181515 0.00369617 0.0174765 0.00388614 0.0113692 0.0664058 
2001 0 0.00392988 0.0758736 0.110791 0.150763 0.21351 0.0282725 0.0629285 0.0552351 0.0424084 0.0145148 0.073117 0.0138341 0.0103444 0.0144976 0.0104728 0 0.00733373 0.00344236 0.0181055 0.0906262 
2002 0 0.0081636 0.0250123 0.130101 0.148691 0.195456 0.15603 0.0380543 0.0489267 0.035504 0.0347109 0.00715902 0.0613797 0.0147307 0.00345099 0.00699567 0.0138888 0.00351251 0.00758312 0 0.0606493 
2003 0 0.00411859 0.0622586 0.0348199 0.188592 0.133857 0.166317 0.132221 0.0138509 0.0645501 0.0246729 0.00726489 0 0.059409 0.0174991 0.0104416 0.0255448 0.00382508 0.00724288 0 0.0435145 
2004 0 0.0347108 0.0306355 0.0858074 0.0874474 0.171791 0.104725 0.105614 0.133104 0.0214852 0.0319098 0.0216016 0.0258317 0.00384099 0.0571643 0.0133668 0.0141433 0.0106386 0.0132662 0 0.0329165 
2005 0 0 0.114688 0.0866772 0.11524 0.0312936 0.209387 0.0522246 0.0906833 0.105647 0.00349189 0.0385924 0.0167882 0.0250666 0.00352797 0.0334588 0.0186391 0.0148352 0 0 0.0397586 
2006 0 0 0.0106719 0.219205 0.0933491 0.120518 0.0654383 0.118425 0.0585943 0.0650647 0.112151 0 0.00707961 0.0141886 0.00700581 0 0.050323 0.00692936 0.00700508 0.00346468 0.0405868 
2007 0 0.00388898 0.00979926 0.0109241 0.353912 0.0867595 0.0796361 0.0311029 0.097461 0.0654763 0.0593265 0.0489719 0.0115503 0.0208257 0.0070153 0.0142363 0 0.0348491 0 0.0140856 0.0501789 
2008 0 0.00457037 0.0420653 0.0139659 0.0592011 0.278703 0.0763786 0.0875138 0.0658127 0.0908822 0.0401426 0.0529002 0.0685159 0.00691167 0.0105171 0.0144646 0.00696399 0.0104099 0.0221412 0.00393305 0.0440064 
2009 0 0.0188759 0.0448795 0.0744436 0.0170907 0.0480162 0.25526 0.116659 0.0734778 0.0378622 0.0647481 0.0739264 0.0432017 0.049054 0 0.0145806 0 0.0109103 0 0.0173358 0.0396785 
2010 0 0 0.07282 0.0677066 0.107884 0.0242761 0.0207646 0.228996 0.0489507 0.0827268 0.0379726 0.105431 0.0246135 0.0349186 0.0465765 0.00485709 0.00701474 0.0103471 0.0249478 0 0.0491968 
2011 0 0.0206219 0.0174375 0.107973 0.134984 0.13868 0.0379286 0.0138829 0.190674 0.0761309 0.0526431 0.0139622 0.0460408 0.0355676 0.0285657 0.0138448 0 0.0104416 0.0142942 0.00829217 0.0380342 
2012 0 0.0275621 0.0604912 0.0280103 0.166802 0.0791231 0.0760616 0.0206715 0.0352282 0.185263 0.0606171 0.0664201 0.0143923 0.0462598 0.0140594 0.0247751 0.0215325 0.00368489 0.00736163 0.0142756 0.0474087 
2013 0 0.0105647 0.117351 0.119268 0.0559414 0.171167 0.0766429 0.0558162 0.0184224 0.0172181 0.113353 0.0498017 0.038544 0.00341594 0.0398243 0.0164353 0.0214565 0.0285949 0 0.0137574 0.0324247 
end_table
table error_values
1990 300 300 300 300 300 300 300 300 300 300 300 300 300 300 300 300 300 300 300 300 300 
1991 300 300 300 300 300 300 300 300 300 300 300 300 300 300 300 300 300 300 300 300 300 
1992 300 300 300 300 300 300 300 300 300 300 300 300 300 300 300 300 300 300 300 300 300 
1993 300 300 300 300 300 300 300 300 300 300 300 300 300 300 300 300 300 300 300 300 300 
1994 300 300 300 300 300 300 300 300 300 300 300 300 300 300 300 300 300 300 300 300 300 
1995 300 300 300 300 300 300 300 300 300 300 300 300 300 300 300 300 300 300 300 300 300 
1996 300 300 300 300 300 300 300 300 300 300 300 300 300 300 300 300 300 300 300 300 300 
1997 300 300 300 300 300 300 300 300 300 300 300 300 300 300 300 300 300 300 300 300 300 
1998 300 300 300 300 300 300 300 300 300 300 300 300 300 300 300 300 300 300 300 300 300 
1999 300 300 300 300 300 300 300 300 300 300 300 300 300 300 300 300 300 300 300 300 300 
2000 300 300 300 300 300 300 300 300 300 300 300 300 300 300 300 300 300 300 300 300 300 
2001 300 300 300 300 300 300 300 300 300 300 300 300 300 300 300 300 300 300 300 300 300 
2002 300 300 300 300 300 300 300 300 300 300 300 300 300 300 300 300 300 300 300 300 300 
2003 300 300 300 300 300 300 300 300 300 300 300 300 300 300 300 300 300 300 300 300 300 
2004 300 300 300 300 300 300 300 300 300 300 300 300 300 300 300 300 300 300 300 300 300 
2005 300 300 300 300 300 300 300 300 300 300 300 300 300 300 300 300 300 300 300 300 300 
2006 300 300 300 300 300 300 300 300 300 300 300 300 300 300 300 300 300 300 300 300 300 
2007 300 300 300 300 300 300 300 300 300 300 300 300 300 300 300 300 300 300 300 300 300 
2008 300 300 300 300 300 300 300 300 300 300 300 300 300 300 300 300 300 300 300 300 300 
2009 300 300 300 300 300 300 300 300 300 300 300 300 300 300 300 300 300 300 300 300 300 
2010 300 300 300 300 300 300 300 300 300 300 300 300 300 300 300 300 300 300 300 300 300 
2011 300 300 300 300 300 300 300 300 300 300 300 300 300 300 300 300 300 300 300 300 300 
2012 300 300 300 300 300 300 300 300 300 300 300 300 300 300 300 300 300 300 300 300 300 
2013 300 300 300 300 300 300 300 300 300 300 300 300 300 300 300 300 300 300 300 300 300 
end_table

