@observation fishery_age_ALK_EN_sim
age_allocation_method proportional 
ageing_error age_error 
fishery_label Fishing_LL 
layer_of_stratum_definitions area_definition 
process_label fishing 
strata_to_include EN 
type mortality_event_biomass_scaled_age_frequency 
years 1990 1991 1992 1993 1994 1995 1996 1997 1998 1999 2000 2001 2002 2003 2004 2005 2006 2007 2008 2009 2010 2011 2012 2013 
table obs
1990 0 0 0.0445107 0.0466213 0.0917597 0.115643 0.105078 0.0736647 0.0632108 0.045631 0.0452651 0.0385039 0.0318126 0.0282383 0.0249242 0.0212105 0.0279434 0.0247594 0.0140891 0.00706855 0.150067 
1991 0 0.0263898 0.0246476 0.0743559 0.101113 0.0909326 0.062836 0.0870996 0.0524643 0.058004 0.028404 0.0806712 0.0250587 0.0220776 0.0350611 0.0349694 0.0213241 0.0103321 0.0248091 0.0107886 0.128661 
1992 0 0 0.0772357 0.0892811 0.0774834 0.0876211 0.108628 0.080361 0.0621245 0.0214969 0.0525996 0.0605267 0.0335499 0.0493322 0.0250851 0.010577 0.0213476 0.0185958 0.00346123 0.0216315 0.099062 
1993 0 0.00784493 0.0106929 0.188595 0.103823 0.10405 0.0837423 0.0486546 0.0490327 0.0318009 0.0522241 0.0421098 0.0326235 0.0173933 0.0287695 0.027986 0.0179267 0.00380346 0.00368512 0.0141313 0.131112 
1994 0 0.00408136 0.0252783 0.0216872 0.306263 0.0869468 0.0859876 0.0445986 0.0549847 0.0832614 0.0446109 0.0101894 0.0342091 0.0260292 0.0106074 0.0171556 0.0199027 0.0140154 0.0249702 0.0069444 0.0782763 
1995 0 0.00355282 0.0253306 0.0945304 0.0556124 0.27511 0.069348 0.0939838 0.038347 0.0420148 0.0243075 0.0384524 0.0172505 0.0139435 0.0175187 0.0113188 0.0175424 0.0139431 0.018241 0.0111122 0.11854 
1996 0 0 0.0484231 0.0523339 0.129734 0.0274564 0.236629 0.0696709 0.0626504 0.0384853 0.0746206 0.0102991 0.0348469 0.021072 0.0245018 0.00757596 0.0262777 0.0205895 0.00350667 0.00719979 0.104127 
1997 0 0.0121163 0.00339325 0.0861872 0.114242 0.106799 0.0307505 0.241877 0.0478652 0.0659835 0.0341317 0.0241472 0.0417327 0.024404 0.0103486 0.018836 0.01038 0.0105694 0.0113803 0.0112704 0.0935854 
1998 0 0.0172029 0.0589505 0.0310008 0.148423 0.113378 0.096631 0.0137759 0.19328 0.0589385 0.0250448 0.0393945 0.0247401 0.0429233 0.0293259 0.0109097 0.00712674 0.00700739 0.00360602 0.00945477 0.0688866 
1999 0 0.00844739 0.0619706 0.177779 0.0529849 0.0935875 0.0808999 0.0743231 0.0319255 0.130291 0.0567394 0.027999 0.0436381 0.0431085 0.00716308 0.0177137 0 0.0106401 0.00685769 0.00346004 0.0704711 
2000 0 0.0147003 0.022931 0.135602 0.203058 0.027842 0.0970112 0.0413476 0.0830859 0.0279439 0.114596 0.024 0.0313192 0.010194 0.0262456 0.010897 0.0106037 0.0104281 0.0144928 0.0102846 0.0834173 
2001 0 0 0.0597932 0.100026 0.160848 0.22978 0.028112 0.0661283 0.0353668 0.0672355 0.0203659 0.0983767 0.0107676 0.0214433 0.0143748 0.0104337 0.0144289 0.00355445 0.0110806 0.00370289 0.0441809 
2002 0 0.010294 0.0252867 0.128245 0.145764 0.163317 0.158807 0.0172244 0.0628697 0.0380917 0.0467767 0.024712 0.0496485 0.0210265 0.00359165 0.00707434 0.00710331 0.0115715 0.00346333 0.0105899 0.0645438 
2003 0 0.0120018 0.0568331 0.042417 0.171498 0.113614 0.158571 0.127875 0.0104587 0.0353884 0.0389527 0.0217178 0.00704697 0.0752142 0.0220023 0.0140326 0.0178072 0.0139537 0.0105226 0 0.0500931 
2004 0 0.0391741 0.0299717 0.102972 0.0872777 0.151012 0.0972217 0.105006 0.104861 0.0139559 0.0456281 0.024993 0.0335238 0.0106306 0.0651961 0.0246222 0.00700422 0.00701226 0.00397139 0.00766886 0.0382969 
2005 0 0.00402304 0.113764 0.0735321 0.131657 0.0559667 0.196267 0.0737559 0.0452979 0.106664 0.00352797 0.0244707 0.0316656 0.0289044 0 0.0353013 0.00772819 0.00351904 0.00769651 0.00744551 0.0488138 
2006 0 0.004701 0.00449345 0.191663 0.09997 0.153229 0.0449527 0.12137 0.0656436 0.0553345 0.0800905 0.00367727 0.029845 0.031508 0.0286605 0.00338014 0.0352534 0 0.00688268 0 0.039345 
2007 0 0.00774377 0.00395397 0.0135483 0.287317 0.103878 0.120295 0.0312856 0.116168 0.0603322 0.0635655 0.063463 0.00770991 0.0243249 0.010331 0.014368 0 0.0137388 0.00679256 0.00695874 0.0442258 
2008 0 0.0156218 0.0159693 0.0243223 0.0346771 0.275952 0.0763809 0.0829687 0.024699 0.105722 0.0635147 0.0454028 0.0584941 0.00345898 0.0219236 0.0251923 0.0179294 0.00343901 0.0426903 0.00361431 0.0580274 
2009 0 0.0188759 0.0405234 0.0862556 0.0171191 0.0443157 0.257918 0.0831384 0.117882 0.0309986 0.0730562 0.0415393 0.0216847 0.0630335 0.00344301 0.0184382 0.00343561 0.0143566 0.00387787 0.0175235 0.0425847 
2010 0 0 0.0629157 0.0564328 0.119189 0.0207226 0.020794 0.221573 0.092742 0.0730204 0.0344598 0.0658425 0.053944 0.0173305 0.0520777 0 0.0195968 0 0.00341297 0 0.085946 
2011 0 0.0168961 0.0287805 0.108199 0.120883 0.137628 0.0276342 0.00683404 0.163319 0.0775477 0.0489475 0.0241499 0.0504894 0.0313466 0.0179037 0.028199 0.0069848 0.032801 0.0173731 0.00379414 0.0502892 
2012 0 0.0384925 0.0634895 0.0173509 0.139667 0.117505 0.0760058 0.0275994 0.0143043 0.143156 0.0429 0.052626 0.0200843 0.0718164 0.0297192 0.0423006 0.0417538 0 0.00374708 0.00715413 0.0503285 
2013 0 0.00380826 0.141433 0.122897 0.0346768 0.156764 0.0732781 0.0595193 0.017632 0.0142565 0.176397 0.0283467 0.0355441 0.0138677 0.0251901 0.0141504 0.010641 0.0183505 0 0.0128811 0.0403676 
end_table
table error_values
1990 300 300 300 300 300 300 300 300 300 300 300 300 300 300 300 300 300 300 300 300 300 
1991 300 300 300 300 300 300 300 300 300 300 300 300 300 300 300 300 300 300 300 300 300 
1992 300 300 300 300 300 300 300 300 300 300 300 300 300 300 300 300 300 300 300 300 300 
1993 300 300 300 300 300 300 300 300 300 300 300 300 300 300 300 300 300 300 300 300 300 
1994 300 300 300 300 300 300 300 300 300 300 300 300 300 300 300 300 300 300 300 300 300 
1995 300 300 300 300 300 300 300 300 300 300 300 300 300 300 300 300 300 300 300 300 300 
1996 300 300 300 300 300 300 300 300 300 300 300 300 300 300 300 300 300 300 300 300 300 
1997 300 300 300 300 300 300 300 300 300 300 300 300 300 300 300 300 300 300 300 300 300 
1998 300 300 300 300 300 300 300 300 300 300 300 300 300 300 300 300 300 300 300 300 300 
1999 300 300 300 300 300 300 300 300 300 300 300 300 300 300 300 300 300 300 300 300 300 
2000 300 300 300 300 300 300 300 300 300 300 300 300 300 300 300 300 300 300 300 300 300 
2001 300 300 300 300 300 300 300 300 300 300 300 300 300 300 300 300 300 300 300 300 300 
2002 300 300 300 300 300 300 300 300 300 300 300 300 300 300 300 300 300 300 300 300 300 
2003 300 300 300 300 300 300 300 300 300 300 300 300 300 300 300 300 300 300 300 300 300 
2004 300 300 300 300 300 300 300 300 300 300 300 300 300 300 300 300 300 300 300 300 300 
2005 300 300 300 300 300 300 300 300 300 300 300 300 300 300 300 300 300 300 300 300 300 
2006 300 300 300 300 300 300 300 300 300 300 300 300 300 300 300 300 300 300 300 300 300 
2007 300 300 300 300 300 300 300 300 300 300 300 300 300 300 300 300 300 300 300 300 300 
2008 300 300 300 300 300 300 300 300 300 300 300 300 300 300 300 300 300 300 300 300 300 
2009 300 300 300 300 300 300 300 300 300 300 300 300 300 300 300 300 300 300 300 300 300 
2010 300 300 300 300 300 300 300 300 300 300 300 300 300 300 300 300 300 300 300 300 300 
2011 300 300 300 300 300 300 300 300 300 300 300 300 300 300 300 300 300 300 300 300 300 
2012 300 300 300 300 300 300 300 300 300 300 300 300 300 300 300 300 300 300 300 300 300 
2013 300 300 300 300 300 300 300 300 300 300 300 300 300 300 300 300 300 300 300 300 300 
end_table

