@observation fishery_age_ALK_BP_sim
age_allocation_method proportional 
ageing_error age_error 
fishery_label Fishing_LL 
layer_of_stratum_definitions area_definition 
process_label fishing 
strata_to_include BP 
type mortality_event_biomass_scaled_age_frequency 
years 1990 1991 1992 1993 1994 1995 1996 1997 1998 1999 2000 2001 2002 2003 2004 2005 2006 2007 2008 2009 2010 2011 2012 2013 
table obs
1990 0 0.00527398 0.0251191 0.0747898 0.0785319 0.132599 0.0880376 0.0558548 0.0596556 0.0613288 0.0382923 0.0498661 0.0355399 0.0358768 0.0178888 0.0320274 0.021752 0.0276716 0.00688146 0.0180398 0.134973 
1991 0 0 0.0451371 0.0571559 0.0839817 0.0848629 0.0884129 0.0774258 0.0697868 0.0558596 0.0490628 0.0344563 0.0287099 0.0777133 0.0241951 0.0173541 0.0208606 0.0288539 0.0139962 0.0244417 0.117734 
1992 0 0 0.0363457 0.0867198 0.0928547 0.103023 0.0776619 0.068006 0.0748418 0.0526271 0.0496468 0.0529138 0.0498767 0.0284867 0.0317448 0.0139299 0.0294598 0.00722679 0.0110837 0.00707051 0.126481 
1993 0 0.00629687 0.0104278 0.066591 0.122337 0.124454 0.0905459 0.0658148 0.0698397 0.0528697 0.0402395 0.0415518 0.0521204 0.0171473 0.024387 0.0290255 0.0291097 0.0287349 0.0206303 0.0102147 0.0976617 
1994 0 0.0265399 0.017325 0.0571465 0.122479 0.0871276 0.104996 0.0523769 0.0593927 0.0659865 0.0487955 0.0450028 0.020785 0.0391692 0.0143366 0.0322469 0.035107 0.025668 0.0314461 0.0196081 0.0944651 
1995 0 0.026765 0.10308 0.0383085 0.0765421 0.12182 0.0763093 0.0766684 0.0452722 0.0488853 0.0463874 0.0563105 0.0316473 0.0283564 0.0272619 0.0221579 0.0319756 0.0364694 0.0141423 0.00437219 0.0872686 
1996 0 0.0147892 0.0749447 0.194405 0.059145 0.08364 0.0941848 0.0633249 0.0779537 0.0528967 0.0138752 0.0176411 0.0321834 0.0333432 0.0258882 0.0206004 0.00724692 0.0214733 0.00418114 0.0139759 0.0943071 
1997 0 0.0100209 0.0534977 0.197421 0.263573 0.0209723 0.0764579 0.0280204 0.0635435 0.02479 0.0571255 0.0285114 0.0302265 0.0280231 0.0218749 0.01452 0.00753673 0 0.00713951 0.0150022 0.0517434 
1998 0 0.0388566 0.0396338 0.122538 0.188353 0.252056 0.0392308 0.0287069 0.0425031 0.0397338 0.0185584 0.00711347 0.00719432 0.0192406 0.0261477 0.0279668 0.00730483 0.0106147 0.0190958 0.0140671 0.0510839 
1999 0 0 0.115719 0.087223 0.151914 0.172776 0.17292 0.0278383 0.0389562 0.0404261 0.0302022 0.0138148 0.0320883 0.014771 0.00377241 0.010888 0.00721065 0.0112419 0 0.00764609 0.060593 
2000 0 0.0106348 0.0219067 0.287276 0.133278 0.0840783 0.123278 0.15159 0.0140051 0.0178199 0.0291826 0.0268578 0.0149148 0.021477 0.00725783 0 0.00841897 0.00758648 0 0.0109732 0.0294646 
2001 0 0.00943102 0.0335486 0.0774537 0.314657 0.100095 0.0970539 0.0724019 0.139857 0.0226128 0.00692825 0.0106508 0.0177712 0.00339079 0.0181214 0.00339079 0.00705414 0.0110626 0.0106135 0.00723495 0.0366706 
2002 0 0.0102569 0.0756719 0.0943365 0.115362 0.32217 0.0527027 0.0733783 0.0733724 0.073727 0.00700041 0.00369966 0.0250361 0.0103956 0.00362196 0.0129143 0.0122447 0.00499052 0 0 0.0291191 
2003 0 0.0169925 0.0326795 0.182382 0.131474 0.0589955 0.249102 0.0769982 0.0487258 0.0514934 0.0802761 0 0 0 0.0181399 0.0105367 0.00465071 0 0 0.00716216 0.0303908 
2004 0 0.0277552 0.0401245 0.073494 0.155889 0.176121 0.0769231 0.212068 0.0495227 0.0415168 0.0331329 0.0650216 0 0.00964565 0.0111035 0.00346543 0 0 0.003522 0 0.0206946 
2005 0 0.0151511 0.0454016 0.0940806 0.135478 0.187452 0.110444 0.0589284 0.154177 0.0245529 0.0317273 0.0386784 0.028552 0.00344973 0.0035392 0.01313 0.00344101 0 0.0112035 0.00397865 0.0366345 
2006 0 0.0127494 0.049479 0.121985 0.145891 0.11156 0.146896 0.0561805 0.0558305 0.105888 0.032166 0.0425557 0.0458174 0.0402708 0 0 0.00349261 0.00418248 0 0.00390296 0.0211524 
2007 0 0 0.0293393 0.0954308 0.220978 0.171302 0.0676543 0.0800856 0.0665172 0.0315413 0.0946979 0.0329701 0.0216323 0.0105254 0.0397669 0.00342331 0.00350984 0.00355021 0.00769665 0.00843739 0.0109416 
2008 0 0.00376055 0.013993 0.120595 0.183635 0.128008 0.13843 0.0274366 0.083926 0.0701891 0.0174528 0.0966853 0.0140964 0.0215572 0.0376727 0.0103005 0.00376055 0.00705136 0.00678055 0.00357692 0.0110922 
2009 0 0.00896771 0.0280399 0.0530506 0.127814 0.159155 0.142558 0.117912 0.0738208 0.0412663 0.0554478 0.0351728 0.0638314 0.0179173 0.0089655 0.0173205 0.00373666 0.00447457 0 0 0.0405489 
2010 0 0.0347044 0.0309638 0.0856948 0.0606092 0.14095 0.149543 0.0629325 0.0986237 0.0421564 0.0772408 0.0315682 0.0348836 0.083489 0.020897 0.0138076 0.0176123 0.00697299 0 0 0.00734991 
2011 0 0.0254428 0.108069 0.0667897 0.115762 0.0526149 0.122964 0.0952134 0.0879595 0.0717157 0.033832 0.0431939 0.0392326 0.0175081 0.0590455 0.0104593 0.0086669 0 0.0157859 0.00386029 0.0218852 
2012 0 0.0237438 0.0972476 0.195418 0.0493917 0.0920135 0.0282748 0.0854481 0.0929499 0.0929316 0.0528765 0.0356549 0.0453083 0.0214509 0.0175825 0.0250018 0 0.0105497 0.00688859 0.00855623 0.0187119 
2013 0 0.00922033 0.0866617 0.197275 0.263414 0.0487687 0.0674202 0.0425262 0.0554165 0.0461408 0.0359238 0.0347005 0.0176546 0.025324 0.00716319 0.0109553 0.0212224 0.0108569 0 0.00345755 0.0158987 
end_table
table error_values
1990 300 300 300 300 300 300 300 300 300 300 300 300 300 300 300 300 300 300 300 300 300 
1991 300 300 300 300 300 300 300 300 300 300 300 300 300 300 300 300 300 300 300 300 300 
1992 300 300 300 300 300 300 300 300 300 300 300 300 300 300 300 300 300 300 300 300 300 
1993 300 300 300 300 300 300 300 300 300 300 300 300 300 300 300 300 300 300 300 300 300 
1994 300 300 300 300 300 300 300 300 300 300 300 300 300 300 300 300 300 300 300 300 300 
1995 300 300 300 300 300 300 300 300 300 300 300 300 300 300 300 300 300 300 300 300 300 
1996 300 300 300 300 300 300 300 300 300 300 300 300 300 300 300 300 300 300 300 300 300 
1997 300 300 300 300 300 300 300 300 300 300 300 300 300 300 300 300 300 300 300 300 300 
1998 300 300 300 300 300 300 300 300 300 300 300 300 300 300 300 300 300 300 300 300 300 
1999 300 300 300 300 300 300 300 300 300 300 300 300 300 300 300 300 300 300 300 300 300 
2000 300 300 300 300 300 300 300 300 300 300 300 300 300 300 300 300 300 300 300 300 300 
2001 300 300 300 300 300 300 300 300 300 300 300 300 300 300 300 300 300 300 300 300 300 
2002 300 300 300 300 300 300 300 300 300 300 300 300 300 300 300 300 300 300 300 300 300 
2003 300 300 300 300 300 300 300 300 300 300 300 300 300 300 300 300 300 300 300 300 300 
2004 300 300 300 300 300 300 300 300 300 300 300 300 300 300 300 300 300 300 300 300 300 
2005 300 300 300 300 300 300 300 300 300 300 300 300 300 300 300 300 300 300 300 300 300 
2006 300 300 300 300 300 300 300 300 300 300 300 300 300 300 300 300 300 300 300 300 300 
2007 300 300 300 300 300 300 300 300 300 300 300 300 300 300 300 300 300 300 300 300 300 
2008 300 300 300 300 300 300 300 300 300 300 300 300 300 300 300 300 300 300 300 300 300 
2009 300 300 300 300 300 300 300 300 300 300 300 300 300 300 300 300 300 300 300 300 300 
2010 300 300 300 300 300 300 300 300 300 300 300 300 300 300 300 300 300 300 300 300 300 
2011 300 300 300 300 300 300 300 300 300 300 300 300 300 300 300 300 300 300 300 300 300 
2012 300 300 300 300 300 300 300 300 300 300 300 300 300 300 300 300 300 300 300 300 300 
2013 300 300 300 300 300 300 300 300 300 300 300 300 300 300 300 300 300 300 300 300 300 
end_table

