@observation fishery_age_ALK_EN_sim
age_allocation_method proportional 
ageing_error age_error 
fishery_label Fishing_LL 
layer_of_stratum_definitions area_definition 
process_label fishing 
strata_to_include EN 
type mortality_event_biomass_scaled_age_frequency 
years 1990 1991 1992 1993 1994 1995 1996 1997 1998 1999 2000 2001 2002 2003 2004 2005 2006 2007 2008 2009 2010 2011 2012 2013 
table obs
1990 0 0 0.02755 0.0454194 0.0952372 0.133912 0.0801303 0.0734306 0.0456209 0.0560864 0.0475994 0.0702756 0.0422157 0.028363 0.0361126 0.0247423 0.0244487 0.0174551 0.00350093 0.010573 0.137327 
1991 0 0.0377463 0.0243484 0.0769341 0.0770606 0.0874524 0.0697257 0.0736521 0.0835165 0.0635862 0.0318548 0.0571213 0.0255414 0.0383062 0.0315794 0.0206659 0.00708138 0.0178468 0.0142733 0.0243966 0.137311 
1992 0 0 0.0960848 0.0562918 0.0846808 0.0879059 0.058939 0.0760754 0.0670399 0.0628266 0.0567058 0.0502191 0.0420801 0.0568838 0.0106328 0.0219425 0.0244002 0.0248413 0.00733876 0.0177426 0.0973688 
1993 0 0.0113474 0.00368896 0.234028 0.0897463 0.0798271 0.0487609 0.0629145 0.0526721 0.0605872 0.0599551 0.0306399 0.0210016 0.028156 0.014398 0.0245927 0.0279958 0.010503 0.0105257 0.0142236 0.114436 
1994 0 0.00408136 0.0216654 0.0320329 0.272777 0.082705 0.086132 0.0584637 0.0552278 0.0448708 0.0752451 0.0515221 0.0309188 0.0279216 0.0336329 0.0204519 0.0142145 0.0137436 0.0175919 0.00342323 0.0533786 
1995 0 0.00394608 0.034448 0.0493304 0.0416191 0.296449 0.0937141 0.0490816 0.0450475 0.0314438 0.0314496 0.0536219 0.0646396 0.0319101 0.0137531 0.0211196 0.0251349 0.0146514 0.00696074 0.00772238 0.0839573 
1996 0 0 0.0244208 0.0662675 0.115245 0.059472 0.298827 0.04653 0.059341 0.0282045 0.0413128 0.0175416 0.0278494 0.0176207 0.0421348 0.0138445 0.0287075 0.0138975 0.0110826 0.0136339 0.0740672 
1997 0 0.0186672 0.00710683 0.074575 0.10531 0.0927819 0.0444987 0.188577 0.0793572 0.0695253 0.0449669 0.0352105 0.0315466 0.021583 0.0106867 0.0247804 0.0174053 0.014349 0.0159978 0.0181057 0.0849697 
1998 0 0.00915282 0.0632591 0.0378591 0.127439 0.110127 0.100319 0.0378806 0.204634 0.0420124 0.0281616 0.0211939 0.0253419 0.041578 0.0142127 0.0074193 0.0248494 0.0140836 0.0174355 0.00892999 0.0641108 
1999 0 0.0160786 0.0581592 0.160752 0.0490748 0.0905786 0.0840763 0.0835885 0.0242169 0.10447 0.0489155 0.049411 0.0200127 0.0303739 0.035619 0.0107784 0.00355604 0.0175411 0.00695154 0.00740149 0.0984442 
2000 0 0.00552747 0.0702412 0.132556 0.182416 0.0340024 0.102965 0.0686344 0.0515595 0.0172467 0.108099 0.0455365 0.0212403 0.0284035 0.00720928 0.0142708 0.015536 0.0106266 0.00689278 0.00759651 0.0694402 
2001 0 0.0084424 0.0441567 0.117256 0.184443 0.203003 0.0207841 0.062965 0.0521091 0.0460607 0.0179434 0.0730213 0.0412011 0.0215336 0.0146301 0.0217001 0.00682445 0.00706298 0.0112112 0 0.0456522 
2002 0 0.0143677 0.0330463 0.140443 0.114956 0.19381 0.149615 0.0207792 0.0762427 0.0246998 0.0313435 0.0184005 0.075397 0.0185547 0 0.0103776 0.0101151 0 0.0105183 0.00752159 0.0498114 
2003 0 0 0.0569219 0.0375871 0.19222 0.15085 0.107259 0.146829 0.0243376 0.0423215 0.0248222 0.0453388 0.00694001 0.0723848 0.00694001 0.0142074 0.00338437 0.0128325 0.0151762 0 0.0396482 
2004 0 0.0427827 0.0299794 0.0927066 0.0731546 0.16412 0.101619 0.126812 0.112666 0.00692102 0.0426875 0.00350613 0.043518 0.0104555 0.0774806 0.00345208 0.0042425 0.00346894 0.0035828 0.00362634 0.0532182 
2005 0 0.00756681 0.0891044 0.0664573 0.157038 0.0451626 0.192751 0.0628131 0.0730994 0.0815763 0.0108332 0.0208514 0.0484892 0.0255371 0.00705594 0.0321984 0.0104439 0.018872 0.00349189 0.0143117 0.0323463 
2006 0 0 0.00807387 0.200653 0.121082 0.124164 0.0278024 0.136427 0.0655137 0.0763142 0.0717628 0.00757746 0.0249581 0.0176953 0.0102253 0.00678629 0.0504021 0.00819597 0.0103859 0 0.0319803 
2007 0 0.00774377 0.00395397 0.038414 0.279704 0.0862952 0.0970626 0.0448782 0.110336 0.0682102 0.0307113 0.0743124 0.00340641 0.0140678 0.0323046 0.0191954 0 0.0258066 0.0119344 0.00768077 0.0439826 
2008 0 0.00812511 0.0348348 0.00717443 0.0561102 0.302571 0.0805461 0.0660524 0.0381906 0.0693267 0.0815009 0.0533112 0.0536171 0.00340201 0.0225223 0.0105741 0.00353533 0.0100103 0.0456235 0.00383029 0.0491421 
2009 0 0.0222939 0.0341783 0.0815541 0.0174745 0.0272508 0.268503 0.103513 0.0912109 0.0380596 0.051837 0.0655839 0.0600867 0.0140398 0.0115272 0.0206136 0.0145663 0.00746324 0.00365407 0.0174466 0.0491432 
2010 0 0 0.0620709 0.0503594 0.12211 0.0206366 0.0380911 0.266977 0.0521485 0.093067 0.0183679 0.0690883 0.0275181 0.0282047 0.0451573 0 0.00394834 0.00710545 0.0184887 0 0.0766605 
2011 0 0.0206219 0.03579 0.111761 0.106873 0.100035 0.0275668 0.0103066 0.197402 0.0593993 0.0664018 0.0242706 0.0598778 0.0423807 0.0349542 0.0193163 0 0.00342239 0.00802289 0.0138676 0.0577309 
2012 0 0.0313041 0.067409 0.0347658 0.162933 0.0931091 0.0728206 0.00696283 0.013871 0.14469 0.0812182 0.0719383 0.0142665 0.0457495 0.0372221 0.0319126 0.0179574 0 0.00745481 0.0178737 0.0465422 
2013 0 0.00379144 0.130725 0.116167 0.0277155 0.171771 0.0941535 0.0768619 0.00692329 0.0246843 0.098056 0.0364817 0.0338538 0.0106854 0.0360996 0.0104848 0.0322734 0.0360654 0.00352713 0.020827 0.0288543 
end_table
table error_values
1990 300 300 300 300 300 300 300 300 300 300 300 300 300 300 300 300 300 300 300 300 300 
1991 300 300 300 300 300 300 300 300 300 300 300 300 300 300 300 300 300 300 300 300 300 
1992 300 300 300 300 300 300 300 300 300 300 300 300 300 300 300 300 300 300 300 300 300 
1993 300 300 300 300 300 300 300 300 300 300 300 300 300 300 300 300 300 300 300 300 300 
1994 300 300 300 300 300 300 300 300 300 300 300 300 300 300 300 300 300 300 300 300 300 
1995 300 300 300 300 300 300 300 300 300 300 300 300 300 300 300 300 300 300 300 300 300 
1996 300 300 300 300 300 300 300 300 300 300 300 300 300 300 300 300 300 300 300 300 300 
1997 300 300 300 300 300 300 300 300 300 300 300 300 300 300 300 300 300 300 300 300 300 
1998 300 300 300 300 300 300 300 300 300 300 300 300 300 300 300 300 300 300 300 300 300 
1999 300 300 300 300 300 300 300 300 300 300 300 300 300 300 300 300 300 300 300 300 300 
2000 300 300 300 300 300 300 300 300 300 300 300 300 300 300 300 300 300 300 300 300 300 
2001 300 300 300 300 300 300 300 300 300 300 300 300 300 300 300 300 300 300 300 300 300 
2002 300 300 300 300 300 300 300 300 300 300 300 300 300 300 300 300 300 300 300 300 300 
2003 300 300 300 300 300 300 300 300 300 300 300 300 300 300 300 300 300 300 300 300 300 
2004 300 300 300 300 300 300 300 300 300 300 300 300 300 300 300 300 300 300 300 300 300 
2005 300 300 300 300 300 300 300 300 300 300 300 300 300 300 300 300 300 300 300 300 300 
2006 300 300 300 300 300 300 300 300 300 300 300 300 300 300 300 300 300 300 300 300 300 
2007 300 300 300 300 300 300 300 300 300 300 300 300 300 300 300 300 300 300 300 300 300 
2008 300 300 300 300 300 300 300 300 300 300 300 300 300 300 300 300 300 300 300 300 300 
2009 300 300 300 300 300 300 300 300 300 300 300 300 300 300 300 300 300 300 300 300 300 
2010 300 300 300 300 300 300 300 300 300 300 300 300 300 300 300 300 300 300 300 300 300 
2011 300 300 300 300 300 300 300 300 300 300 300 300 300 300 300 300 300 300 300 300 300 
2012 300 300 300 300 300 300 300 300 300 300 300 300 300 300 300 300 300 300 300 300 300 
2013 300 300 300 300 300 300 300 300 300 300 300 300 300 300 300 300 300 300 300 300 300 
end_table

