@observation fishery_age_ALK_BP_sim
age_allocation_method proportional 
ageing_error age_error 
fishery_label Fishing_LL 
layer_of_stratum_definitions area_definition 
process_label fishing 
strata_to_include BP 
type mortality_event_biomass_scaled_age_frequency 
years 1990 1991 1992 1993 1994 1995 1996 1997 1998 1999 2000 2001 2002 2003 2004 2005 2006 2007 2008 2009 2010 2011 2012 2013 
table obs
1990 0 0.0120622 0.0180792 0.0645183 0.0958232 0.0987425 0.0703827 0.0762174 0.0628125 0.0491374 0.0457991 0.0277931 0.0490613 0.0213255 0.0357762 0.042276 0.0330132 0.034644 0.00395368 0.014381 0.144202 
1991 0 0.00528026 0.0324242 0.0850818 0.0957307 0.0836428 0.101625 0.0666781 0.0591281 0.0718845 0.0385196 0.0461161 0.0386792 0.0432366 0.0285311 0.0327012 0.0280742 0.014922 0.0266137 0.0102192 0.0909117 
1992 0 0 0.0293725 0.0939947 0.0572317 0.116531 0.0779551 0.0880358 0.0607573 0.0425881 0.0352474 0.0575849 0.0461013 0.0390707 0.0295931 0.0283878 0.0246358 0.0256378 0.00571833 0.0180476 0.123509 
1993 0 0.00348949 0.0379402 0.0523941 0.111827 0.132266 0.0689905 0.0764887 0.0590307 0.0520053 0.0482333 0.0523 0.0345004 0.0422202 0.0325619 0.0351773 0.0245003 0.022601 0.0242877 0.00481587 0.08437 
1994 0 0.0265399 0.0204963 0.064859 0.122094 0.0870823 0.0665248 0.0799716 0.0696201 0.0837444 0.038379 0.0518758 0.0153008 0.0380625 0.041828 0.0246867 0.0247332 0.0178092 0.0107783 0.0195153 0.0960989 
1995 0 0.0188886 0.0966652 0.0210805 0.121479 0.0938596 0.0802042 0.0843501 0.0522342 0.0714738 0.0593057 0.0312748 0.0221719 0.0288184 0.0280526 0.0291785 0.0129913 0.0215058 0.00344142 0.0151643 0.10786 
1996 0 0.0183465 0.0952358 0.20872 0.0488019 0.0732811 0.0702258 0.0664012 0.0488002 0.0316301 0.0502553 0.0360118 0.021176 0.0290078 0.040079 0.0215451 0.0214687 0.0216919 0.0253258 0.0142308 0.0577651 
1997 0 0.0100209 0.0322679 0.173699 0.294868 0.0518192 0.0415803 0.0564567 0.0527864 0.0459154 0.0331381 0.0254121 0.0249636 0.0187811 0.0106796 0.00740122 0.0177093 0.00790665 0.0175118 0.0139887 0.0630941 
1998 0 0.035323 0.0323898 0.108764 0.191055 0.262336 0.0282852 0.0353981 0.0472184 0.0285763 0.040922 0.0144623 0.0259321 0.0214786 0.0207095 0.0108271 0.0108893 0.00338815 0.00339832 0.0222444 0.0564023 
1999 0 0.00353536 0.137309 0.069403 0.147717 0.19399 0.146833 0.0137741 0.0285812 0.0461178 0.0405767 0.00737077 0.0145347 0.0192409 0.0183299 0.0230325 0.0142454 0.00385558 0.00343824 0.00718597 0.0609297 
2000 0 0.00411246 0.0287948 0.234191 0.108789 0.139455 0.154805 0.112596 0.0214303 0.021316 0.0216523 0.0183621 0.0119912 0.0181475 0.0220211 0.0108944 0.0110366 0.00370632 0 0 0.0566992 
2001 0 0.0219067 0.042985 0.111957 0.313565 0.0928835 0.0654692 0.0726015 0.101102 0.0174673 0.00725878 0.0110358 0.0251503 0.0209402 0.0228744 0.00692245 0.00345476 0.0114897 0.0149205 0.00369823 0.0323174 
2002 0 0.0179875 0.071178 0.0735195 0.104444 0.333598 0.0633769 0.0770441 0.0769249 0.0559892 0.00371938 0.00350105 0.0253181 0.00704833 0.0103538 0.00705562 0.0176167 0 0.00916336 0.00369966 0.0384613 
2003 0 0.0132164 0.0362212 0.092791 0.189609 0.0694768 0.256125 0.070894 0.0561441 0.0716941 0.0499003 0.00704994 0.00349191 0.00344333 0.0108898 0.0156634 0.0114726 0.0109171 0.0108093 0.00465015 0.0155409 
2004 0 0.019706 0.0519084 0.0734617 0.211131 0.100696 0.0692983 0.199734 0.0601712 0.0415801 0.0395557 0.067391 0.00694828 0.0034263 0.011313 0.00685258 0 0 0.00592716 0 0.0309001 
2005 0 0.0114841 0.0631046 0.1013 0.0931724 0.176266 0.114587 0.0657653 0.126526 0.0316099 0.0318999 0.0453577 0.0454469 0.0105616 0.00749811 0.00344973 0.00346386 0.00363463 0.00360701 0.0111692 0.0500955 
2006 0 0.0124973 0.0426301 0.146802 0.124566 0.128557 0.105984 0.0945823 0.0523029 0.144944 0.0382684 0.00705382 0.0360009 0.0217747 0 0 0.00418248 0.00418248 0 0.00780593 0.0278656 
2007 0 0 0.0329653 0.0779008 0.165074 0.170698 0.0873239 0.090914 0.0864535 0.0563936 0.0885551 0.021333 0.0250059 0.0319625 0.0296301 0 0.0123882 0.00488288 0.0185185 0 0 
2008 0 0.0075211 0.01401 0.0894342 0.16906 0.118134 0.097492 0.0729326 0.108109 0.077557 0.0454 0.0944178 0.021149 0.0215972 0.0240862 0.0142818 0.00357692 0.00352568 0 0 0.0177145 
2009 0 0.00896771 0.0337784 0.0483685 0.117161 0.159155 0.152543 0.145042 0.0702376 0.0668355 0.0766385 0.0148858 0.0356288 0.0110052 0.00358469 0.0109991 0.0109596 0.00447457 0.00358237 0 0.0261528 
2010 0 0.0391216 0.0274135 0.0710752 0.0463632 0.158082 0.146813 0.105339 0.105867 0.017304 0.0698606 0.0660882 0.0312134 0.0556618 0.0103638 0.0137995 0.0249403 0.00349257 0.00352731 0 0.00367496 
2011 0 0.0406499 0.138034 0.039238 0.0946436 0.0595102 0.101936 0.131135 0.0666242 0.0745267 0.0398636 0.0495197 0.0413676 0.0247039 0.0209222 0.0166267 0.0113289 0.00726037 0.0146196 0.00374853 0.023741 
2012 0 0.0272191 0.104619 0.177086 0.0606767 0.102977 0.0423661 0.0496213 0.0861484 0.0925852 0.0572435 0.0279261 0.0461137 0.0176342 0.0368483 0.0258882 0.00367586 0.0116654 0.00721883 0.00353084 0.0189566 
2013 0 0.0193702 0.0485499 0.249177 0.238282 0.0311996 0.0698324 0.0435471 0.0460901 0.0501193 0.0670451 0.0180126 0.0190436 0.0219695 0.00362122 0 0.014077 0.0141557 0.00695982 0.00760397 0.0313438 
end_table
table error_values
1990 300 300 300 300 300 300 300 300 300 300 300 300 300 300 300 300 300 300 300 300 300 
1991 300 300 300 300 300 300 300 300 300 300 300 300 300 300 300 300 300 300 300 300 300 
1992 300 300 300 300 300 300 300 300 300 300 300 300 300 300 300 300 300 300 300 300 300 
1993 300 300 300 300 300 300 300 300 300 300 300 300 300 300 300 300 300 300 300 300 300 
1994 300 300 300 300 300 300 300 300 300 300 300 300 300 300 300 300 300 300 300 300 300 
1995 300 300 300 300 300 300 300 300 300 300 300 300 300 300 300 300 300 300 300 300 300 
1996 300 300 300 300 300 300 300 300 300 300 300 300 300 300 300 300 300 300 300 300 300 
1997 300 300 300 300 300 300 300 300 300 300 300 300 300 300 300 300 300 300 300 300 300 
1998 300 300 300 300 300 300 300 300 300 300 300 300 300 300 300 300 300 300 300 300 300 
1999 300 300 300 300 300 300 300 300 300 300 300 300 300 300 300 300 300 300 300 300 300 
2000 300 300 300 300 300 300 300 300 300 300 300 300 300 300 300 300 300 300 300 300 300 
2001 300 300 300 300 300 300 300 300 300 300 300 300 300 300 300 300 300 300 300 300 300 
2002 300 300 300 300 300 300 300 300 300 300 300 300 300 300 300 300 300 300 300 300 300 
2003 300 300 300 300 300 300 300 300 300 300 300 300 300 300 300 300 300 300 300 300 300 
2004 300 300 300 300 300 300 300 300 300 300 300 300 300 300 300 300 300 300 300 300 300 
2005 300 300 300 300 300 300 300 300 300 300 300 300 300 300 300 300 300 300 300 300 300 
2006 300 300 300 300 300 300 300 300 300 300 300 300 300 300 300 300 300 300 300 300 300 
2007 300 300 300 300 300 300 300 300 300 300 300 300 300 300 300 300 300 300 300 300 300 
2008 300 300 300 300 300 300 300 300 300 300 300 300 300 300 300 300 300 300 300 300 300 
2009 300 300 300 300 300 300 300 300 300 300 300 300 300 300 300 300 300 300 300 300 300 
2010 300 300 300 300 300 300 300 300 300 300 300 300 300 300 300 300 300 300 300 300 300 
2011 300 300 300 300 300 300 300 300 300 300 300 300 300 300 300 300 300 300 300 300 300 
2012 300 300 300 300 300 300 300 300 300 300 300 300 300 300 300 300 300 300 300 300 300 
2013 300 300 300 300 300 300 300 300 300 300 300 300 300 300 300 300 300 300 300 300 300 
end_table

