@observation fishery_age_ALK_HG_sim
age_allocation_method proportional 
ageing_error age_error 
fishery_label Fishing_LL 
layer_of_stratum_definitions area_definition 
process_label fishing 
strata_to_include HG 
type mortality_event_biomass_scaled_age_frequency 
years 1990 1991 1992 1993 1994 1995 1996 1997 1998 1999 2000 2001 2002 2003 2004 2005 2006 2007 2008 2009 2010 2011 2012 2013 
table obs
1990 0 0.00858634 0.0349675 0.0531624 0.0946851 0.0870111 0.0937187 0.0765268 0.083628 0.0561189 0.0488837 0.0414956 0.0371175 0.0316761 0.0392296 0.0294102 0.0174137 0.0164934 0.0260925 0.0282539 0.0955288 
1991 0 0.0159428 0.0371985 0.0715629 0.10462 0.076266 0.0902341 0.0555227 0.0694372 0.0453787 0.0769608 0.0360415 0.0462731 0.0259158 0.0322136 0.0283358 0.0104589 0.0177584 0.0214065 0.0151487 0.123324 
1992 0 0.00379859 0.0353084 0.0675401 0.0866466 0.086522 0.0972451 0.0624934 0.0486082 0.0456322 0.0631451 0.0454478 0.031614 0.0531285 0.0212669 0.0606083 0.0252709 0 0.00720983 0.0109495 0.147565 
1993 0 0.00345728 0.00700244 0.0818558 0.107571 0.120688 0.0900081 0.10048 0.0692013 0.0527488 0.0377743 0.0416802 0.00340966 0.0484876 0.0357599 0.0210809 0.0175894 0.0286374 0.0211392 0.00359316 0.107835 
1994 0 0 0.0300626 0.0395225 0.148417 0.0830322 0.0823697 0.0515422 0.0796184 0.0617696 0.0586893 0.0381051 0.0552881 0.0216035 0.0343839 0.0207738 0.027702 0.0207345 0.0210855 0.0241037 0.101196 
1995 0 0.0184022 0.012345 0.0610718 0.0382883 0.129474 0.112048 0.10054 0.0597822 0.0762561 0.0450873 0.0454578 0.0321561 0.03135 0.0370343 0.0211148 0.0143534 0.0209943 0.00707235 0 0.137172 
1996 0 0.00436371 0.053491 0.0439316 0.130223 0.0352859 0.101004 0.0627085 0.0662113 0.0773717 0.0742136 0.031426 0.0564827 0.042527 0.0244473 0.0141933 0.0285285 0.0035324 0.0141572 0.0280192 0.107882 
1997 0 0 0.0340324 0.105354 0.0806659 0.089513 0.013818 0.0903453 0.0811265 0.0805153 0.0420686 0.052543 0.0356293 0.0425396 0.0287194 0.0297018 0.014368 0.0340014 0.0179867 0.0138883 0.113184 
1998 0 0.00911631 0.0245729 0.0784939 0.182285 0.0488122 0.0594865 0.0351541 0.0592236 0.0715249 0.0385398 0.0605427 0.0455061 0.0464958 0.0313317 0.0311089 0.0312053 0.0156749 0.0244816 0.00438791 0.102055 
1999 0 0.0250627 0.0297702 0.0734055 0.123407 0.133005 0.0836712 0.0314105 0.0139851 0.0671179 0.0595898 0.0703887 0.0177342 0.0337637 0.0291718 0.021223 0.0209357 0.0287909 0.0178617 0.00759151 0.112114 
2000 0 0.0141846 0.119427 0.0838858 0.0590793 0.100958 0.118942 0.0494311 0.0769215 0.0254467 0.0925323 0.0284803 0.038313 0.0389516 0.0217383 0.00717746 0.0107069 0.00707061 0.0213706 0.00416769 0.0812161 
2001 0 0.0171943 0.0479184 0.202951 0.115476 0.107969 0.0907061 0.0746159 0.0423488 0.0179861 0.017717 0.0430695 0.025212 0.0189247 0.0094655 0.0220314 0.0107807 0.0138553 0.00753097 0.0215006 0.0927461 
2002 0 0.0181866 0.0448611 0.114822 0.267976 0.0831403 0.038389 0.0419464 0.108503 0.0382588 0.0138409 0.010839 0.0278943 0.0280962 0.025058 0.0107887 0.0269734 0.0251781 0.0110687 0.00731809 0.0568613 
2003 0 0.014106 0.0554799 0.116341 0.132202 0.212475 0.09087 0.0527175 0.0312471 0.0633339 0.0243215 0.0321941 0.014203 0.0173293 0.0360272 0.0183792 0.0069562 0.0119634 0 0.0069967 0.0628579 
2004 0 0.0174815 0.023122 0.16863 0.148995 0.107392 0.180216 0.0735674 0.0382899 0.0275626 0.0564538 0.00338508 0.0196388 0.010622 0.0171982 0.0180365 0.00697884 0.0110465 0.00927781 0.0101501 0.0519564 
2005 0 0.00850795 0.0659923 0.0586952 0.173113 0.13446 0.0867676 0.176181 0.0445738 0.0246322 0.0203715 0.0553663 0.0138178 0.0151147 0.00339142 0.0199545 0.00689184 0.00715375 0.0126177 0.0120324 0.0603644 
2006 0 0.00405862 0.0324594 0.120213 0.101982 0.190589 0.133477 0.0705828 0.115761 0.0649927 0.0112162 0.0282333 0.0253027 0.00714133 0.0119286 0 0.0212284 0.00695767 0.00374524 0.00725294 0.0428784 
2007 0 0.00725187 0.00353563 0.0833758 0.19975 0.0899754 0.14584 0.098311 0.0492928 0.112631 0.0364617 0.0143324 0.0247255 0.0279863 0.00716042 0.00704164 0.0103867 0.0191813 0.00342642 0.00369747 0.0556361 
2008 0 0.00939065 0.0277616 0.0144256 0.101836 0.209689 0.0969836 0.129328 0.101431 0.0356982 0.084936 0.0321975 0.0252698 0.0138455 0.0176056 0.00352451 0.00353724 0 0.021761 0.0149257 0.0558536 
2009 0 0.037847 0.0115443 0.0674132 0.0359408 0.118838 0.168708 0.0872117 0.136525 0.0663616 0.0433814 0.0787997 0.0207904 0.0121757 0.0212273 0.0301908 0.0176863 0.00349797 0 0.0068738 0.0349865 
2010 0 0.00938645 0.124794 0.0524526 0.0908223 0.024057 0.065392 0.177219 0.0626825 0.139944 0.0561842 0.0489932 0.0530795 0.0277849 0.00347916 0.0141228 0.0106142 0.00346553 0 0 0.0355274 
2011 0 0.00407721 0.0229262 0.243932 0.0910174 0.0861806 0.027609 0.0627252 0.097921 0.0320803 0.086579 0.049452 0.0247255 0.0657203 0.0348852 0.00341796 0.0173744 0.0110002 0 0 0.0383763 
2012 0 0.00718022 0.0421087 0.0453044 0.331089 0.0660389 0.0763593 0.010365 0.0565009 0.099164 0.0208136 0.0889592 0.0187115 0.0280192 0.0430656 0.00714391 0 0.00342208 0.0179358 0.00707716 0.0307418 
2013 0 0.0158871 0.0595915 0.0462836 0.0909358 0.315314 0.0560174 0.0351503 0.0281482 0.0387599 0.075888 0.0448374 0.0426268 0.043071 0.0140271 0.0428175 0.0116708 0.00435231 0.00737891 0.00435231 0.0228902 
end_table
table error_values
1990 300 300 300 300 300 300 300 300 300 300 300 300 300 300 300 300 300 300 300 300 300 
1991 300 300 300 300 300 300 300 300 300 300 300 300 300 300 300 300 300 300 300 300 300 
1992 300 300 300 300 300 300 300 300 300 300 300 300 300 300 300 300 300 300 300 300 300 
1993 300 300 300 300 300 300 300 300 300 300 300 300 300 300 300 300 300 300 300 300 300 
1994 300 300 300 300 300 300 300 300 300 300 300 300 300 300 300 300 300 300 300 300 300 
1995 300 300 300 300 300 300 300 300 300 300 300 300 300 300 300 300 300 300 300 300 300 
1996 300 300 300 300 300 300 300 300 300 300 300 300 300 300 300 300 300 300 300 300 300 
1997 300 300 300 300 300 300 300 300 300 300 300 300 300 300 300 300 300 300 300 300 300 
1998 300 300 300 300 300 300 300 300 300 300 300 300 300 300 300 300 300 300 300 300 300 
1999 300 300 300 300 300 300 300 300 300 300 300 300 300 300 300 300 300 300 300 300 300 
2000 300 300 300 300 300 300 300 300 300 300 300 300 300 300 300 300 300 300 300 300 300 
2001 300 300 300 300 300 300 300 300 300 300 300 300 300 300 300 300 300 300 300 300 300 
2002 300 300 300 300 300 300 300 300 300 300 300 300 300 300 300 300 300 300 300 300 300 
2003 300 300 300 300 300 300 300 300 300 300 300 300 300 300 300 300 300 300 300 300 300 
2004 300 300 300 300 300 300 300 300 300 300 300 300 300 300 300 300 300 300 300 300 300 
2005 300 300 300 300 300 300 300 300 300 300 300 300 300 300 300 300 300 300 300 300 300 
2006 300 300 300 300 300 300 300 300 300 300 300 300 300 300 300 300 300 300 300 300 300 
2007 300 300 300 300 300 300 300 300 300 300 300 300 300 300 300 300 300 300 300 300 300 
2008 300 300 300 300 300 300 300 300 300 300 300 300 300 300 300 300 300 300 300 300 300 
2009 300 300 300 300 300 300 300 300 300 300 300 300 300 300 300 300 300 300 300 300 300 
2010 300 300 300 300 300 300 300 300 300 300 300 300 300 300 300 300 300 300 300 300 300 
2011 300 300 300 300 300 300 300 300 300 300 300 300 300 300 300 300 300 300 300 300 300 
2012 300 300 300 300 300 300 300 300 300 300 300 300 300 300 300 300 300 300 300 300 300 
2013 300 300 300 300 300 300 300 300 300 300 300 300 300 300 300 300 300 300 300 300 300 
end_table

