@observation fishery_age_ALK_EN_sim
age_allocation_method proportional 
ageing_error age_error 
fishery_label Fishing_LL 
layer_of_stratum_definitions area_definition 
process_label fishing 
strata_to_include EN 
type mortality_event_biomass_scaled_age_frequency 
years 1990 1991 1992 1993 1994 1995 1996 1997 1998 1999 2000 2001 2002 2003 2004 2005 2006 2007 2008 2009 2010 2011 2012 2013 
table obs
1990 0 0 0.0338605 0.0678551 0.0954957 0.101442 0.112577 0.0840482 0.0386026 0.0453443 0.0349731 0.0506987 0.0388567 0.0318088 0.0314724 0.0455686 0.0141634 0.0211391 0.017589 0.0175491 0.116956 
1991 0 0.0297672 0.028025 0.0739951 0.109185 0.0769671 0.0801063 0.0837621 0.0454358 0.0350263 0.0459614 0.0460865 0.0312402 0.0211192 0.0336138 0.0424684 0.0355733 0.0208384 0.0142887 0.0141928 0.132347 
1992 0 0 0.0886043 0.0641452 0.0846464 0.0764208 0.0836801 0.0730038 0.0659958 0.0672253 0.0421127 0.0596823 0.0243041 0.042612 0.0330836 0.0318719 0.0142052 0.0105177 0.018025 0.0145758 0.105288 
1993 0 0.0113474 0.0139355 0.188727 0.0972855 0.0832564 0.0798477 0.0591412 0.0661481 0.0383805 0.0499209 0.0525798 0.0390086 0.0212822 0.0177885 0.00694516 0.02077 0.0107102 0.0216816 0.0178404 0.103403 
1994 0 0.00749248 0.0257767 0.028067 0.303714 0.0451877 0.072303 0.0821228 0.0514798 0.0309445 0.0617535 0.037601 0.0205337 0.0205215 0.0383745 0.0241321 0.0208938 0.0137845 0.0180832 0.0103252 0.0869094 
1995 0 0.00857657 0.0407696 0.0812209 0.0245752 0.267192 0.0657315 0.083809 0.0530417 0.0481919 0.0268833 0.0418287 0.0188477 0.0322558 0.0316304 0.013857 0.0102967 0.0251446 0.0188876 0.0141913 0.0930683 
1996 0 0.00623432 0.0350357 0.0808685 0.122434 0.0244882 0.214724 0.0730761 0.066977 0.0557506 0.0423212 0.017408 0.0430472 0.029691 0.0247785 0.0207337 0.0171457 0.0179478 0.00722171 0.0105929 0.0895234 
1997 0 0.016996 0.0135265 0.10226 0.126954 0.106601 0.0311026 0.18995 0.0621346 0.0461995 0.0418659 0.0307913 0.0312346 0.0209698 0.0207243 0.010331 0.0251075 0.0175151 0.0175423 0.0192377 0.0689561 
1998 0 0.0172029 0.0758989 0.0310518 0.103333 0.0963692 0.116916 0.0346226 0.170276 0.0588759 0.0243241 0.0499683 0.0224387 0.0211928 0.0171751 0.0103129 0.0269569 0.0152062 0.0107928 0.0184905 0.0785948 
1999 0 0.0201249 0.0540981 0.171247 0.038197 0.114652 0.0945381 0.0521582 0.0285303 0.14446 0.0522167 0.0176775 0.0225422 0.0222466 0.0413468 0.00367568 0.0141168 0.0184588 0.0174764 0.00382815 0.0684084 
2000 0 0.0101139 0.0524392 0.13537 0.199217 0.0378456 0.0959239 0.0485281 0.0552066 0.0377586 0.122487 0.0207633 0.0182007 0.0201649 0.0102123 0.0139421 0.0224578 0.00711661 0.0120046 0.00709397 0.0731538 
2001 0 0.00451252 0.0510523 0.100602 0.187887 0.196067 0.0140287 0.0705178 0.0627882 0.0350859 0.014055 0.0810233 0.0365506 0.0141116 0.0104731 0.0143083 0.0102946 0.00706293 0.0140859 0 0.0754927 
2002 0 0.00408983 0.0323965 0.127532 0.120899 0.159226 0.195142 0.0212785 0.0796856 0.0322196 0.04327 0.0144516 0.0579869 0.0174896 0.00683564 0.00745681 0.00359166 0 0.00812846 0.00359166 0.064729 
2003 0 0.0075852 0.0548618 0.0458258 0.175084 0.144448 0.162656 0.128407 0.0104756 0.0318431 0.0347757 0.028583 0.0038335 0.0583112 0.00721974 0.014652 0.00715791 0.0181552 0.0178346 0.00346761 0.0448232 
2004 0 0.0317038 0.0420512 0.0823472 0.0764453 0.191501 0.119871 0.0941659 0.105497 0.014011 0.0423865 0.0252767 0.0292546 0.0179927 0.0437025 0.0306733 0.00695915 0.00350613 0 0.00350613 0.0391491 
2005 0 0 0.103834 0.0801323 0.136205 0.0630091 0.132828 0.0658891 0.0938361 0.0920673 0.00349189 0.0599996 0.0175811 0.023968 0.00706819 0.0320076 0.00341702 0.0103658 0.0114114 0.00352797 0.0593598 
2006 0 0 0.00449345 0.204281 0.110396 0.138374 0.0553836 0.12787 0.0380898 0.0834238 0.0823092 0.0140658 0.0208797 0.0163747 0.0176303 0.00426939 0.0354075 0.00813209 0 0 0.0386206 
2007 0 0.00388898 0 0.0241422 0.262786 0.134844 0.156188 0.0239639 0.114694 0.0570806 0.0373782 0.0568848 0.00688609 0.0116696 0.0123608 0.00689156 0.00355233 0.0173133 0.00767328 0.00384038 0.0579626 
2008 0 0.00812511 0.0340962 0.0138336 0.0321103 0.254068 0.100714 0.111211 0.0243502 0.0631243 0.0623391 0.0661916 0.092321 0.018236 0.0287658 0.00745804 0.0141884 0.0071393 0.0287382 0 0.0329899 
2009 0 0.0222939 0.0345224 0.0632751 0.0312062 0.0239896 0.255304 0.110084 0.086572 0.021178 0.08699 0.0455955 0.0277062 0.0728887 0.00343561 0.0144409 0.0104736 0.00739915 0.0165118 0.0378159 0.0283172 
2010 0 0.0049744 0.0824438 0.0559229 0.0946634 0.020906 0.0312421 0.288172 0.0657752 0.0483855 0.0361853 0.0758155 0.0409235 0.0452357 0.0378987 0 0.0103987 0.00349044 0.0102827 0.00336621 0.0439183 
2011 0 0.0206219 0.0105254 0.147618 0.120189 0.110275 0.0209646 0.0241299 0.199441 0.0875823 0.0458121 0.0138451 0.0783699 0.0289117 0.0251633 0.0174643 0 0.0103186 0 0.00344452 0.0353219 
2012 0 0.0313041 0.0568093 0.0243915 0.170068 0.08967 0.0767124 0.0205498 0.017667 0.157912 0.0534709 0.0538491 0.0317532 0.0425524 0.0289301 0.0287753 0.0386773 0 0.0110036 0.0105915 0.0553127 
2013 0 0.00338663 0.113576 0.119542 0.0417768 0.192638 0.0593012 0.0978466 0.0140207 0.0243764 0.095809 0.0206853 0.0381654 0.0068465 0.0546762 0.0281014 0.0218519 0.0152321 0.00705427 0.00704507 0.0380689 
end_table
table error_values
1990 300 300 300 300 300 300 300 300 300 300 300 300 300 300 300 300 300 300 300 300 300 
1991 300 300 300 300 300 300 300 300 300 300 300 300 300 300 300 300 300 300 300 300 300 
1992 300 300 300 300 300 300 300 300 300 300 300 300 300 300 300 300 300 300 300 300 300 
1993 300 300 300 300 300 300 300 300 300 300 300 300 300 300 300 300 300 300 300 300 300 
1994 300 300 300 300 300 300 300 300 300 300 300 300 300 300 300 300 300 300 300 300 300 
1995 300 300 300 300 300 300 300 300 300 300 300 300 300 300 300 300 300 300 300 300 300 
1996 300 300 300 300 300 300 300 300 300 300 300 300 300 300 300 300 300 300 300 300 300 
1997 300 300 300 300 300 300 300 300 300 300 300 300 300 300 300 300 300 300 300 300 300 
1998 300 300 300 300 300 300 300 300 300 300 300 300 300 300 300 300 300 300 300 300 300 
1999 300 300 300 300 300 300 300 300 300 300 300 300 300 300 300 300 300 300 300 300 300 
2000 300 300 300 300 300 300 300 300 300 300 300 300 300 300 300 300 300 300 300 300 300 
2001 300 300 300 300 300 300 300 300 300 300 300 300 300 300 300 300 300 300 300 300 300 
2002 300 300 300 300 300 300 300 300 300 300 300 300 300 300 300 300 300 300 300 300 300 
2003 300 300 300 300 300 300 300 300 300 300 300 300 300 300 300 300 300 300 300 300 300 
2004 300 300 300 300 300 300 300 300 300 300 300 300 300 300 300 300 300 300 300 300 300 
2005 300 300 300 300 300 300 300 300 300 300 300 300 300 300 300 300 300 300 300 300 300 
2006 300 300 300 300 300 300 300 300 300 300 300 300 300 300 300 300 300 300 300 300 300 
2007 300 300 300 300 300 300 300 300 300 300 300 300 300 300 300 300 300 300 300 300 300 
2008 300 300 300 300 300 300 300 300 300 300 300 300 300 300 300 300 300 300 300 300 300 
2009 300 300 300 300 300 300 300 300 300 300 300 300 300 300 300 300 300 300 300 300 300 
2010 300 300 300 300 300 300 300 300 300 300 300 300 300 300 300 300 300 300 300 300 300 
2011 300 300 300 300 300 300 300 300 300 300 300 300 300 300 300 300 300 300 300 300 300 
2012 300 300 300 300 300 300 300 300 300 300 300 300 300 300 300 300 300 300 300 300 300 
2013 300 300 300 300 300 300 300 300 300 300 300 300 300 300 300 300 300 300 300 300 300 
end_table

