@observation fishery_age_ALK_BP_sim
age_allocation_method proportional 
ageing_error age_error 
fishery_label Fishing_LL 
layer_of_stratum_definitions area_definition 
process_label fishing 
strata_to_include BP 
type mortality_event_biomass_scaled_age_frequency 
years 1990 1991 1992 1993 1994 1995 1996 1997 1998 1999 2000 2001 2002 2003 2004 2005 2006 2007 2008 2009 2010 2011 2012 2013 
table obs
1990 0 0.0120622 0.0252874 0.0825978 0.0703972 0.112893 0.11222 0.0868428 0.0734066 0.0506489 0.0487693 0.042069 0.0291153 0.0213011 0.0143715 0.0152273 0.0141603 0.0243775 0.0144436 0.0215058 0.128303 
1991 0 0.00528026 0.0395569 0.0715846 0.101854 0.11211 0.0774096 0.0772168 0.0487374 0.0392434 0.0529668 0.0417099 0.0310759 0.0451948 0.0349748 0.0252422 0.0105824 0.0278446 0.0216739 0.0107495 0.124993 
1992 0 0.00340053 0.0258457 0.0798497 0.103234 0.0994484 0.0886525 0.0678889 0.0668836 0.0605569 0.0561193 0.0294541 0.0318633 0.0285944 0.0400225 0.0357917 0.0212226 0.0137927 0.0283855 0.0114201 0.107574 
1993 0 0.00629687 0.0242962 0.0879924 0.0903781 0.118241 0.0729833 0.083337 0.0656187 0.07285 0.036541 0.0454698 0.0323705 0.0379237 0.0384934 0.0207499 0.0158059 0.0206445 0.00705702 0.0188308 0.10412 
1994 0 0.0310517 0.0191663 0.0545466 0.1533 0.0981575 0.0593625 0.0348585 0.0766091 0.0561931 0.0245223 0.0523871 0.048499 0.0282924 0.0393926 0.0178934 0.0116634 0.024333 0.0160627 0.0253091 0.128399 
1995 0 0.0271733 0.0946436 0.0494866 0.0731983 0.12832 0.0664164 0.0672789 0.06996 0.0277146 0.0636091 0.0388357 0.0398604 0.0518809 0.0173949 0.0301348 0.0252171 0.0142036 0.0106112 0.0034161 0.100644 
1996 0 0.0140826 0.0792888 0.2498 0.0172239 0.0693367 0.0960644 0.0632833 0.0524513 0.0456275 0.0453549 0.0210717 0.0350804 0.0259825 0.0294068 0.0107734 0.0104884 0.0223871 0.014687 0.0145429 0.0830664 
1997 0 0.00354022 0.0492519 0.128277 0.283619 0.0348965 0.0843542 0.056022 0.0666 0.0563655 0.0322461 0.0400791 0.0288483 0.0212004 0.0105019 0.00350597 0.00705831 0.00729047 0.00736983 0.0191283 0.0598449 
1998 0 0.0384455 0.0323183 0.102754 0.19825 0.280227 0.0383716 0.0357894 0.0461826 0.032793 0.0253955 0.0421726 0.0109819 0.0222588 0.0047772 0.00736489 0.0155773 0.00359864 0.0167101 0.00374197 0.0422905 
1999 0 0.0112972 0.118142 0.0911092 0.0999413 0.225824 0.183498 0.0176634 0.0402938 0.0357158 0.030018 0.0111358 0.0217394 0.019315 0.00749135 0.00766852 0.004482 0.00724781 0.00350768 0.00381184 0.0600988 
2000 0 0.0106348 0.0439259 0.243812 0.133351 0.0944219 0.12651 0.174171 0.00707481 0.010782 0.0223985 0.0143369 0.0253216 0.0110648 0.0189697 0.00350112 0.00691722 0.0141651 0 0.00773402 0.0309073 
2001 0 0.0228937 0.018128 0.0758754 0.346177 0.120518 0.0655979 0.0977413 0.108304 0.00687683 0.0138089 0.0172622 0.0107844 0.00359002 0.0105858 0.0068569 0.00346412 0 0 0.0123862 0.0591497 
2002 0 0.0217442 0.0679994 0.0801132 0.100847 0.360922 0.0609339 0.0771536 0.0843327 0.0597832 0.0117953 0 0.0141413 0.0105796 0.00712301 0.00711219 0 0.00721091 0 0.00369966 0.0245096 
2003 0 0.0132164 0.037222 0.140091 0.162575 0.0868871 0.230039 0.0456622 0.0431477 0.0641379 0.0786542 0.0226106 0.0177715 0.00814262 0.0107979 0.0127288 0 0.00350699 0 0.00703825 0.0157714 
2004 0 0.0152928 0.0563934 0.0663846 0.14246 0.1697 0.0585718 0.182788 0.0488634 0.0703286 0.0613987 0.0408529 0.00704882 0.0158768 0.00373667 0.00760372 0.00704372 0.00342118 0.00417254 0 0.0380623 
2005 0 0.0114841 0.0526198 0.10438 0.135278 0.148682 0.0937806 0.0660317 0.195088 0.0280161 0.0246393 0.0282196 0.0312591 0.0111436 0.00362575 0 0.0110205 0 0.00409398 0.0113616 0.0392764 
2006 0 0.00906227 0.0208001 0.108917 0.173784 0.118363 0.1294 0.0979747 0.0420646 0.13173 0.0372768 0.0248276 0.0319122 0.0404024 0.00390296 0 0 0.00342238 0.00362641 0 0.0225339 
2007 0 0 0.0151859 0.0958737 0.175344 0.182776 0.0768448 0.0944603 0.112904 0.0338754 0.0949482 0.0143317 0.0105703 0.0219016 0.0485423 0 0.00794962 0 0.00355021 0.00355451 0.00738644 
2008 0 0.00376055 0.0111426 0.0965556 0.133818 0.162478 0.121664 0.0730863 0.0878524 0.0741106 0.0424537 0.0796029 0.0245959 0.017993 0.00715116 0.0179461 0.0158901 0.00338633 0 0.00352568 0.022987 
2009 0 0.00896771 0.0417904 0.059319 0.128598 0.135047 0.138759 0.135119 0.0706515 0.0667879 0.0516247 0.0212889 0.0521455 0.0251435 0.00448275 0.018424 0.00373666 0 0.00358469 0 0.0345299 
2010 0 0.0386118 0.0422057 0.0754719 0.0456863 0.0984758 0.146966 0.143688 0.0910427 0.0491338 0.0732295 0.0315814 0.0349171 0.0621638 0.00339735 0.0212596 0.0176075 0.013795 0.00357811 0 0.0071882 
2011 0 0.044557 0.109526 0.055318 0.0782249 0.0559597 0.099624 0.153599 0.0847591 0.064408 0.0280684 0.0458208 0.0277496 0.0247204 0.0378374 0.0070377 0.00703782 0.0183138 0.031819 0.00374853 0.0218708 
2012 0 0.0203212 0.107909 0.191456 0.053022 0.109954 0.0141189 0.0683203 0.057256 0.0930411 0.0711805 0.0396391 0.0622389 0.0214127 0.00711707 0.0284104 0 0.0224836 0.00351675 0.0105784 0.0180247 
2013 0 0.00922033 0.0798007 0.200677 0.277649 0.0567231 0.0704202 0.0279708 0.0429563 0.0598634 0.0291752 0.0348237 0.0174253 0.0174884 0.0140546 0.0035085 0.0252727 0.0185383 0.00710113 0.00386662 0.00346422 
end_table
table error_values
1990 300 300 300 300 300 300 300 300 300 300 300 300 300 300 300 300 300 300 300 300 300 
1991 300 300 300 300 300 300 300 300 300 300 300 300 300 300 300 300 300 300 300 300 300 
1992 300 300 300 300 300 300 300 300 300 300 300 300 300 300 300 300 300 300 300 300 300 
1993 300 300 300 300 300 300 300 300 300 300 300 300 300 300 300 300 300 300 300 300 300 
1994 300 300 300 300 300 300 300 300 300 300 300 300 300 300 300 300 300 300 300 300 300 
1995 300 300 300 300 300 300 300 300 300 300 300 300 300 300 300 300 300 300 300 300 300 
1996 300 300 300 300 300 300 300 300 300 300 300 300 300 300 300 300 300 300 300 300 300 
1997 300 300 300 300 300 300 300 300 300 300 300 300 300 300 300 300 300 300 300 300 300 
1998 300 300 300 300 300 300 300 300 300 300 300 300 300 300 300 300 300 300 300 300 300 
1999 300 300 300 300 300 300 300 300 300 300 300 300 300 300 300 300 300 300 300 300 300 
2000 300 300 300 300 300 300 300 300 300 300 300 300 300 300 300 300 300 300 300 300 300 
2001 300 300 300 300 300 300 300 300 300 300 300 300 300 300 300 300 300 300 300 300 300 
2002 300 300 300 300 300 300 300 300 300 300 300 300 300 300 300 300 300 300 300 300 300 
2003 300 300 300 300 300 300 300 300 300 300 300 300 300 300 300 300 300 300 300 300 300 
2004 300 300 300 300 300 300 300 300 300 300 300 300 300 300 300 300 300 300 300 300 300 
2005 300 300 300 300 300 300 300 300 300 300 300 300 300 300 300 300 300 300 300 300 300 
2006 300 300 300 300 300 300 300 300 300 300 300 300 300 300 300 300 300 300 300 300 300 
2007 300 300 300 300 300 300 300 300 300 300 300 300 300 300 300 300 300 300 300 300 300 
2008 300 300 300 300 300 300 300 300 300 300 300 300 300 300 300 300 300 300 300 300 300 
2009 300 300 300 300 300 300 300 300 300 300 300 300 300 300 300 300 300 300 300 300 300 
2010 300 300 300 300 300 300 300 300 300 300 300 300 300 300 300 300 300 300 300 300 300 
2011 300 300 300 300 300 300 300 300 300 300 300 300 300 300 300 300 300 300 300 300 300 
2012 300 300 300 300 300 300 300 300 300 300 300 300 300 300 300 300 300 300 300 300 300 
2013 300 300 300 300 300 300 300 300 300 300 300 300 300 300 300 300 300 300 300 300 300 
end_table

