@observation fishery_age_ALK_EN_sim
age_allocation_method proportional 
ageing_error age_error 
fishery_label Fishing_LL 
layer_of_stratum_definitions area_definition 
process_label fishing 
strata_to_include EN 
type mortality_event_biomass_scaled_age_frequency 
years 1990 1991 1992 1993 1994 1995 1996 1997 1998 1999 2000 2001 2002 2003 2004 2005 2006 2007 2008 2009 2010 2011 2012 2013 
table obs
1990 0 0.00548116 0.0213103 0.0647624 0.0594872 0.105592 0.111802 0.077105 0.0876962 0.0556404 0.0456141 0.0458101 0.035713 0.0422703 0.0605576 0.0314718 0.024724 0.024679 0.00350458 0.00356397 0.0932155 
1991 0 0.0303432 0.0241739 0.0738355 0.105 0.108964 0.0875608 0.0453572 0.063162 0.0599516 0.0431385 0.0208063 0.0380067 0.0281178 0.0105685 0.0494424 0.0245907 0.0356431 0.0212416 0.0173278 0.112768 
1992 0 0.00472117 0.0941676 0.078347 0.105625 0.0624971 0.0769105 0.0457815 0.0980135 0.0521687 0.0526332 0.0497369 0.0356741 0.0532974 0.0172638 0.0138689 0.0187961 0.0184047 0.0145828 0 0.10751 
1993 0 0.0076557 0.0108499 0.213164 0.079487 0.0969991 0.0486322 0.0486789 0.07074 0.0485693 0.0448471 0.0453065 0.0467885 0.0281722 0.0288037 0.0245964 0.021004 0.017434 0.00695596 0.0139913 0.0973241 
1994 0 0.00408136 0.0394463 0.0213564 0.282782 0.0895461 0.0685927 0.0587217 0.0513816 0.0619703 0.0239163 0.0393781 0.0171774 0.0312759 0.0263375 0.0213553 0.0214912 0.0103492 0.0210024 0.0173549 0.0924832 
1995 0 0.0110517 0.0162177 0.0823958 0.0278996 0.288525 0.0937085 0.0623997 0.0420119 0.048817 0.0465234 0.0180144 0.0178814 0.0558005 0.0377576 0.0155174 0.0276002 0.0209632 0.00767568 0.0138341 0.0654048 
1996 0 0.00623432 0.0383764 0.0598969 0.149902 0.0277071 0.212798 0.0523129 0.066326 0.0455073 0.0352624 0.0242329 0.0349121 0.0314367 0.0476199 0.0250695 0.0151935 0.0211414 0.0114016 0.0071615 0.087507 
1997 0 0.0186672 0.011633 0.0714398 0.0937714 0.130014 0.0273762 0.20818 0.0652762 0.0449316 0.0381945 0.0391931 0.02438 0.0313767 0.0241243 0.0317011 0.0175813 0.00342043 0.0173587 0.0108188 0.0905611 
1998 0 0.0194014 0.0634244 0.0103793 0.158395 0.0791977 0.120236 0.0135825 0.169852 0.0485513 0.0517678 0.0277171 0.0179313 0.0422981 0.0348171 0.0103524 0.0147625 0.00709118 0.0105179 0.00699925 0.0927259 
1999 0 0.0124937 0.061114 0.161491 0.0380513 0.114607 0.0558613 0.0728086 0.0210748 0.158329 0.0456556 0.059504 0.0263262 0.0176467 0.0107274 0.0105626 0.00700652 0.0142048 0.00418819 0.00837865 0.0999689 
2000 0 0.0222682 0.0227 0.107783 0.258261 0.0343558 0.0786803 0.0620936 0.0589668 0.0310105 0.111139 0.034323 0.0102137 0.0250837 0.014849 0.00369617 0.0214899 0.0101841 0.0103063 0.00348865 0.0791079 
2001 0 0.00773293 0.0622815 0.0930169 0.181886 0.199497 0.0207839 0.0934591 0.0496229 0.0594073 0.0109492 0.0914445 0.0139272 0.0127098 0.0143821 0.0143305 0.00344814 0.00358192 0.0175357 0.00358192 0.046422 
2002 0 0.010294 0.018734 0.136782 0.184853 0.139325 0.135824 0.00353566 0.0828008 0.0448274 0.0320745 0.0105231 0.0721463 0.0151593 0.0176735 0.00416321 0.0119786 0.00760627 0.0109034 0.00337046 0.0574253 
2003 0 0.00788324 0.0551125 0.0279685 0.219362 0.123558 0.104445 0.15001 0.013967 0.0529408 0.032053 0.0217421 0.010144 0.05303 0.0173868 0.0071225 0.00716465 0.0107459 0.0173654 0.0070432 0.0609556 
2004 0 0.0311022 0.0368325 0.100279 0.080529 0.178504 0.139866 0.109069 0.0601729 0.00730993 0.0420592 0.0174834 0.0462998 0.0035828 0.0573484 0.0141675 0.0110878 0.00794277 0 0.0106144 0.0457495 
2005 0 0.00402304 0.0923073 0.0941465 0.153585 0.0662392 0.136395 0.0734134 0.0944536 0.077398 0 0.0357166 0.0143441 0.0144371 0.014071 0.0474649 0.011987 0.0112716 0.0204827 0.00341702 0.0348467 
2006 0 0 0.0187355 0.197183 0.130919 0.13779 0.0556633 0.118645 0.0625151 0.0487497 0.0828567 0.00346504 0.0149243 0.00689214 0.0206985 0.00338325 0.0228767 0.0105221 0.00338014 0.00338014 0.0574196 
2007 0 0.00774377 0 0.0346934 0.283522 0.0828893 0.117813 0.0414578 0.0971318 0.0526037 0.0414448 0.0757203 0.00690601 0.0105651 0.0070153 0.0108223 0.0108213 0.0287208 0.0231953 0.00811255 0.0588216 
2008 0 0.00812511 0.0350537 0.0139144 0.0459536 0.285072 0.079814 0.0901603 0.0383033 0.0972373 0.0531848 0.0688048 0.063793 0.0102477 0.0185826 0.0140524 0.0105783 0 0.0291835 0.00353533 0.0344041 
2009 0 0.010689 0.0383025 0.0956981 0.021163 0.037603 0.254062 0.0796228 0.0734497 0.0522309 0.10728 0.0536653 0.0419683 0.0416276 0.0177668 0.0139346 0.00731348 0.00359774 0.0070829 0.0214938 0.0214486 
2010 0 0 0.0693634 0.0642586 0.0842097 0.0103487 0.027719 0.263102 0.0761 0.0796908 0.0174101 0.0801544 0.0434314 0.0496322 0.0498412 0.0103716 0.00692907 0.0118611 0.0139208 0.00347668 0.0381793 
2011 0 0.0243476 0.0177279 0.132188 0.0971273 0.113868 0.0172368 0.0309811 0.204284 0.0698766 0.0419677 0.0279536 0.0715451 0.0243862 0.038889 0.0214185 0.00359316 0.0109668 0.00698612 0.00699347 0.037663 
2012 0 0.0350242 0.074327 0.0381232 0.190267 0.0550796 0.0936559 0.00706476 0.0243563 0.115445 0.0398714 0.0645081 0.0355609 0.0707405 0.0209559 0.040442 0.0288597 0 0.00715413 0.0177878 0.0407766 
2013 0 0.0113743 0.106046 0.147079 0.0420248 0.150182 0.0697423 0.108168 0.0106947 0.0105139 0.109774 0.0391861 0.0246009 0.00364897 0.0435 0.0373158 0.0180065 0.0291072 0 0.0077847 0.0312512 
end_table
table error_values
1990 300 300 300 300 300 300 300 300 300 300 300 300 300 300 300 300 300 300 300 300 300 
1991 300 300 300 300 300 300 300 300 300 300 300 300 300 300 300 300 300 300 300 300 300 
1992 300 300 300 300 300 300 300 300 300 300 300 300 300 300 300 300 300 300 300 300 300 
1993 300 300 300 300 300 300 300 300 300 300 300 300 300 300 300 300 300 300 300 300 300 
1994 300 300 300 300 300 300 300 300 300 300 300 300 300 300 300 300 300 300 300 300 300 
1995 300 300 300 300 300 300 300 300 300 300 300 300 300 300 300 300 300 300 300 300 300 
1996 300 300 300 300 300 300 300 300 300 300 300 300 300 300 300 300 300 300 300 300 300 
1997 300 300 300 300 300 300 300 300 300 300 300 300 300 300 300 300 300 300 300 300 300 
1998 300 300 300 300 300 300 300 300 300 300 300 300 300 300 300 300 300 300 300 300 300 
1999 300 300 300 300 300 300 300 300 300 300 300 300 300 300 300 300 300 300 300 300 300 
2000 300 300 300 300 300 300 300 300 300 300 300 300 300 300 300 300 300 300 300 300 300 
2001 300 300 300 300 300 300 300 300 300 300 300 300 300 300 300 300 300 300 300 300 300 
2002 300 300 300 300 300 300 300 300 300 300 300 300 300 300 300 300 300 300 300 300 300 
2003 300 300 300 300 300 300 300 300 300 300 300 300 300 300 300 300 300 300 300 300 300 
2004 300 300 300 300 300 300 300 300 300 300 300 300 300 300 300 300 300 300 300 300 300 
2005 300 300 300 300 300 300 300 300 300 300 300 300 300 300 300 300 300 300 300 300 300 
2006 300 300 300 300 300 300 300 300 300 300 300 300 300 300 300 300 300 300 300 300 300 
2007 300 300 300 300 300 300 300 300 300 300 300 300 300 300 300 300 300 300 300 300 300 
2008 300 300 300 300 300 300 300 300 300 300 300 300 300 300 300 300 300 300 300 300 300 
2009 300 300 300 300 300 300 300 300 300 300 300 300 300 300 300 300 300 300 300 300 300 
2010 300 300 300 300 300 300 300 300 300 300 300 300 300 300 300 300 300 300 300 300 300 
2011 300 300 300 300 300 300 300 300 300 300 300 300 300 300 300 300 300 300 300 300 300 
2012 300 300 300 300 300 300 300 300 300 300 300 300 300 300 300 300 300 300 300 300 300 
2013 300 300 300 300 300 300 300 300 300 300 300 300 300 300 300 300 300 300 300 300 300 
end_table

