@observation fishery_age_ALK_HG_sim
age_allocation_method proportional 
ageing_error age_error 
fishery_label Fishing_LL 
layer_of_stratum_definitions area_definition 
process_label fishing 
strata_to_include HG 
type mortality_event_biomass_scaled_age_frequency 
years 1990 1991 1992 1993 1994 1995 1996 1997 1998 1999 2000 2001 2002 2003 2004 2005 2006 2007 2008 2009 2010 2011 2012 2013 
table obs
1990 0 0.0132334 0.0375853 0.0391366 0.0840044 0.0939768 0.107589 0.0763651 0.0904019 0.0592885 0.0453937 0.0418419 0.0568793 0.0282409 0.0339801 0.0179685 0.0292442 0.0139656 0.0150775 0.0224199 0.0934074 
1991 0 0.00800946 0.0332665 0.0641977 0.0977088 0.111597 0.0833735 0.0669339 0.055995 0.056232 0.0383411 0.0645024 0.0326061 0.0315029 0.0539173 0.0211963 0.0107674 0.0340892 0.0298817 0.0146601 0.0912221 
1992 0 0 0.0498966 0.0597854 0.121508 0.107688 0.0726644 0.0554316 0.0487862 0.0739114 0.0420088 0.0390999 0.0428687 0.0251951 0.0141317 0.0105251 0.0463069 0.0210091 0.033088 0.0140211 0.122074 
1993 0 0 0.0192104 0.0796321 0.128711 0.0891687 0.0863024 0.0862423 0.0482434 0.0388652 0.0348573 0.0419015 0.0247925 0.0390021 0.0540465 0.0214101 0.0341166 0.0215238 0.0246493 0.0109145 0.11641 
1994 0 0.00806988 0.0149424 0.0069388 0.129787 0.103707 0.110267 0.0824344 0.0832089 0.0619399 0.0449807 0.0258014 0.0309672 0.0311138 0.0519856 0.0240539 0.028572 0.0172029 0.0152237 0.0110735 0.11773 
1995 0 0.0115008 0.0152741 0.0547494 0.0279276 0.165019 0.11455 0.0590258 0.0551326 0.0447535 0.0217243 0.0413682 0.0462321 0.0278023 0.0279458 0.0210506 0.0317627 0.0442928 0.033852 0.0172962 0.13874 
1996 0 0.0108772 0.06197 0.0399663 0.0705952 0.0560005 0.103936 0.0874566 0.0981283 0.07073 0.0562205 0.0212163 0.0317137 0.0316497 0.0279771 0.0212512 0.0288435 0.0208552 0.00684434 0.014178 0.139591 
1997 0 0 0.032357 0.0894173 0.097392 0.0728212 0.0349121 0.136166 0.0699868 0.059386 0.0324983 0.0313002 0.0280217 0.0607371 0.0345887 0.0248332 0.0251912 0.0215405 0.0151495 0.00339659 0.130304 
1998 0 0.0102725 0.0186478 0.100516 0.147296 0.0490322 0.080645 0.0279956 0.100769 0.0594493 0.0497411 0.0350329 0.0214061 0.0211102 0.0424595 0.0246148 0.023996 0.0260092 0.0141534 0.0104292 0.136424 
1999 0 0.0208403 0.060947 0.0511052 0.0878044 0.177798 0.0695074 0.0451877 0.0209574 0.0486955 0.041757 0.0389783 0.0532444 0.0395858 0.038767 0.0143222 0.0215436 0.0108592 0.0222245 0.0182287 0.117647 
2000 0 0.0131923 0.0737087 0.0993787 0.10482 0.0730746 0.156292 0.0562288 0.0387347 0.0105995 0.0566157 0.0560922 0.0297545 0.0247535 0.0390759 0.0176959 0.0253604 0.0147454 0.00731102 0 0.102566 
2001 0 0.00810166 0.0604646 0.188805 0.118603 0.0983647 0.0768616 0.101912 0.0139723 0.0213808 0.017705 0.0537394 0.0249526 0.0252735 0.021428 0.0139627 0 0.0228529 0.0150419 0.00733044 0.109248 
2002 0 0.0181866 0.0675801 0.0871128 0.234465 0.138912 0.0556033 0.0487573 0.0666225 0.0277757 0.0354057 0.0145759 0.0492522 0.0283892 0.00702193 0.0178202 0.00702193 0.00617218 0 0.0118352 0.0774903 
2003 0 0.0102761 0.0834512 0.113329 0.108382 0.239312 0.0766681 0.0488952 0.0419096 0.0736737 0.0281982 0.0104816 0.00338163 0.0148096 0.00729342 0.0216299 0.0147047 0.0034899 0.00360813 0.00371284 0.0927934 
2004 0 0.0299256 0.0219982 0.150272 0.179909 0.0972737 0.187477 0.0692789 0.0245767 0.0275003 0.0530052 0.00686437 0.0172288 0.00691159 0.0178419 0.0104424 0.0107018 0.0159072 0.00694455 0.00691233 0.0590278 
2005 0 0.00434706 0.0625432 0.0735848 0.186866 0.10345 0.0859231 0.196631 0.045298 0.0279317 0.0274456 0.0416416 0.0137312 0.0141875 0.00339142 0.00339142 0.0174301 0.00376233 0.00389739 0.0122537 0.0722928 
2006 0 0 0.033175 0.141131 0.0803736 0.198649 0.129246 0.0565804 0.134364 0.0623798 0.025625 0.0218943 0.0253709 0.0107492 0.0140849 0 0 0 0.00690354 0.00482647 0.0546476 
2007 0 0.00371624 0.0173952 0.0813729 0.184288 0.104285 0.17917 0.0970367 0.0593461 0.0991612 0.0103747 0.0283209 0.0211983 0.0194159 0.0178938 0.00698283 0.00354553 0.0107843 0 0.00342642 0.0522849 
2008 0 0.00939065 0.0234942 0.0173961 0.120492 0.155871 0.104448 0.149277 0.0774833 0.0465001 0.12083 0.0395107 0.0250432 0.0144725 0.0254018 0 0 0 0 0.00347654 0.0669113 
2009 0 0.041705 0.00776297 0.0855723 0.0289464 0.136145 0.121385 0.0841344 0.123057 0.0663579 0.0384835 0.0885194 0.0381858 0.0319308 0.0210325 0.0136047 0 0.00702488 0.00341482 0.00354187 0.0591961 
2010 0 0.00725053 0.130731 0.0347033 0.100979 0.0175353 0.0968061 0.134816 0.0585513 0.135586 0.0314384 0.0316133 0.06657 0.042267 0.0212359 0.013836 0.018277 0.0073156 0.00360716 0 0.0468807 
2011 0 0.00908029 0.00403882 0.289335 0.0723775 0.0553415 0.0245453 0.069107 0.137469 0.0355847 0.0742451 0.0524184 0.0312218 0.0464161 0.0155222 0.0139301 0.0108666 0.0152496 0.00698076 0.00412562 0.0321444 
2012 0 0.0185089 0.0363001 0.0431009 0.313251 0.079663 0.074 0.0353389 0.0483881 0.0837504 0.0212231 0.0706154 0.0322212 0.0068765 0.0326279 0.0275656 0.00370274 0.0114786 0.00806325 0 0.0533247 
2013 0 0.00355328 0.0786373 0.0468778 0.0911208 0.318734 0.038384 0.0388231 0.0213298 0.0422854 0.0775573 0.0214875 0.0590441 0.0270748 0.0141057 0.0576553 0.0035301 0.00347683 0.0177486 0.0121762 0.0263986 
end_table
table error_values
1990 300 300 300 300 300 300 300 300 300 300 300 300 300 300 300 300 300 300 300 300 300 
1991 300 300 300 300 300 300 300 300 300 300 300 300 300 300 300 300 300 300 300 300 300 
1992 300 300 300 300 300 300 300 300 300 300 300 300 300 300 300 300 300 300 300 300 300 
1993 300 300 300 300 300 300 300 300 300 300 300 300 300 300 300 300 300 300 300 300 300 
1994 300 300 300 300 300 300 300 300 300 300 300 300 300 300 300 300 300 300 300 300 300 
1995 300 300 300 300 300 300 300 300 300 300 300 300 300 300 300 300 300 300 300 300 300 
1996 300 300 300 300 300 300 300 300 300 300 300 300 300 300 300 300 300 300 300 300 300 
1997 300 300 300 300 300 300 300 300 300 300 300 300 300 300 300 300 300 300 300 300 300 
1998 300 300 300 300 300 300 300 300 300 300 300 300 300 300 300 300 300 300 300 300 300 
1999 300 300 300 300 300 300 300 300 300 300 300 300 300 300 300 300 300 300 300 300 300 
2000 300 300 300 300 300 300 300 300 300 300 300 300 300 300 300 300 300 300 300 300 300 
2001 300 300 300 300 300 300 300 300 300 300 300 300 300 300 300 300 300 300 300 300 300 
2002 300 300 300 300 300 300 300 300 300 300 300 300 300 300 300 300 300 300 300 300 300 
2003 300 300 300 300 300 300 300 300 300 300 300 300 300 300 300 300 300 300 300 300 300 
2004 300 300 300 300 300 300 300 300 300 300 300 300 300 300 300 300 300 300 300 300 300 
2005 300 300 300 300 300 300 300 300 300 300 300 300 300 300 300 300 300 300 300 300 300 
2006 300 300 300 300 300 300 300 300 300 300 300 300 300 300 300 300 300 300 300 300 300 
2007 300 300 300 300 300 300 300 300 300 300 300 300 300 300 300 300 300 300 300 300 300 
2008 300 300 300 300 300 300 300 300 300 300 300 300 300 300 300 300 300 300 300 300 300 
2009 300 300 300 300 300 300 300 300 300 300 300 300 300 300 300 300 300 300 300 300 300 
2010 300 300 300 300 300 300 300 300 300 300 300 300 300 300 300 300 300 300 300 300 300 
2011 300 300 300 300 300 300 300 300 300 300 300 300 300 300 300 300 300 300 300 300 300 
2012 300 300 300 300 300 300 300 300 300 300 300 300 300 300 300 300 300 300 300 300 300 
2013 300 300 300 300 300 300 300 300 300 300 300 300 300 300 300 300 300 300 300 300 300 
end_table

