@observation fishery_age_ALK_HG_sim
age_allocation_method proportional 
ageing_error age_error 
fishery_label Fishing_LL 
layer_of_stratum_definitions area_definition 
process_label fishing 
strata_to_include HG 
type mortality_event_biomass_scaled_age_frequency 
years 1990 1991 1992 1993 1994 1995 1996 1997 1998 1999 2000 2001 2002 2003 2004 2005 2006 2007 2008 2009 2010 2011 2012 2013 
table obs
1990 0 0.0035216 0.0200652 0.0627128 0.0881431 0.111508 0.0833101 0.0660375 0.100222 0.0692959 0.0387397 0.0416555 0.0384081 0.0215856 0.013927 0.0282315 0.00688889 0.012964 0.0183917 0.021246 0.153146 
1991 0 0.00800946 0.0378122 0.0819344 0.0455659 0.125165 0.086472 0.0626531 0.0742911 0.0637273 0.0277648 0.0385164 0.024051 0.0431542 0.0218654 0.0251517 0.0251084 0.0176822 0.0215531 0.0033851 0.166138 
1992 0 0.00379859 0.0325661 0.0389547 0.117897 0.107346 0.0868785 0.0800333 0.0769753 0.0393476 0.0599381 0.0598077 0.0245799 0.0324091 0.00359188 0.0214629 0.032843 0.0149784 0.0255874 0.0249834 0.116021 
1993 0 0.00345728 0.00714744 0.106002 0.0901057 0.109984 0.086364 0.0729266 0.0519689 0.0664215 0.0491641 0.0313589 0.0529592 0.0314268 0.0282872 0.0143612 0.0156252 0.0211528 0.0247244 0.0105277 0.126035 
1994 0 0 0.0306992 0.0382448 0.121881 0.0970207 0.106795 0.0549475 0.0616263 0.062019 0.0376875 0.0417673 0.0551068 0.0416644 0.0589839 0.0173623 0.0138868 0.0171598 0.0103793 0.0104 0.122368 
1995 0 0.00799688 0.0185908 0.0870303 0.0351085 0.101325 0.100807 0.0549999 0.0630972 0.0590565 0.0804413 0.0728913 0.048392 0.0489988 0.0140515 0.0314157 0.0318608 0.00347749 0.0141385 0.0349065 0.0914152 
1996 0 0.00651353 0.0589481 0.0511363 0.116501 0.0243323 0.11454 0.108055 0.0629343 0.0528265 0.0420465 0.0175239 0.045819 0.0280951 0.0246258 0.0212743 0.035756 0.0285105 0.0142352 0.00342921 0.142897 
1997 0 0 0.0413639 0.0982113 0.0591413 0.0693563 0.0417321 0.0972976 0.0947408 0.0665697 0.0281868 0.0350647 0.0321481 0.0252829 0.0319066 0.0242193 0.0315883 0.0354101 0.0210648 0.0342003 0.132515 
1998 0 0.0102725 0.0298557 0.0714348 0.162281 0.0837189 0.0901062 0.0139551 0.0803393 0.0735599 0.0453154 0.0592954 0.0290336 0.0246973 0.0347091 0.025447 0.0191528 0.00704709 0.0108288 0.00338256 0.125568 
1999 0 0.0287681 0.0334841 0.0756353 0.130709 0.146812 0.0764229 0.0417723 0.0323766 0.0990886 0.060622 0.0281005 0.0331314 0.0211443 0.014517 0.0207205 0.0173876 0.0146922 0.0107494 0.00347484 0.110391 
2000 0 0.00978714 0.105926 0.0881731 0.0800843 0.10053 0.150248 0.0524429 0.0384605 0.0104673 0.0700623 0.0348874 0.0245296 0.0141585 0.0351637 0.0220553 0.0145912 0.00695101 0.011411 0.0181467 0.111924 
2001 0 0.0170811 0.0514522 0.199534 0.118603 0.0595656 0.0915566 0.0906796 0.0454622 0.0326975 0.00678953 0.0503816 0.0353934 0.0300788 0.0324782 0.00365248 0.00339489 0.0208011 0.014792 0.0106416 0.0849647 
2002 0 0.0184716 0.0588864 0.0953874 0.204371 0.134521 0.0623973 0.0597212 0.0492172 0.0378903 0.0384362 0.0140469 0.041104 0.0362448 0.0106274 0.0312767 0.00724616 0.021171 0 0.0104288 0.0685538 
2003 0 0.0102761 0.072988 0.113904 0.128665 0.207885 0.0664046 0.0526191 0.0636838 0.0627908 0.015157 0.0247482 0 0.03928 0.0354529 0.00696729 0.014435 0.00708668 0 0.00360813 0.0740482 
2004 0 0.0167772 0.0202641 0.131281 0.155317 0.0971022 0.205152 0.0838479 0.0452942 0.02401 0.0345106 0.0206323 0.0169959 0.00356453 0.0180377 0.0165392 0.0173237 0.0216399 0.013677 0.00759029 0.050443 
2005 0 0.00850795 0.0545888 0.104802 0.207488 0.113631 0.099694 0.152883 0.0449245 0.031471 0.0312641 0.0431826 0.00688184 0.00701357 0.00389739 0.006885 0.00765972 0.00735931 0 0.00350042 0.0643652 
2006 0 0 0.0295607 0.12009 0.101289 0.191467 0.0945324 0.0812435 0.143858 0.0370028 0.023948 0.0386408 0.0226201 0.0110239 0.0217893 0 0.0140405 0.0104112 0 0.00362992 0.0548527 
2007 0 0.00371624 0.00707126 0.112819 0.166841 0.0832918 0.13664 0.111457 0.0557765 0.129796 0.0248485 0.0176294 0.0321146 0.0209585 0.00354553 0.00816301 0.00680615 0.00768584 0.0105868 0.00439908 0.0558527 
2008 0 0.00939065 0.0118544 0.021995 0.13095 0.194683 0.0802271 0.178379 0.06315 0.0390285 0.0958544 0.0427572 0.0139211 0.00758683 0.0158696 0.0109757 0.0111079 0.00341245 0.00734579 0.00347654 0.0580342 
2009 0 0.0417054 0.0311573 0.0595713 0.0247133 0.101327 0.178013 0.0560405 0.150638 0.0844842 0.0416383 0.0610814 0.0209183 0.0227737 0.0140488 0.021156 0.0141751 0.00711106 0 0.0104834 0.0589637 
2010 0 0.00938645 0.135316 0.0247949 0.121587 0.0242356 0.0859987 0.145768 0.0556037 0.144379 0.04578 0.0215592 0.0414509 0.0213043 0.0107125 0.0144101 0.0182504 0.00854873 0.00347916 0 0.0674353 
2011 0 0.00908029 0.0288682 0.271506 0.0595326 0.0962527 0.0347847 0.0594719 0.0838445 0.0450554 0.066789 0.0537287 0.0208335 0.0431772 0.0249291 0.0103967 0.0163766 0.0153085 0.0143903 0.00778206 0.037892 
2012 0 0.0224476 0.0260839 0.0461411 0.320928 0.0934199 0.0592182 0.0176008 0.0454305 0.0847893 0.0285609 0.0676222 0.0330698 0.0426456 0.0451391 0.0149034 0 0.00715037 0.00715283 0.00730913 0.0303879 
2013 0 0.015215 0.0497935 0.0641614 0.0769172 0.318164 0.0454315 0.0585281 0.0246322 0.0391893 0.0740088 0.0140703 0.0565992 0.042004 0.0144705 0.0502505 0.0035301 0.00787146 0.00356853 0.0105146 0.0310799 
end_table
table error_values
1990 300 300 300 300 300 300 300 300 300 300 300 300 300 300 300 300 300 300 300 300 300 
1991 300 300 300 300 300 300 300 300 300 300 300 300 300 300 300 300 300 300 300 300 300 
1992 300 300 300 300 300 300 300 300 300 300 300 300 300 300 300 300 300 300 300 300 300 
1993 300 300 300 300 300 300 300 300 300 300 300 300 300 300 300 300 300 300 300 300 300 
1994 300 300 300 300 300 300 300 300 300 300 300 300 300 300 300 300 300 300 300 300 300 
1995 300 300 300 300 300 300 300 300 300 300 300 300 300 300 300 300 300 300 300 300 300 
1996 300 300 300 300 300 300 300 300 300 300 300 300 300 300 300 300 300 300 300 300 300 
1997 300 300 300 300 300 300 300 300 300 300 300 300 300 300 300 300 300 300 300 300 300 
1998 300 300 300 300 300 300 300 300 300 300 300 300 300 300 300 300 300 300 300 300 300 
1999 300 300 300 300 300 300 300 300 300 300 300 300 300 300 300 300 300 300 300 300 300 
2000 300 300 300 300 300 300 300 300 300 300 300 300 300 300 300 300 300 300 300 300 300 
2001 300 300 300 300 300 300 300 300 300 300 300 300 300 300 300 300 300 300 300 300 300 
2002 300 300 300 300 300 300 300 300 300 300 300 300 300 300 300 300 300 300 300 300 300 
2003 300 300 300 300 300 300 300 300 300 300 300 300 300 300 300 300 300 300 300 300 300 
2004 300 300 300 300 300 300 300 300 300 300 300 300 300 300 300 300 300 300 300 300 300 
2005 300 300 300 300 300 300 300 300 300 300 300 300 300 300 300 300 300 300 300 300 300 
2006 300 300 300 300 300 300 300 300 300 300 300 300 300 300 300 300 300 300 300 300 300 
2007 300 300 300 300 300 300 300 300 300 300 300 300 300 300 300 300 300 300 300 300 300 
2008 300 300 300 300 300 300 300 300 300 300 300 300 300 300 300 300 300 300 300 300 300 
2009 300 300 300 300 300 300 300 300 300 300 300 300 300 300 300 300 300 300 300 300 300 
2010 300 300 300 300 300 300 300 300 300 300 300 300 300 300 300 300 300 300 300 300 300 
2011 300 300 300 300 300 300 300 300 300 300 300 300 300 300 300 300 300 300 300 300 300 
2012 300 300 300 300 300 300 300 300 300 300 300 300 300 300 300 300 300 300 300 300 300 
2013 300 300 300 300 300 300 300 300 300 300 300 300 300 300 300 300 300 300 300 300 300 
end_table

