@observation fishery_age_ALK_BP_sim
age_allocation_method proportional 
ageing_error age_error 
fishery_label Fishing_LL 
layer_of_stratum_definitions area_definition 
process_label fishing 
strata_to_include BP 
type mortality_event_biomass_scaled_age_frequency 
years 1990 1991 1992 1993 1994 1995 1996 1997 1998 1999 2000 2001 2002 2003 2004 2005 2006 2007 2008 2009 2010 2011 2012 2013 
table obs
1990 0 0.0120622 0.0256425 0.0565723 0.0924485 0.108453 0.0983098 0.0942128 0.0663747 0.0313373 0.0311568 0.0455771 0.0209999 0.0280721 0.0256598 0.0364209 0.0434825 0.020778 0.0148999 0.015735 0.131805 
1991 0 0.0191499 0.03237 0.0686203 0.0839663 0.105362 0.101497 0.057047 0.0631904 0.0627078 0.0452294 0.0315825 0.00694904 0.0458448 0.0209438 0.0350513 0.0255949 0.0170804 0.0207157 0.0143043 0.142793 
1992 0 0.00680106 0.026455 0.0690599 0.149654 0.09196 0.0535074 0.0635902 0.0527147 0.0468549 0.0458105 0.0312394 0.0462482 0.0281746 0.0244023 0.028061 0.0116523 0.0181695 0.0290992 0.0331618 0.143384 
1993 0 0.00344153 0.0306605 0.0844126 0.101078 0.0934816 0.0904497 0.0557457 0.0485453 0.0694843 0.0555744 0.0453379 0.0420848 0.0309024 0.0311612 0.0106035 0.0193664 0.040911 0.0317166 0.0068312 0.108211 
1994 0 0.0221715 0.0195595 0.0588794 0.143874 0.0980635 0.0767385 0.0560048 0.0695567 0.0523862 0.0427118 0.0487963 0.0535226 0.0358242 0.0281626 0.018588 0.0314759 0.010608 0.0180787 0.0173892 0.0976081 
1995 0 0.0230094 0.113185 0.0315543 0.0906603 0.0869976 0.100964 0.0553434 0.0490559 0.0700299 0.0528439 0.0248522 0.0362425 0.0283054 0.0246306 0.0363888 0.0296419 0.0109173 0.0214147 0.00690672 0.107056 
1996 0 0.0183465 0.0679151 0.253391 0.0346462 0.087352 0.0488338 0.0631156 0.0716598 0.0280255 0.0327957 0.0283323 0.0430592 0.0245742 0.0250125 0.0147338 0.0177785 0.0173783 0.00773754 0.0138155 0.101497 
1997 0 0.00723417 0.0382992 0.160037 0.273378 0.034341 0.0763695 0.0641704 0.0427923 0.0432236 0.0536631 0.014077 0.0211533 0.0219388 0.0214087 0.00356607 0.0146392 0.0111665 0.0179832 0.00703497 0.0735237 
1998 0 0.035323 0.0395331 0.0953862 0.181893 0.271512 0.0212194 0.04556 0.0354318 0.040341 0.0359941 0.0179125 0.0104086 0.0142477 0.0323574 0.0244121 0.00359864 0.0145474 0.0047772 0.00359568 0.0719488 
1999 0 0.00353536 0.121976 0.0634759 0.166161 0.156094 0.213779 0.0211927 0.02775 0.0384926 0.0253528 0.0261797 0.0106883 0.026275 0.00738034 0.019345 0.00377242 0.007628 0 0.0137968 0.0471247 
2000 0 0.0106348 0.0322522 0.224703 0.122485 0.108763 0.154656 0.166888 0.0035515 0.0247094 0.0282736 0.0222961 0.0187854 0.0178901 0.006988 0 0.00478148 0.00420412 0.00749144 0.0174199 0.0232281 
2001 0 0.0219067 0.0287228 0.0668735 0.352211 0.0966372 0.103789 0.076809 0.0869293 0.017823 0.0138469 0.0227113 0.0137296 0.0140043 0.00724242 0.00725488 0 0.00359002 0.0103445 0.00379466 0.0517798 
2002 0 0.0102569 0.0676545 0.106204 0.100863 0.276492 0.0769261 0.0632461 0.0891648 0.0751041 0.0141007 0.0140764 0.0103885 0.0139849 0.0106761 0.00345796 0.00355457 0.0126899 0 0.0107808 0.040379 
2003 0 0.0159293 0.0338183 0.120576 0.152022 0.0762444 0.219143 0.0836568 0.0387496 0.0643336 0.100897 0 0.0140996 0.0139925 0.0105657 0 0.00848581 0.0111581 0.00732253 0 0.0290063 
2004 0 0.0148401 0.0559782 0.0815974 0.162177 0.113939 0.0761083 0.211805 0.0577492 0.0396776 0.0567983 0.0512979 0.00356779 0 0.00342628 0.0158418 0.00779434 0.00435814 0 0.0068582 0.0361845 
2005 0 0.0150878 0.0591331 0.100853 0.128815 0.165126 0.122332 0.0697796 0.122302 0.0316287 0.0174759 0.0280744 0.0389393 0.00696371 0.017427 0.0069631 0.00719059 0.013212 0.00355596 0.00355596 0.0415856 
2006 0 0.0127494 0.0318045 0.0977333 0.163511 0.111557 0.0990975 0.0911505 0.0842623 0.13102 0.0455758 0.0246153 0.0403509 0.017846 0.00390296 0 0.00913469 0.00342238 0.00342238 0 0.0288436 
2007 0 0.00443755 0.0321058 0.0921791 0.167984 0.153745 0.0804725 0.0834863 0.0572127 0.0531933 0.130737 0.011822 0.0282251 0.0317476 0.0403995 0.00964482 0.00794962 0 0.00399675 0 0.0106622 
2008 0 0.00714505 0.0236575 0.0907745 0.134328 0.149887 0.158096 0.0771499 0.0627354 0.0809966 0.0177475 0.0961775 0.0137958 0.0212234 0.0170577 0.0139305 0.00742681 0.00338633 0 0 0.0244847 
2009 0 0.00896771 0.0389846 0.0380867 0.132183 0.156139 0.141754 0.125369 0.0696361 0.0485181 0.0740364 0.0175773 0.0741581 0.0106546 0.00373581 0.021945 0.0073883 0 0 0 0.0308672 
2010 0 0.0384942 0.038643 0.0828931 0.0457077 0.129946 0.143247 0.132459 0.0806542 0.0526325 0.0630369 0.0459493 0.0241341 0.063314 0.00339646 0.00678975 0.0140137 0.0102873 0 0 0.0244023 
2011 0 0.0408605 0.110206 0.0489347 0.12391 0.048982 0.11223 0.112793 0.0834092 0.0864509 0.0402174 0.0425478 0.0429646 0.0103526 0.0434845 0.00349811 0 0.0185314 0.0159337 0.00749706 0.00719574 
2012 0 0.0163234 0.122437 0.195018 0.0497424 0.0881609 0.028569 0.0855851 0.0572981 0.0855634 0.0812973 0.0248832 0.0544897 0.0109414 0.0221881 0.0264466 0 0.0246931 0.00855623 0 0.0178073 
2013 0 0.00817759 0.0911852 0.179669 0.31676 0.0312108 0.0559031 0.0137072 0.0449955 0.046747 0.0676903 0.0350791 0.0151213 0.0258405 0.00709447 0.00736233 0.0317473 0.00373735 0.00369897 0.00345755 0.0108161 
end_table
table error_values
1990 300 300 300 300 300 300 300 300 300 300 300 300 300 300 300 300 300 300 300 300 300 
1991 300 300 300 300 300 300 300 300 300 300 300 300 300 300 300 300 300 300 300 300 300 
1992 300 300 300 300 300 300 300 300 300 300 300 300 300 300 300 300 300 300 300 300 300 
1993 300 300 300 300 300 300 300 300 300 300 300 300 300 300 300 300 300 300 300 300 300 
1994 300 300 300 300 300 300 300 300 300 300 300 300 300 300 300 300 300 300 300 300 300 
1995 300 300 300 300 300 300 300 300 300 300 300 300 300 300 300 300 300 300 300 300 300 
1996 300 300 300 300 300 300 300 300 300 300 300 300 300 300 300 300 300 300 300 300 300 
1997 300 300 300 300 300 300 300 300 300 300 300 300 300 300 300 300 300 300 300 300 300 
1998 300 300 300 300 300 300 300 300 300 300 300 300 300 300 300 300 300 300 300 300 300 
1999 300 300 300 300 300 300 300 300 300 300 300 300 300 300 300 300 300 300 300 300 300 
2000 300 300 300 300 300 300 300 300 300 300 300 300 300 300 300 300 300 300 300 300 300 
2001 300 300 300 300 300 300 300 300 300 300 300 300 300 300 300 300 300 300 300 300 300 
2002 300 300 300 300 300 300 300 300 300 300 300 300 300 300 300 300 300 300 300 300 300 
2003 300 300 300 300 300 300 300 300 300 300 300 300 300 300 300 300 300 300 300 300 300 
2004 300 300 300 300 300 300 300 300 300 300 300 300 300 300 300 300 300 300 300 300 300 
2005 300 300 300 300 300 300 300 300 300 300 300 300 300 300 300 300 300 300 300 300 300 
2006 300 300 300 300 300 300 300 300 300 300 300 300 300 300 300 300 300 300 300 300 300 
2007 300 300 300 300 300 300 300 300 300 300 300 300 300 300 300 300 300 300 300 300 300 
2008 300 300 300 300 300 300 300 300 300 300 300 300 300 300 300 300 300 300 300 300 300 
2009 300 300 300 300 300 300 300 300 300 300 300 300 300 300 300 300 300 300 300 300 300 
2010 300 300 300 300 300 300 300 300 300 300 300 300 300 300 300 300 300 300 300 300 300 
2011 300 300 300 300 300 300 300 300 300 300 300 300 300 300 300 300 300 300 300 300 300 
2012 300 300 300 300 300 300 300 300 300 300 300 300 300 300 300 300 300 300 300 300 300 
2013 300 300 300 300 300 300 300 300 300 300 300 300 300 300 300 300 300 300 300 300 300 
end_table

