@observation fishery_age_ALK_HG_sim
age_allocation_method proportional 
ageing_error age_error 
fishery_label Fishing_LL 
layer_of_stratum_definitions area_definition 
process_label fishing 
strata_to_include HG 
type mortality_event_biomass_scaled_age_frequency 
years 1990 1991 1992 1993 1994 1995 1996 1997 1998 1999 2000 2001 2002 2003 2004 2005 2006 2007 2008 2009 2010 2011 2012 2013 
table obs
1990 0 0.00858634 0.0348381 0.0644272 0.0701439 0.114112 0.0795275 0.0623382 0.0727904 0.0419408 0.0351717 0.0622999 0.0634621 0.0392419 0.0272993 0.0399377 0 0.0460992 0.00364303 0.0232317 0.110909 
1991 0 0.00441169 0.0294905 0.0856892 0.10265 0.117923 0.0837823 0.0661701 0.048971 0.0702073 0.0497951 0.025524 0.0348001 0.0364305 0.0352376 0.0390392 0.0214658 0.014269 0.0108812 0.0176001 0.105663 
1992 0 0 0.0361368 0.0662113 0.111537 0.104253 0.0830676 0.041892 0.0803343 0.0452877 0.0457551 0.0487453 0.0454871 0.0436231 0.0221397 0.0317725 0.0284948 0.0105983 0.0211136 0.00720323 0.126348 
1993 0 0.00870448 0.0105891 0.0697448 0.11037 0.113854 0.0931106 0.0836468 0.0555302 0.0730527 0.0560443 0.0283348 0.0424694 0.0314111 0.028539 0.0320632 0.0251368 0.0175827 0.0157823 0.015423 0.0886115 
1994 0 0 0.0230123 0.0180392 0.115299 0.107214 0.130816 0.096816 0.0790412 0.0416916 0.046281 0.0380436 0.041355 0.0242088 0.035881 0.0312517 0.0343902 0.0104655 0.0102859 0.0179233 0.0979846 
1995 0 0.0150048 0.0185012 0.0651051 0.0279498 0.151063 0.128791 0.0588507 0.0623225 0.0418547 0.0205521 0.0690358 0.042664 0.0313171 0.0215712 0.00694168 0.0277404 0.0278941 0.0390458 0.010627 0.133168 
1996 0 0.0108772 0.032601 0.0651193 0.0824562 0.0526722 0.107438 0.0799141 0.0665982 0.0731418 0.042361 0.0631746 0.0318302 0.0387077 0.0210515 0.0320936 0.0278844 0.0317525 0.0247272 0.00700579 0.108594 
1997 0 0 0.0335286 0.105906 0.0591579 0.103994 0.0347055 0.108413 0.0567726 0.0843482 0.0628133 0.0419834 0.0250445 0.0212076 0.024511 0.053215 0.0179504 0.0245051 0.0271486 0.00722372 0.107571 
1998 0 0.0183393 0.0117098 0.0752135 0.153835 0.0597148 0.0765869 0.0385019 0.0963216 0.0423212 0.0392109 0.0553555 0.0494968 0.0450683 0.041557 0.0373997 0.0102418 0.0178449 0.0359949 0.0182666 0.07702 
1999 0 0.016618 0.0497621 0.0624472 0.115759 0.174655 0.0456069 0.0451557 0.0591329 0.0423503 0.0380717 0.0498243 0.0397576 0.0284171 0.0354448 0.0318628 0.0112069 0.0173737 0.0164141 0.0230033 0.0971369 
2000 0 0.00881794 0.0961254 0.0913175 0.0911548 0.111306 0.0941218 0.0425255 0.0527011 0.0349818 0.0736451 0.0315741 0.0497024 0.0182904 0.0141079 0.0107975 0.00696497 0.0256617 0.014196 0.015165 0.116843 
2001 0 0.00405083 0.0645636 0.206536 0.14338 0.0769414 0.0846579 0.0772953 0.0348739 0.0282618 0.010578 0.0503891 0.010415 0.0179575 0.0107636 0.0243374 0.0113611 0.0215395 0 0.014267 0.107831 
2002 0 0.0140043 0.0539479 0.094619 0.238733 0.100151 0.0660105 0.0693712 0.0839026 0.0247094 0.0279153 0.00347778 0.0352303 0.0138892 0.0326149 0.0142901 0.0326707 0.0103143 0.00934703 0.00343482 0.0713657 
2003 0 0.0180199 0.0653297 0.102152 0.136199 0.215941 0.0661646 0.0488832 0.0839385 0.0645813 0.0212907 0.0173918 0.00361507 0.0214024 0.0214345 0.0165272 0.0141069 0.0106449 0.0144464 0 0.0579307 
2004 0 0.0129837 0.0283913 0.181826 0.169726 0.0935791 0.183651 0.0626598 0.0209614 0.0354618 0.0277115 0.00685694 0.00338508 0.00698324 0.0128035 0.0210099 0.0222605 0.0138158 0.0120763 0.00677317 0.0770846 
2005 0 0.0124026 0.0430697 0.0919109 0.228473 0.110123 0.120517 0.163251 0.0207003 0.0208246 0.0313923 0.0379385 0.00676245 0.0146801 0.00339142 0.0107541 0 0.013708 0.00691126 0 0.0631898 
2006 0 0 0.0293856 0.119886 0.0979644 0.195641 0.0943782 0.0666783 0.11308 0.0647154 0.0422501 0.0601012 0.0327227 0 0.0193177 0 0.0107799 0.00350771 0.00709741 0 0.0424941 
2007 0 0.00371624 0.0174921 0.0604384 0.21997 0.097325 0.1538 0.0874827 0.0595406 0.134038 0.0316956 0.0244395 0.0174403 0.00789158 0.00705874 0.00724086 0.00342642 0 0.00340308 0 0.0636007 
2008 0 0.00939065 0.0229537 0.0220612 0.123104 0.197981 0.112385 0.150546 0.0613754 0.0611251 0.0816013 0.0174368 0.0176746 0.014046 0.0280802 0.00733823 0.010357 0.00366533 0.00715651 0.00747021 0.0442521 
2009 0 0.0375709 0.0274227 0.0748578 0.0213514 0.100968 0.168584 0.0694986 0.10506 0.0737532 0.0752401 0.0983137 0.0314734 0.0104593 0.0175301 0.0173741 0.010974 0 0 0.00349797 0.0560711 
2010 0 0.00930596 0.146074 0.0418711 0.0801867 0.0311704 0.100426 0.107153 0.0627475 0.129106 0.0672888 0.0350217 0.0840615 0.0211891 0.00346553 0.0142603 0.0155643 0.00362617 0.00346553 0.00686949 0.037147 
2011 0 0.00407721 0.0193064 0.25195 0.0760471 0.0968487 0.0248577 0.0661439 0.107225 0.042078 0.120949 0.0440333 0.0407106 0.0179329 0.0147543 0.00755368 0.0188859 0.00684135 0.00374051 0.00352759 0.0325363 
2012 0 0.0306694 0.0216358 0.0541265 0.326103 0.0759902 0.0800755 0.0107956 0.0473099 0.0847641 0.0279017 0.0760549 0.028343 0.0279413 0.037904 0.0144824 0.00348597 0.00800057 0.00461264 0.00365456 0.0361486 
2013 0 0.00355328 0.0855092 0.0469214 0.0949964 0.265451 0.0499831 0.0807821 0.00707787 0.0428188 0.0783194 0.0352428 0.0611247 0.0283313 0.0321529 0.0308786 0.00922607 0.0105027 0.0109474 0 0.026181 
end_table
table error_values
1990 300 300 300 300 300 300 300 300 300 300 300 300 300 300 300 300 300 300 300 300 300 
1991 300 300 300 300 300 300 300 300 300 300 300 300 300 300 300 300 300 300 300 300 300 
1992 300 300 300 300 300 300 300 300 300 300 300 300 300 300 300 300 300 300 300 300 300 
1993 300 300 300 300 300 300 300 300 300 300 300 300 300 300 300 300 300 300 300 300 300 
1994 300 300 300 300 300 300 300 300 300 300 300 300 300 300 300 300 300 300 300 300 300 
1995 300 300 300 300 300 300 300 300 300 300 300 300 300 300 300 300 300 300 300 300 300 
1996 300 300 300 300 300 300 300 300 300 300 300 300 300 300 300 300 300 300 300 300 300 
1997 300 300 300 300 300 300 300 300 300 300 300 300 300 300 300 300 300 300 300 300 300 
1998 300 300 300 300 300 300 300 300 300 300 300 300 300 300 300 300 300 300 300 300 300 
1999 300 300 300 300 300 300 300 300 300 300 300 300 300 300 300 300 300 300 300 300 300 
2000 300 300 300 300 300 300 300 300 300 300 300 300 300 300 300 300 300 300 300 300 300 
2001 300 300 300 300 300 300 300 300 300 300 300 300 300 300 300 300 300 300 300 300 300 
2002 300 300 300 300 300 300 300 300 300 300 300 300 300 300 300 300 300 300 300 300 300 
2003 300 300 300 300 300 300 300 300 300 300 300 300 300 300 300 300 300 300 300 300 300 
2004 300 300 300 300 300 300 300 300 300 300 300 300 300 300 300 300 300 300 300 300 300 
2005 300 300 300 300 300 300 300 300 300 300 300 300 300 300 300 300 300 300 300 300 300 
2006 300 300 300 300 300 300 300 300 300 300 300 300 300 300 300 300 300 300 300 300 300 
2007 300 300 300 300 300 300 300 300 300 300 300 300 300 300 300 300 300 300 300 300 300 
2008 300 300 300 300 300 300 300 300 300 300 300 300 300 300 300 300 300 300 300 300 300 
2009 300 300 300 300 300 300 300 300 300 300 300 300 300 300 300 300 300 300 300 300 300 
2010 300 300 300 300 300 300 300 300 300 300 300 300 300 300 300 300 300 300 300 300 300 
2011 300 300 300 300 300 300 300 300 300 300 300 300 300 300 300 300 300 300 300 300 300 
2012 300 300 300 300 300 300 300 300 300 300 300 300 300 300 300 300 300 300 300 300 300 
2013 300 300 300 300 300 300 300 300 300 300 300 300 300 300 300 300 300 300 300 300 300 
end_table

