@observation fishery_age_ALK_EN_sim
age_allocation_method proportional 
ageing_error age_error 
fishery_label Fishing_LL 
layer_of_stratum_definitions area_definition 
process_label fishing 
strata_to_include EN 
type mortality_event_biomass_scaled_age_frequency 
years 1990 1991 1992 1993 1994 1995 1996 1997 1998 1999 2000 2001 2002 2003 2004 2005 2006 2007 2008 2009 2010 2011 2012 2013 
table obs
1990 0 0.00920583 0.035116 0.0533505 0.110193 0.0835458 0.0915009 0.0770652 0.0880325 0.0457691 0.0454439 0.0627567 0.0247056 0.0401443 0.0528316 0.0140403 0.0212075 0.0209545 0.0143067 0.0138772 0.0959527 
1991 0 0.0229416 0.028262 0.091189 0.0985963 0.09075 0.0593287 0.0666088 0.0663411 0.0569109 0.0599756 0.0495429 0.0388839 0.0347828 0.0208216 0.0246229 0.0178005 0.0208785 0.014242 0.0280152 0.109505 
1992 0 0 0.0996666 0.0881286 0.0601258 0.091029 0.0798007 0.0768131 0.0735519 0.0454924 0.0348003 0.0356585 0.0279766 0.0301739 0.0459507 0.0325235 0.0285514 0.021472 0.00343852 0.00718288 0.117663 
1993 0 0.0111581 0.00339514 0.195939 0.110869 0.0836899 0.0866464 0.0767919 0.0589878 0.0388618 0.0348587 0.032415 0.0253145 0.0316476 0.0139727 0.00709466 0.0282989 0.0214251 0.0250027 0 0.113631 
1994 0 0.0113335 0.0354648 0.0350758 0.275694 0.0899354 0.075986 0.047917 0.0309673 0.0480582 0.0293423 0.0377046 0.0586323 0.0379003 0.0208812 0.0101511 0.0232988 0.0139089 0.00362233 0.011379 0.102747 
1995 0 0.00502375 0.0262439 0.0742648 0.0348943 0.324101 0.0516985 0.0453256 0.0487508 0.0455843 0.0521007 0.041751 0.0311252 0.0246788 0.0142341 0.0143422 0.0217094 0.0211511 0.0129817 0.00355605 0.106483 
1996 0 0.00623432 0.0245075 0.0845419 0.164087 0.017256 0.25722 0.0558758 0.0557188 0.0524514 0.0384649 0.0242423 0.0151487 0.0281032 0.0151864 0.0204699 0.0209449 0.014855 0.00371504 0.0103699 0.0906075 
1997 0 0.0121163 0.00358241 0.0719311 0.131164 0.10603 0.0449395 0.244191 0.0587062 0.0240583 0.0284074 0.0381563 0.0243049 0.039405 0.0240933 0.0145565 0.0145486 0.0103477 0.0114992 0.00705362 0.0909086 
1998 0 0.0240815 0.055435 0.0242343 0.130804 0.121323 0.0875371 0.0311315 0.186704 0.0520516 0.0207821 0.0273971 0.0276445 0.0385995 0.0177397 0.0242443 0.0220559 0.0138417 0.0111858 0.0214236 0.0617849 
1999 0 0.00844739 0.0467971 0.158741 0.041713 0.152267 0.0939956 0.077425 0.0278785 0.120542 0.0277427 0.0361582 0.0288496 0.0259052 0.0340406 0.0218305 0.0113819 0.0034827 0.0142624 0.0214672 0.0470729 
2000 0 0.0147003 0.061295 0.128867 0.189114 0.0205783 0.0959327 0.0835604 0.05228 0.0103618 0.126802 0.0174368 0.024644 0.00677578 0.0336939 0.0215599 0.0110207 0.0171498 0.0179371 0.0141567 0.0521347 
2001 0 0.0084424 0.0499374 0.125031 0.161294 0.186209 0.0241674 0.0518682 0.0491193 0.0519734 0.0144464 0.0940779 0.0209351 0.0210223 0.0213371 0.00742212 0.0253869 0.0287066 0.0035476 0.011183 0.043893 
2002 0 0.0180068 0.0193429 0.143756 0.141847 0.158899 0.167359 0.0312608 0.0559653 0.0457841 0.0427184 0 0.0612622 0.0136772 0.00812846 0 0.0197228 0.00715561 0.014814 0.00359166 0.0467093 
2003 0 0.0120018 0.0649442 0.0450779 0.178154 0.127416 0.148446 0.121834 0.00347138 0.0419281 0.0347285 0.0534093 0.00684742 0.0253182 0.0214595 0.0038335 0.0245718 0.00374836 0.0209256 0.00374836 0.0581354 
2004 0 0.0347108 0.0376072 0.0899201 0.0766249 0.202578 0.0842098 0.11712 0.0909281 0.0175008 0.0575094 0.0138327 0.0421766 0.00708244 0.0542235 0.0145088 0.0173388 0.00781237 0.00337635 0.00975818 0.0211815 
2005 0 0 0.107248 0.0801378 0.153265 0.0731547 0.140571 0.0812024 0.0732272 0.0875536 0.00694826 0.0210282 0.0354697 0.0184495 0.00352797 0.0387462 0.0144872 0.00710173 0.00775378 0.00350999 0.0466183 
2006 0 0 0.0118619 0.193104 0.134903 0.14148 0.0549521 0.114461 0.0279819 0.0778355 0.080117 0.0034271 0.0253474 0.0173245 0.0162137 0.0110328 0.022662 0.00346468 0.0104506 0 0.0533817 
2007 0 0.00774377 0.0058453 0.0150324 0.29095 0.104345 0.134185 0.0606338 0.0765698 0.0601817 0.0509108 0.0553861 0.00672795 0.0145371 0.0188118 0.00832314 0.0070153 0.0319783 0.00693094 0.00346297 0.0404283 
2008 0 0.00812511 0.0233197 0.0181228 0.0454897 0.292727 0.107698 0.0835427 0.0668693 0.0742619 0.0665028 0.0348846 0.0639616 0.0109036 0.0106634 0.010452 0.00383029 0.00338668 0.0291283 0.00345898 0.0426717 
2009 0 0.0222939 0.0302666 0.0855562 0.0382689 0.0343495 0.243936 0.0897653 0.0769105 0.0272946 0.0860952 0.0769967 0.0212172 0.0483095 0.0108725 0.0211123 0.0107996 0.017654 0 0.0277825 0.0305189 
2010 0 0 0.0629851 0.0742477 0.125965 0.0310135 0.0209027 0.216871 0.0827623 0.0737544 0.0241449 0.0661005 0.0554461 0.049402 0.0277566 0.00349044 0.0104944 0.0035634 0.0103716 0 0.0607283 
2011 0 0.0168961 0.0295105 0.124965 0.0998399 0.106841 0.0207083 0.013944 0.185087 0.0552955 0.0660276 0.0352016 0.0610131 0.0492981 0.0105036 0.042195 0 0.0106093 0.00722815 0.0103303 0.054506 
2012 0 0.0275621 0.0673077 0.0245435 0.131322 0.0941858 0.0868619 0.00694315 0.0311373 0.175788 0.056233 0.0701779 0.0294381 0.0277137 0.0373387 0.0283298 0.0179597 0 0.0180289 0.0139545 0.0551738 
2013 0 0.00379144 0.0955845 0.140507 0.0595281 0.122319 0.0839323 0.114859 0.0175705 0.0207392 0.0952452 0.0397671 0.0426475 0.0142834 0.0419909 0.0277161 0.0179014 0.00372316 0.00340525 0.0103257 0.0441629 
end_table
table error_values
1990 300 300 300 300 300 300 300 300 300 300 300 300 300 300 300 300 300 300 300 300 300 
1991 300 300 300 300 300 300 300 300 300 300 300 300 300 300 300 300 300 300 300 300 300 
1992 300 300 300 300 300 300 300 300 300 300 300 300 300 300 300 300 300 300 300 300 300 
1993 300 300 300 300 300 300 300 300 300 300 300 300 300 300 300 300 300 300 300 300 300 
1994 300 300 300 300 300 300 300 300 300 300 300 300 300 300 300 300 300 300 300 300 300 
1995 300 300 300 300 300 300 300 300 300 300 300 300 300 300 300 300 300 300 300 300 300 
1996 300 300 300 300 300 300 300 300 300 300 300 300 300 300 300 300 300 300 300 300 300 
1997 300 300 300 300 300 300 300 300 300 300 300 300 300 300 300 300 300 300 300 300 300 
1998 300 300 300 300 300 300 300 300 300 300 300 300 300 300 300 300 300 300 300 300 300 
1999 300 300 300 300 300 300 300 300 300 300 300 300 300 300 300 300 300 300 300 300 300 
2000 300 300 300 300 300 300 300 300 300 300 300 300 300 300 300 300 300 300 300 300 300 
2001 300 300 300 300 300 300 300 300 300 300 300 300 300 300 300 300 300 300 300 300 300 
2002 300 300 300 300 300 300 300 300 300 300 300 300 300 300 300 300 300 300 300 300 300 
2003 300 300 300 300 300 300 300 300 300 300 300 300 300 300 300 300 300 300 300 300 300 
2004 300 300 300 300 300 300 300 300 300 300 300 300 300 300 300 300 300 300 300 300 300 
2005 300 300 300 300 300 300 300 300 300 300 300 300 300 300 300 300 300 300 300 300 300 
2006 300 300 300 300 300 300 300 300 300 300 300 300 300 300 300 300 300 300 300 300 300 
2007 300 300 300 300 300 300 300 300 300 300 300 300 300 300 300 300 300 300 300 300 300 
2008 300 300 300 300 300 300 300 300 300 300 300 300 300 300 300 300 300 300 300 300 300 
2009 300 300 300 300 300 300 300 300 300 300 300 300 300 300 300 300 300 300 300 300 300 
2010 300 300 300 300 300 300 300 300 300 300 300 300 300 300 300 300 300 300 300 300 300 
2011 300 300 300 300 300 300 300 300 300 300 300 300 300 300 300 300 300 300 300 300 300 
2012 300 300 300 300 300 300 300 300 300 300 300 300 300 300 300 300 300 300 300 300 300 
2013 300 300 300 300 300 300 300 300 300 300 300 300 300 300 300 300 300 300 300 300 300 
end_table

