@observation fishery_age_ALK_BP_sim
age_allocation_method proportional 
ageing_error age_error 
fishery_label Fishing_LL 
layer_of_stratum_definitions area_definition 
process_label fishing 
strata_to_include BP 
type mortality_event_biomass_scaled_age_frequency 
years 1990 1991 1992 1993 1994 1995 1996 1997 1998 1999 2000 2001 2002 2003 2004 2005 2006 2007 2008 2009 2010 2011 2012 2013 
table obs
1990 0 0.0157733 0.0327816 0.0606408 0.105686 0.0602622 0.0909226 0.0836963 0.0774252 0.0524915 0.0453679 0.0623863 0.0424021 0.0279906 0.0360393 0.0298243 0.0185021 0.010711 0.0216541 0.0112246 0.114218 
1991 0 0.00528026 0.0289109 0.0644105 0.11626 0.0840316 0.0594369 0.0703293 0.0483857 0.0561593 0.0638087 0.0769038 0.045405 0.027872 0.0417111 0.0257332 0.010631 0.0187728 0.0138594 0.00734459 0.134754 
1992 0 0.00492625 0.0513397 0.0567305 0.0891283 0.0956663 0.0783603 0.0809141 0.0704325 0.074668 0.0501395 0.0492948 0.0427626 0.0212819 0.0427676 0.0261056 0.012007 0.0107719 0.0105568 0.0287318 0.103415 
1993 0 0.00629687 0.0174598 0.0838774 0.129957 0.124967 0.0694723 0.0656459 0.0590242 0.0279869 0.0479995 0.048376 0.0350101 0.0224141 0.0386582 0.0216532 0.0140151 0.0145178 0.0177199 0.0292435 0.125705 
1994 0 0.0310517 0.0187949 0.047213 0.140174 0.0908402 0.0991865 0.0663827 0.0695728 0.0491753 0.041623 0.0628648 0.0383488 0.0241858 0.0242203 0.0244889 0.020372 0.0349288 0.00682634 0.0111888 0.0985613 
1995 0 0.0192537 0.124755 0.027838 0.0895856 0.10086 0.0834586 0.0696135 0.0953794 0.0461152 0.0355904 0.0278531 0.0217329 0.0384762 0.0250539 0.0285101 0.0189436 0.010614 0.00692931 0.0149943 0.114443 
1996 0 0.00732133 0.0855224 0.246458 0.0244197 0.0704164 0.0876869 0.0842001 0.0699609 0.0454007 0.0358886 0.0395244 0.0241736 0.0147445 0.0222624 0.00685662 0.0104571 0.014996 0.0106924 0.0188676 0.0801505 
1997 0 0.00986715 0.0357545 0.152821 0.301383 0.0345815 0.0668339 0.059389 0.0427008 0.0362085 0.0460997 0.0423504 0.0251598 0.0211799 0.00849937 0.00394478 0.0217447 0.00751622 0.00691894 0.0113416 0.0657046 
1998 0 0.0389664 0.050076 0.102126 0.202508 0.222666 0.0281663 0.035901 0.0711612 0.0505878 0.0361862 0.0179737 0.0177293 0.0177893 0.00715405 0.0211878 0.00749809 0.00469817 0.00715714 0.00359864 0.0568699 
1999 0 0.00707071 0.0951125 0.0979638 0.141349 0.166555 0.201912 0.00724781 0.0456385 0.0541068 0.0254599 0.0183584 0.0293229 0.0121494 0.0109413 0.00383426 0.00727249 0.0190716 0.00728462 0.0147365 0.0346128 
2000 0 0 0.0285671 0.294448 0.0911185 0.141103 0.112531 0.147137 0.0222323 0.0143821 0.0392485 0 0.0111978 0.0112964 0.00388016 0.0104417 0.00348073 0.0111164 0 0.00764062 0.0501776 
2001 0 0.0258506 0.0507121 0.0621921 0.289183 0.117853 0.0902427 0.100567 0.132682 0.0103275 0 0.00340215 0.024497 0.022138 0.0268625 0 0.0038328 0 0.00342207 0.00728825 0.0289471 
2002 0 0.0102569 0.0505965 0.116086 0.121726 0.252059 0.0738418 0.0771906 0.0841332 0.0945711 0.00352658 0.0126711 0.0153826 0.0176792 0.00678599 0.00362196 0.00362196 0.00369966 0.00350105 0.00374298 0.0453052 
2003 0 0.0242077 0.0293953 0.143778 0.131395 0.0902212 0.247015 0.0698685 0.0487979 0.0542986 0.0640661 0.00349191 0.00731034 0.0120422 0.00350699 0.00365517 0.00839718 0.00767131 0.00842879 0.00350699 0.0389456 
2004 0 0.0313912 0.0478624 0.0875246 0.165245 0.120285 0.105961 0.208468 0.0577169 0.0183127 0.0350578 0.0531885 0.00435814 0.00342628 0.0191144 0.00688749 0.00713558 0.00439754 0 0 0.0236671 
2005 0 0.0114841 0.0596529 0.101207 0.117673 0.185961 0.104104 0.0487625 0.157995 0.0244496 0.0365044 0.0319431 0.0413564 0 0.0140744 0.0106194 0 0.00688203 0.0104328 0.00397865 0.0329199 
2006 0 0.00418259 0.044144 0.118963 0.193734 0.110837 0.13013 0.0914678 0.0316481 0.10142 0.0349378 0.0225112 0.0407494 0.0250872 0 0 0.00418249 0.00418249 0 0.00780593 0.0340169 
2007 0 0 0.0507539 0.0883468 0.165057 0.141454 0.0868863 0.0737241 0.0630554 0.049149 0.144396 0.0149455 0.0389654 0.0285236 0.0250705 0 0 0 0.00367851 0.00710967 0.0188839 
2008 0 0.00376055 0.00761704 0.113326 0.169983 0.159284 0.111228 0.0698843 0.111171 0.0574538 0.0312748 0.0636787 0.01705 0.0208923 0.0233294 0.00677661 0.00357693 0.0143379 0 0.00357693 0.0117988 
2009 0 0.00896771 0.0289956 0.0481835 0.110545 0.180736 0.145517 0.125206 0.0629859 0.0595708 0.0452927 0.0318626 0.0692616 0.0211067 0.0170341 0.0218319 0.00365164 0 0 0 0.0192508 
2010 0 0.0353319 0.0264264 0.0907496 0.0244386 0.172045 0.122472 0.0982132 0.0911076 0.0348759 0.0730849 0.0702198 0.0385199 0.0556738 0.0034308 0.020987 0.0142287 0.0140873 0.00352731 0 0.0105811 
2011 0 0.0408605 0.106898 0.0559628 0.105208 0.0667486 0.0845543 0.105936 0.096865 0.0791405 0.0533118 0.0429721 0.0318836 0.0171393 0.042613 0.00681305 0.00429105 0.0242521 0.0113235 0.00386029 0.0193662 
2012 0 0.019746 0.129663 0.152184 0.0747263 0.114153 0.0389616 0.0889011 0.0718521 0.0588226 0.0573294 0.0318469 0.0384991 0.021362 0.0293262 0.0105181 0.00349197 0.0179186 0.0141938 0.00704758 0.0194572 
2013 0 0.0126036 0.0867725 0.231838 0.200574 0.056013 0.0595853 0.0319192 0.0452024 0.0491242 0.0707748 0.0478657 0.0505816 0.0146788 0.00373735 0 0.0208693 0.010515 0 0 0.00734605 
end_table
table error_values
1990 300 300 300 300 300 300 300 300 300 300 300 300 300 300 300 300 300 300 300 300 300 
1991 300 300 300 300 300 300 300 300 300 300 300 300 300 300 300 300 300 300 300 300 300 
1992 300 300 300 300 300 300 300 300 300 300 300 300 300 300 300 300 300 300 300 300 300 
1993 300 300 300 300 300 300 300 300 300 300 300 300 300 300 300 300 300 300 300 300 300 
1994 300 300 300 300 300 300 300 300 300 300 300 300 300 300 300 300 300 300 300 300 300 
1995 300 300 300 300 300 300 300 300 300 300 300 300 300 300 300 300 300 300 300 300 300 
1996 300 300 300 300 300 300 300 300 300 300 300 300 300 300 300 300 300 300 300 300 300 
1997 300 300 300 300 300 300 300 300 300 300 300 300 300 300 300 300 300 300 300 300 300 
1998 300 300 300 300 300 300 300 300 300 300 300 300 300 300 300 300 300 300 300 300 300 
1999 300 300 300 300 300 300 300 300 300 300 300 300 300 300 300 300 300 300 300 300 300 
2000 300 300 300 300 300 300 300 300 300 300 300 300 300 300 300 300 300 300 300 300 300 
2001 300 300 300 300 300 300 300 300 300 300 300 300 300 300 300 300 300 300 300 300 300 
2002 300 300 300 300 300 300 300 300 300 300 300 300 300 300 300 300 300 300 300 300 300 
2003 300 300 300 300 300 300 300 300 300 300 300 300 300 300 300 300 300 300 300 300 300 
2004 300 300 300 300 300 300 300 300 300 300 300 300 300 300 300 300 300 300 300 300 300 
2005 300 300 300 300 300 300 300 300 300 300 300 300 300 300 300 300 300 300 300 300 300 
2006 300 300 300 300 300 300 300 300 300 300 300 300 300 300 300 300 300 300 300 300 300 
2007 300 300 300 300 300 300 300 300 300 300 300 300 300 300 300 300 300 300 300 300 300 
2008 300 300 300 300 300 300 300 300 300 300 300 300 300 300 300 300 300 300 300 300 300 
2009 300 300 300 300 300 300 300 300 300 300 300 300 300 300 300 300 300 300 300 300 300 
2010 300 300 300 300 300 300 300 300 300 300 300 300 300 300 300 300 300 300 300 300 300 
2011 300 300 300 300 300 300 300 300 300 300 300 300 300 300 300 300 300 300 300 300 300 
2012 300 300 300 300 300 300 300 300 300 300 300 300 300 300 300 300 300 300 300 300 300 
2013 300 300 300 300 300 300 300 300 300 300 300 300 300 300 300 300 300 300 300 300 300 
end_table

