@observation fishery_age_ALK_BP_sim
age_allocation_method proportional 
ageing_error age_error 
fishery_label Fishing_LL 
layer_of_stratum_definitions area_definition 
process_label fishing 
strata_to_include BP 
type mortality_event_biomass_scaled_age_frequency 
years 1990 1991 1992 1993 1994 1995 1996 1997 1998 1999 2000 2001 2002 2003 2004 2005 2006 2007 2008 2009 2010 2011 2012 2013 
table obs
1990 0 0.0123792 0.0179032 0.0820053 0.0960284 0.0837655 0.0595034 0.112165 0.0774788 0.0346654 0.0349112 0.0425065 0.0366593 0.0424135 0.0212296 0.0209336 0.0308771 0.0246434 0.0294084 0.00699025 0.133533 
1991 0 0.00528026 0.0395193 0.0820523 0.0885836 0.0909276 0.108363 0.0524502 0.0623184 0.0632794 0.0278503 0.0311628 0.0457552 0.0309464 0.0278068 0.0273881 0.00343837 0.0253062 0.0241888 0.0190553 0.144328 
1992 0 0 0.0200732 0.100248 0.0850691 0.0991777 0.087907 0.0708189 0.0501714 0.0639368 0.0385992 0.0529398 0.0629492 0.0214032 0.0247259 0.0211274 0.0220608 0.021836 0.0324635 0.00729284 0.1172 
1993 0 0 0.0342376 0.101447 0.0799855 0.111593 0.0737014 0.103784 0.0837659 0.0414175 0.0552436 0.0310193 0.0207918 0.0477226 0.0104003 0.0328514 0.0279363 0.00688893 0.0177094 0.0146115 0.104893 
1994 0 0.0354201 0.0120664 0.0602917 0.114862 0.119406 0.0942544 0.062669 0.055951 0.0452592 0.035796 0.0544635 0.048845 0.0491089 0.0246553 0.0187541 0.0103263 0.00693976 0.013814 0.0103166 0.126801 
1995 0 0.0192537 0.0957003 0.028006 0.0906254 0.121964 0.0833737 0.0869453 0.055287 0.0348861 0.0459072 0.0461167 0.0250336 0.0323906 0.0218377 0.0309631 0.0185402 0.00797244 0.0145518 0.0034161 0.137229 
1996 0 0.0219256 0.0711267 0.208486 0.0521063 0.0972668 0.0735357 0.0908195 0.0526815 0.0362087 0.0389899 0.0212677 0.0181906 0.0142823 0.0216616 0.0210401 0.0210954 0.0140112 0.00683501 0.0197522 0.0987175 
1997 0 0.00986715 0.0210733 0.192114 0.301313 0.0242873 0.0491129 0.0490194 0.0632831 0.0348436 0.0141441 0.0210347 0.0181474 0.0034669 0.0192917 0.00356607 0.0360092 0.0226402 0.00699821 0.0291874 0.0806006 
1998 0 0.0349119 0.0221041 0.0910189 0.210111 0.279978 0.0250145 0.0427108 0.0245664 0.0327552 0.0438535 0.0287778 0.0107129 0.0248703 0.0140167 0.0140232 0.00759711 0.0188591 0.00351779 0 0.0706004 
1999 0 0 0.112874 0.0975072 0.13107 0.180093 0.19838 0.010267 0.0213133 0.0362135 0.0252613 0.0254181 0.0186614 0.0113745 0.010888 0.0117666 0.00782578 0 0.0190671 0.0159875 0.0660316 
2000 0 0.0103492 0.0327807 0.262632 0.11164 0.102011 0.126674 0.169866 0.0174898 0.0140873 0.0148222 0.00703547 0.0143244 0.0175618 0.00808428 0.00370632 0.012228 0.017874 0.0111224 0.00706749 0.0386428 
2001 0 0.0171473 0.0385919 0.0589234 0.344329 0.104018 0.0621867 0.114554 0.112565 0.0141557 0.0138106 0.00377232 0.0244235 0.00369823 0.0175312 0.0103005 0 0.00359002 0.00715946 0.00340215 0.0458419 
2002 0 0.0041493 0.0885646 0.0665281 0.104571 0.308068 0.0596762 0.0705454 0.0765804 0.0880711 0.0102584 0.0247636 0.0212163 0.0070123 0.00688523 0.0107341 0.00350105 0.013439 0 0.00340754 0.0320285 
2003 0 0.0162663 0.044944 0.0883876 0.117265 0.107348 0.24792 0.0808243 0.0743393 0.0829719 0.0608183 0.00349191 0.0140167 0.00494191 0.00339894 0.00359467 0.00465015 0.00348688 0 0 0.041334 
2004 0 0.0277338 0.0442475 0.0941167 0.166272 0.0993272 0.0822252 0.192014 0.070443 0.0605534 0.0676179 0.028166 0.0095497 0.00716298 0.00871943 0.0155073 0.00356779 0 0 0 0.0227761 
2005 0 0.0151511 0.0491662 0.100676 0.149141 0.148834 0.121195 0.0595513 0.149755 0.0419331 0.0342453 0.014569 0.0466612 0 0.00360701 0.00363463 0.00698021 0.0113544 0.00355596 0.00363463 0.0363557 
2006 0 0.0127209 0.0275832 0.126922 0.152936 0.110954 0.157948 0.0559056 0.0348344 0.131396 0.0334366 0.0350485 0.0281762 0.043523 0.00352691 0.00362641 0.00836497 0 0.00348707 0.00390296 0.0257076 
2007 0 0 0.0257404 0.0923314 0.164837 0.12325 0.0800465 0.115377 0.0945085 0.0526333 0.126152 0.0185825 0.0212611 0.0110972 0.0289308 0.00355185 0.00443978 0.00622151 0 0.00355451 0.0274841 
2008 0 0.0109056 0.01401 0.0935367 0.140537 0.152645 0.161449 0.073377 0.0831552 0.0737695 0.0102861 0.0674097 0.038247 0.0139115 0.00940339 0.02866 0.0073436 0.00376089 0 0.00352568 0.014067 
2009 0 0.00896771 0.034965 0.066908 0.124854 0.176647 0.131681 0.114649 0.0693668 0.0559265 0.0418853 0.014351 0.0629623 0.0149446 0.00448385 0.0275339 0.0146223 0.00448275 0.00358469 0 0.0271846 
2010 0 0.0464806 0.0156617 0.0873654 0.0386404 0.168144 0.101195 0.150852 0.0769804 0.0420583 0.0486409 0.0492918 0.0383036 0.0669174 0.0171607 0.0246265 0.00360673 0.0102204 0 0.0069344 0.00692025 
2011 0 0.0291373 0.121312 0.0629183 0.10242 0.0389694 0.0949915 0.098728 0.0842316 0.0872783 0.0710573 0.039052 0.0535785 0.00353959 0.0428526 0.010624 0.0104444 0.00728812 0.0238483 0 0.0177284 
2012 0 0.0163234 0.122367 0.184436 0.056919 0.103241 0.0210787 0.0642531 0.0920112 0.0715114 0.0533743 0.0285037 0.0649819 0.0108438 0.0250217 0.0213822 0 0.0325207 0.016807 0 0.0144249 
2013 0 0.00922033 0.0866244 0.187373 0.273289 0.031594 0.0845856 0.0280718 0.0424884 0.0351125 0.0599496 0.0528293 0.0325694 0.0441224 0.00709447 0.00386614 0 0.0105284 0.00347991 0.00373735 0.00346422 
end_table
table error_values
1990 300 300 300 300 300 300 300 300 300 300 300 300 300 300 300 300 300 300 300 300 300 
1991 300 300 300 300 300 300 300 300 300 300 300 300 300 300 300 300 300 300 300 300 300 
1992 300 300 300 300 300 300 300 300 300 300 300 300 300 300 300 300 300 300 300 300 300 
1993 300 300 300 300 300 300 300 300 300 300 300 300 300 300 300 300 300 300 300 300 300 
1994 300 300 300 300 300 300 300 300 300 300 300 300 300 300 300 300 300 300 300 300 300 
1995 300 300 300 300 300 300 300 300 300 300 300 300 300 300 300 300 300 300 300 300 300 
1996 300 300 300 300 300 300 300 300 300 300 300 300 300 300 300 300 300 300 300 300 300 
1997 300 300 300 300 300 300 300 300 300 300 300 300 300 300 300 300 300 300 300 300 300 
1998 300 300 300 300 300 300 300 300 300 300 300 300 300 300 300 300 300 300 300 300 300 
1999 300 300 300 300 300 300 300 300 300 300 300 300 300 300 300 300 300 300 300 300 300 
2000 300 300 300 300 300 300 300 300 300 300 300 300 300 300 300 300 300 300 300 300 300 
2001 300 300 300 300 300 300 300 300 300 300 300 300 300 300 300 300 300 300 300 300 300 
2002 300 300 300 300 300 300 300 300 300 300 300 300 300 300 300 300 300 300 300 300 300 
2003 300 300 300 300 300 300 300 300 300 300 300 300 300 300 300 300 300 300 300 300 300 
2004 300 300 300 300 300 300 300 300 300 300 300 300 300 300 300 300 300 300 300 300 300 
2005 300 300 300 300 300 300 300 300 300 300 300 300 300 300 300 300 300 300 300 300 300 
2006 300 300 300 300 300 300 300 300 300 300 300 300 300 300 300 300 300 300 300 300 300 
2007 300 300 300 300 300 300 300 300 300 300 300 300 300 300 300 300 300 300 300 300 300 
2008 300 300 300 300 300 300 300 300 300 300 300 300 300 300 300 300 300 300 300 300 300 
2009 300 300 300 300 300 300 300 300 300 300 300 300 300 300 300 300 300 300 300 300 300 
2010 300 300 300 300 300 300 300 300 300 300 300 300 300 300 300 300 300 300 300 300 300 
2011 300 300 300 300 300 300 300 300 300 300 300 300 300 300 300 300 300 300 300 300 300 
2012 300 300 300 300 300 300 300 300 300 300 300 300 300 300 300 300 300 300 300 300 300 
2013 300 300 300 300 300 300 300 300 300 300 300 300 300 300 300 300 300 300 300 300 300 
end_table

