@observation fishery_age_ALK_BP_sim
age_allocation_method proportional 
ageing_error age_error 
fishery_label Fishing_LL 
layer_of_stratum_definitions area_definition 
process_label fishing 
strata_to_include BP 
type mortality_event_biomass_scaled_age_frequency 
years 1990 1991 1992 1993 1994 1995 1996 1997 1998 1999 2000 2001 2002 2003 2004 2005 2006 2007 2008 2009 2010 2011 2012 2013 
table obs
1990 0 0.0033941 0.0303793 0.075127 0.110021 0.0815009 0.0697725 0.101157 0.0694047 0.0389804 0.0247016 0.0422614 0.0458589 0.0242767 0.0210401 0.0282351 0.0246213 0.0294723 0.00720697 0.0251969 0.147392 
1991 0 0.00528026 0.0363006 0.0823294 0.0801093 0.0869524 0.0950035 0.0664419 0.0562784 0.0526554 0.041789 0.0281037 0.0462216 0.0384967 0.0323138 0.0278704 0.010482 0.0265562 0.0176829 0.0104382 0.158695 
1992 0 0.00340053 0.0214074 0.0528948 0.138422 0.0886075 0.0923309 0.0711446 0.0492798 0.0539854 0.0423676 0.0520821 0.0673907 0.0424989 0.0243735 0.0182832 0.0251952 0.0281253 0.0259117 0.0146479 0.0876515 
1993 0 0 0.024396 0.0799023 0.115181 0.103977 0.125143 0.0557114 0.0526454 0.0558895 0.0488243 0.0483192 0.0349709 0.0205146 0.0207467 0.041846 0.0264495 0.0179634 0.00705934 0.00344333 0.117017 
1994 0 0.0310517 0.0120664 0.0719628 0.122319 0.104388 0.0909296 0.10506 0.0489073 0.0277018 0.0452278 0.0417065 0.028036 0.0417495 0.015068 0.0256608 0.0215308 0.00347515 0.0245277 0.0246529 0.113978 
1995 0 0.0271733 0.0982313 0.0212528 0.108021 0.103824 0.0703631 0.0629288 0.0560677 0.0245881 0.0663479 0.04924 0.0247266 0.0314557 0.023821 0.0256531 0.0109721 0.0259555 0.0176595 0.0180818 0.133637 
1996 0 0.0176617 0.0966455 0.211451 0.0344169 0.0698065 0.105025 0.0663064 0.0558878 0.0384586 0.0209487 0.0350825 0.0216222 0.0215534 0.0256767 0.0187752 0.0220805 0.00727172 0.0150797 0.00733714 0.108913 
1997 0 0.00354022 0.0528246 0.17022 0.242124 0.0487129 0.0591546 0.0701408 0.0459183 0.0609092 0.0354184 0.0211785 0.0175879 0.0209753 0.0182632 0.0155918 0.00781796 0 0.0109385 0 0.0986831 
1998 0 0.0317894 0.039936 0.0849291 0.236283 0.228931 0.0242591 0.0496021 0.056896 0.0279539 0.0324768 0.0149054 0.0283549 0.0260538 0.00339832 0.0103408 0.0141903 0.00715714 0.00731635 0.0116909 0.0635354 
1999 0 0.00845297 0.114714 0.065888 0.155611 0.193693 0.200853 0.0314397 0.0290218 0.0259888 0.0295021 0.00385566 0.0216709 0.00829383 0.00782237 0.0215478 0.00708562 0.00381184 0.010735 0.00381184 0.0561998 
2000 0 0.00652233 0.0289177 0.245517 0.147104 0.0773883 0.133502 0.153091 0.0141979 0.0389126 0.0147602 0.0146823 0.0149713 0.0261715 0.00758191 0 0.0105535 0 0.00341066 0.0139599 0.048756 
2001 0 0.00943102 0.0476969 0.11002 0.299011 0.0998753 0.0844783 0.110896 0.0738668 0.0141709 0.0137537 0.0175762 0.017579 0.0215605 0.0189535 0.0111951 0.00369102 0.00717957 0.00340215 0.0143592 0.0213034 
2002 0 0.0179875 0.0535641 0.101736 0.10832 0.273151 0.0980426 0.0700638 0.052225 0.0750864 0.0140069 0.0140126 0.00362196 0.0163184 0.017834 0.00701405 0.00350105 0.0177508 0.00371938 0.00350105 0.0485424 
2003 0 0.0124902 0.0425291 0.091115 0.168655 0.104144 0.249662 0.059375 0.0460266 0.0656999 0.0605501 0.00716216 0.014309 0.0106813 0.0104372 0.00839895 0 0.00465071 0.00350699 0.00339894 0.0372082 
2004 0 0.0152928 0.0598011 0.070227 0.203683 0.121454 0.0918095 0.209217 0.0281119 0.0315088 0.056008 0.0578702 0.00342628 0.00693086 0.00699971 0.0068582 0.0088553 0 0.00704401 0 0.0149019 
2005 0 0.0114841 0.0705234 0.10054 0.10727 0.152073 0.1356 0.0488487 0.15409 0.0497598 0.0279379 0.0348645 0.0377741 0.00698893 0.00730908 0.0109676 0.00744251 0 0.00355596 0.00360701 0.0293636 
2006 0 0.0114998 0.0362744 0.105335 0.167085 0.107911 0.101699 0.0739507 0.0558273 0.144407 0.0386125 0.0175009 0.0562654 0.0318793 0.00557802 0.00816157 0.0119216 0 0.00352691 0.00780593 0.014758 
2007 0 0 0.0471232 0.063961 0.17543 0.153331 0.056874 0.080174 0.0777194 0.0565708 0.136297 0.0259598 0.017101 0.0401573 0.0342536 0 0 0 0 0.00355021 0.0314972 
2008 0 0.0105295 0.0106255 0.076796 0.164936 0.137904 0.168551 0.0911824 0.063261 0.105987 0.0216785 0.0779434 0.0173982 0.0107821 0.0143419 0.0106729 0.00357692 0 0.00339027 0.00339027 0.00705368 
2009 0 0.00896771 0.0255081 0.0472961 0.11508 0.160095 0.166266 0.146568 0.0526875 0.0594559 0.0454497 0.0434653 0.0578672 0.0141408 0.00448385 0.0220946 0.01439 0 0 0 0.0161846 
2010 0 0.0509003 0.0224676 0.0610944 0.0390248 0.115527 0.134354 0.118822 0.118948 0.0589164 0.0631016 0.0630877 0.0246789 0.0624738 0.024233 0.00351324 0.0178165 0.00700671 0.00339735 0 0.0106364 
2011 0 0.0361123 0.118164 0.0637727 0.108568 0.0313034 0.116665 0.102229 0.104026 0.0878757 0.019243 0.0495141 0.0282724 0.0143244 0.0460582 0 0.0209491 0.0188924 0.00354483 0.0110343 0.0194512 
2012 0 0.0272191 0.118716 0.181179 0.0636524 0.0742674 0.0390596 0.067572 0.0749164 0.0646734 0.0394928 0.035459 0.0771696 0.02883 0.0178482 0.0321614 0 0.0292215 0.00721883 0.0110075 0.0103353 
2013 0 0.0150292 0.0699089 0.193951 0.260808 0.0353158 0.0667267 0.0492397 0.0389909 0.0774587 0.0420945 0.017179 0.03348 0.0221698 0.00716319 0.00715921 0.0254089 0.0170804 0.00362122 0.00347991 0.013735 
end_table
table error_values
1990 300 300 300 300 300 300 300 300 300 300 300 300 300 300 300 300 300 300 300 300 300 
1991 300 300 300 300 300 300 300 300 300 300 300 300 300 300 300 300 300 300 300 300 300 
1992 300 300 300 300 300 300 300 300 300 300 300 300 300 300 300 300 300 300 300 300 300 
1993 300 300 300 300 300 300 300 300 300 300 300 300 300 300 300 300 300 300 300 300 300 
1994 300 300 300 300 300 300 300 300 300 300 300 300 300 300 300 300 300 300 300 300 300 
1995 300 300 300 300 300 300 300 300 300 300 300 300 300 300 300 300 300 300 300 300 300 
1996 300 300 300 300 300 300 300 300 300 300 300 300 300 300 300 300 300 300 300 300 300 
1997 300 300 300 300 300 300 300 300 300 300 300 300 300 300 300 300 300 300 300 300 300 
1998 300 300 300 300 300 300 300 300 300 300 300 300 300 300 300 300 300 300 300 300 300 
1999 300 300 300 300 300 300 300 300 300 300 300 300 300 300 300 300 300 300 300 300 300 
2000 300 300 300 300 300 300 300 300 300 300 300 300 300 300 300 300 300 300 300 300 300 
2001 300 300 300 300 300 300 300 300 300 300 300 300 300 300 300 300 300 300 300 300 300 
2002 300 300 300 300 300 300 300 300 300 300 300 300 300 300 300 300 300 300 300 300 300 
2003 300 300 300 300 300 300 300 300 300 300 300 300 300 300 300 300 300 300 300 300 300 
2004 300 300 300 300 300 300 300 300 300 300 300 300 300 300 300 300 300 300 300 300 300 
2005 300 300 300 300 300 300 300 300 300 300 300 300 300 300 300 300 300 300 300 300 300 
2006 300 300 300 300 300 300 300 300 300 300 300 300 300 300 300 300 300 300 300 300 300 
2007 300 300 300 300 300 300 300 300 300 300 300 300 300 300 300 300 300 300 300 300 300 
2008 300 300 300 300 300 300 300 300 300 300 300 300 300 300 300 300 300 300 300 300 300 
2009 300 300 300 300 300 300 300 300 300 300 300 300 300 300 300 300 300 300 300 300 300 
2010 300 300 300 300 300 300 300 300 300 300 300 300 300 300 300 300 300 300 300 300 300 
2011 300 300 300 300 300 300 300 300 300 300 300 300 300 300 300 300 300 300 300 300 300 
2012 300 300 300 300 300 300 300 300 300 300 300 300 300 300 300 300 300 300 300 300 300 
2013 300 300 300 300 300 300 300 300 300 300 300 300 300 300 300 300 300 300 300 300 300 
end_table

