@observation fishery_age_ALK_EN_sim
age_allocation_method proportional 
ageing_error age_error 
fishery_label Fishing_LL 
layer_of_stratum_definitions area_definition 
process_label fishing 
strata_to_include EN 
type mortality_event_biomass_scaled_age_frequency 
years 1990 1991 1992 1993 1994 1995 1996 1997 1998 1999 2000 2001 2002 2003 2004 2005 2006 2007 2008 2009 2010 2011 2012 2013 
table obs
1990 0 0.00920583 0.0260144 0.0846537 0.077262 0.069821 0.105336 0.0840371 0.0525574 0.049242 0.0596622 0.0349189 0.060003 0.0213033 0.0315518 0.0247758 0.0292673 0.0105574 0.0317787 0.0311504 0.106901 
1991 0 0.0342259 0.017316 0.0593273 0.115905 0.0944731 0.0661767 0.101846 0.0663371 0.0564848 0.0522711 0.0317586 0.0178162 0.0243393 0.0243543 0.0213754 0.0406206 0.0244283 0.0139203 0.0174061 0.119618 
1992 0 0 0.0959468 0.0641846 0.0668341 0.104568 0.0874501 0.0488937 0.0732465 0.0692247 0.0385196 0.0534534 0.0564631 0.0210176 0.0075681 0.0226413 0.0189611 0.0175115 0.0183167 0.014179 0.12102 
1993 0 0.00415327 0.0174528 0.220128 0.0730199 0.0796297 0.0592604 0.0590574 0.0697878 0.0492465 0.0386884 0.0315264 0.0315811 0.0288799 0.0106085 0.0142817 0.0311929 0.0139851 0.0209749 0.0174846 0.129061 
1994 0 0.00749248 0.0403098 0.0246228 0.319649 0.0863627 0.0519599 0.0650422 0.0493559 0.0522483 0.0377471 0.0206292 0.0343743 0.0317149 0.0212721 0.0169174 0.0105748 0.0226425 0.0102985 0 0.0967858 
1995 0 0 0.0237166 0.0683437 0.0627088 0.302741 0.0625696 0.0384569 0.034604 0.0625812 0.0414368 0.0279674 0.0601279 0.0278154 0.0208311 0.0175379 0.0103494 0.0214781 0.0111452 0.0104238 0.0951654 
1996 0 0 0.0380969 0.052077 0.126028 0.0557322 0.24728 0.0484401 0.048669 0.0452558 0.0743024 0.0210997 0.0279236 0.00685231 0.0220716 0.00689975 0.0285997 0 0.0208832 0.0175443 0.112245 
1997 0 0.0149241 0.014112 0.089498 0.0735059 0.147647 0.0346547 0.267899 0.0451662 0.0427913 0.044779 0.0293429 0.00688015 0.0215167 0.0205515 0.0141533 0.0209858 0.0172668 0.0213513 0.00345323 0.0695204 
1998 0 0.0172029 0.0588159 0.0278439 0.126688 0.117036 0.0830355 0.0308451 0.191046 0.0171689 0.0594061 0.0276599 0.0138253 0.0217304 0.0431729 0.0172362 0.00679298 0.0177604 0.0152991 0.014898 0.0925361 
1999 0 0.0165195 0.0611007 0.133232 0.079617 0.0939475 0.114645 0.0729565 0.0139082 0.16749 0.0495213 0.02568 0.0225116 0.0351471 0.0189612 0 0.00355604 0.00729102 0.0184589 0.0188098 0.0466466 
2000 0 0.0188225 0.0330045 0.138938 0.233533 0.0239888 0.0894202 0.041014 0.0517093 0.0275531 0.154493 0.0174468 0.00739234 0.00723836 0.00713273 0.010608 0.00695048 0.00702286 0.0104974 0.0148031 0.0984316 
2001 0 0 0.0660351 0.0872391 0.167495 0.202995 0.0382467 0.0622857 0.0550622 0.0458894 0.0176756 0.0773108 0.0252845 0.0221912 0.00846145 0.00418041 0.0140259 0.0282017 0.00675261 0.0073728 0.0632942 
2002 0 0.0143677 0.00745632 0.149414 0.12496 0.148909 0.167434 0.0278845 0.0378291 0.0635523 0.0317783 0.00709962 0.0912991 0.0137067 0.0140963 0.00693627 0 0.0140934 0.0110956 0.00699382 0.0610951 
2003 0 0.0037926 0.064075 0.0601492 0.161965 0.154508 0.124178 0.139267 0.0253472 0.0566042 0.0179984 0.0287445 0.0104823 0.0851875 0.0176227 0.00382508 0 0.00343138 0.0105826 0.00354018 0.0286991 
2004 0 0.0274937 0.0226018 0.0828187 0.0632144 0.18619 0.122082 0.115076 0.118882 0.0140229 0.0350962 0.0251642 0.0254299 0.0106678 0.056737 0.0147903 0.00346894 0 0.0146326 0.0138563 0.0477748 
2005 0 0 0.0827046 0.0910831 0.150188 0.0593002 0.191726 0.0764544 0.0766884 0.0745897 0.00391754 0.020971 0.0104854 0.0147215 0.010543 0.053431 0.0177951 0.0108731 0.00766936 0.00784184 0.0390171 
2006 0 0 0.00919445 0.17843 0.11082 0.158572 0.0660093 0.0697225 0.0552202 0.0972209 0.0696207 0.00714231 0.0253786 0.0316464 0.0160919 0.0135706 0.0427957 0.00346468 0.00940636 0.00350254 0.032191 
2007 0 0.00774377 0.00979926 0.0214785 0.267528 0.0999534 0.12765 0.0448288 0.127633 0.0593896 0.0535686 0.0347254 0.0119768 0.0215086 0.0184889 0.00748486 0.00355233 0.0186768 0.0122964 0.0178144 0.0339019 
2008 0 0.00812511 0.0280256 0.020994 0.049173 0.296185 0.0901425 0.0871449 0.0381456 0.0711825 0.0566801 0.053232 0.0661879 0.0106913 0.0108309 0.0248669 0.0109074 0 0.0419053 0 0.0355797 
2009 0 0.0147825 0.0520931 0.0810702 0.0277479 0.0524902 0.223407 0.0856122 0.0664155 0.0414118 0.100757 0.0621483 0.0452512 0.0389582 0.00684488 0.0142023 0.0177955 0.010489 0.00365407 0.0249982 0.0298712 
2010 0 0.00362728 0.073277 0.0705698 0.0940739 0.0208496 0.0310715 0.232536 0.066477 0.11341 0.0240699 0.0388283 0.0522486 0.0589795 0.034404 0 0.00336621 0.0153156 0.0034406 0.00336621 0.0600884 
2011 0 0.0194872 0.0156533 0.170617 0.0791673 0.0798517 0.0345761 0.0242989 0.159747 0.0769255 0.0485203 0.034849 0.0708929 0.0254307 0.0570517 0.0320745 0.00340004 0.0104237 0.010362 0.00343401 0.0432373 
2012 0 0.0420735 0.0668749 0.0278871 0.153218 0.0864143 0.0725034 0.0103055 0.0389225 0.186722 0.0523756 0.0576658 0.0104991 0.046722 0.0216364 0.0211932 0.0285462 0 0.0110465 0.0224854 0.0429089 
2013 0 0.00758288 0.123758 0.126128 0.0383338 0.140292 0.101801 0.0838871 0.0318209 0.0248105 0.133751 0.0175495 0.0427379 0.0140994 0.0142823 0.0139428 0.0035875 0.0211281 0.0146918 0.0107015 0.0351136 
end_table
table error_values
1990 300 300 300 300 300 300 300 300 300 300 300 300 300 300 300 300 300 300 300 300 300 
1991 300 300 300 300 300 300 300 300 300 300 300 300 300 300 300 300 300 300 300 300 300 
1992 300 300 300 300 300 300 300 300 300 300 300 300 300 300 300 300 300 300 300 300 300 
1993 300 300 300 300 300 300 300 300 300 300 300 300 300 300 300 300 300 300 300 300 300 
1994 300 300 300 300 300 300 300 300 300 300 300 300 300 300 300 300 300 300 300 300 300 
1995 300 300 300 300 300 300 300 300 300 300 300 300 300 300 300 300 300 300 300 300 300 
1996 300 300 300 300 300 300 300 300 300 300 300 300 300 300 300 300 300 300 300 300 300 
1997 300 300 300 300 300 300 300 300 300 300 300 300 300 300 300 300 300 300 300 300 300 
1998 300 300 300 300 300 300 300 300 300 300 300 300 300 300 300 300 300 300 300 300 300 
1999 300 300 300 300 300 300 300 300 300 300 300 300 300 300 300 300 300 300 300 300 300 
2000 300 300 300 300 300 300 300 300 300 300 300 300 300 300 300 300 300 300 300 300 300 
2001 300 300 300 300 300 300 300 300 300 300 300 300 300 300 300 300 300 300 300 300 300 
2002 300 300 300 300 300 300 300 300 300 300 300 300 300 300 300 300 300 300 300 300 300 
2003 300 300 300 300 300 300 300 300 300 300 300 300 300 300 300 300 300 300 300 300 300 
2004 300 300 300 300 300 300 300 300 300 300 300 300 300 300 300 300 300 300 300 300 300 
2005 300 300 300 300 300 300 300 300 300 300 300 300 300 300 300 300 300 300 300 300 300 
2006 300 300 300 300 300 300 300 300 300 300 300 300 300 300 300 300 300 300 300 300 300 
2007 300 300 300 300 300 300 300 300 300 300 300 300 300 300 300 300 300 300 300 300 300 
2008 300 300 300 300 300 300 300 300 300 300 300 300 300 300 300 300 300 300 300 300 300 
2009 300 300 300 300 300 300 300 300 300 300 300 300 300 300 300 300 300 300 300 300 300 
2010 300 300 300 300 300 300 300 300 300 300 300 300 300 300 300 300 300 300 300 300 300 
2011 300 300 300 300 300 300 300 300 300 300 300 300 300 300 300 300 300 300 300 300 300 
2012 300 300 300 300 300 300 300 300 300 300 300 300 300 300 300 300 300 300 300 300 300 
2013 300 300 300 300 300 300 300 300 300 300 300 300 300 300 300 300 300 300 300 300 300 
end_table

