@observation fishery_age_ALK_HG_sim
age_allocation_method proportional 
ageing_error age_error 
fishery_label Fishing_LL 
layer_of_stratum_definitions area_definition 
process_label fishing 
strata_to_include HG 
type mortality_event_biomass_scaled_age_frequency 
years 1990 1991 1992 1993 1994 1995 1996 1997 1998 1999 2000 2001 2002 2003 2004 2005 2006 2007 2008 2009 2010 2011 2012 2013 
table obs
1990 0 0.00816863 0.0212138 0.0706997 0.0800201 0.111621 0.114742 0.051976 0.0763494 0.0462413 0.0486725 0.0381576 0.0458399 0.0364963 0.0283735 0.0251491 0.0172645 0.0433537 0.0155159 0.0282591 0.0918862 
1991 0 0.00800946 0.0330597 0.064816 0.094904 0.0911996 0.114351 0.0940832 0.0488623 0.0523387 0.0387508 0.0383837 0.0401848 0.0256296 0.05332 0.0174584 0.0216303 0.0183409 0.0253838 0.0106678 0.108626 
1992 0 0.0040272 0.0319501 0.0775997 0.0902831 0.086218 0.0729969 0.0972092 0.0837996 0.0498073 0.0563778 0.0633088 0.035275 0.0354765 0.0145426 0.0297507 0.0109052 0.00702311 0.0140349 0.0170479 0.122367 
1993 0 0.00345728 0.0052472 0.0660342 0.0937154 0.107022 0.110673 0.0550653 0.0761748 0.0597598 0.0622296 0.0669297 0.0175857 0.0426211 0.0316813 0.0400683 0.0216544 0.0140195 0.00358687 0.0194059 0.103069 
1994 0 0 0.0311578 0.0385449 0.110875 0.137924 0.0963705 0.0720254 0.0483255 0.0379305 0.0551321 0.0622516 0.0399536 0.0383858 0.0387253 0.0188615 0.0210229 0.0206626 0.0136633 0.0103336 0.107855 
1995 0 0.00799687 0.0270813 0.0471775 0.0527637 0.136502 0.104243 0.0660511 0.0731123 0.0345973 0.0345651 0.0346043 0.0553113 0.0415582 0.0315572 0.0207974 0.014924 0.031741 0.0213782 0.0102439 0.153794 
1996 0 0.00436371 0.0421777 0.0520273 0.12011 0.0244393 0.114894 0.0761468 0.0734895 0.0420841 0.0493445 0.0670039 0.038816 0.0387062 0.0425735 0.0286348 0.0227854 0.0246534 0.00694356 0.0140398 0.116767 
1997 0 0 0.0528388 0.0791944 0.0837205 0.0871172 0.0313792 0.114086 0.0518756 0.0526242 0.0419064 0.074737 0.0305529 0.0357966 0.0385777 0.0143646 0.0143235 0.029661 0.0175959 0.0211083 0.12854 
1998 0 0.00468966 0.0431503 0.0564152 0.169637 0.0698289 0.0729049 0.0452093 0.0629533 0.059205 0.0419938 0.0591413 0.0388262 0.0384882 0.0295436 0.0285348 0.0172158 0.0229438 0.00377681 0.0211237 0.114419 
1999 0 0.0245457 0.0459489 0.0586079 0.120263 0.114473 0.0868103 0.0490012 0.0242125 0.0872655 0.0603774 0.0635006 0.0296118 0.039243 0.0290182 0.0222605 0.0262654 0.00705649 0.0145513 0.00347484 0.0935123 
2000 0 0.0127016 0.0886044 0.0987156 0.0594492 0.10137 0.135432 0.0452825 0.0558976 0.0139313 0.0641103 0.0386345 0.0526828 0.0430441 0.0188301 0.0110035 0.0142814 0.0211617 0.0142686 0.0140415 0.0965568 
2001 0 0.0164389 0.0444901 0.19658 0.129251 0.0489301 0.0772002 0.102087 0.0422086 0.0461358 0.032053 0.0391326 0.0396997 0.0259549 0.0360459 0.00777397 0.0115944 0.0034857 0.00339464 0.010684 0.0868602 
2002 0 0.0271212 0.0613302 0.0639092 0.270041 0.107547 0.0789969 0.0345171 0.0909471 0.017927 0.0244098 0.0215222 0.0388771 0.021334 0.0201405 0.0172727 0.0182827 0.00347778 0.00710251 0.00343482 0.0718101 
2003 0 0.0102761 0.0841962 0.091453 0.133046 0.229358 0.0698219 0.0591269 0.0391081 0.0636178 0.0175872 0.0212053 0.0140542 0.0282585 0.0247163 0.0212089 0.013946 0.00352721 0.0034899 0.00723824 0.0647639 
2004 0 0.0174815 0.0487766 0.112098 0.15597 0.110434 0.20435 0.0835307 0.0283514 0.0144236 0.0344657 0.0173078 0.0352135 0.00704451 0.0177281 0.017313 0.00936829 0.00352651 0.00780373 0.0139782 0.0608351 
2005 0 0.00824171 0.0617068 0.0775332 0.189833 0.144584 0.0520036 0.172202 0.0621755 0.0349979 0.0213184 0.0448785 0.021331 0.018648 0.00339142 0.0176499 0.00533542 0.0109503 0.00692596 0.0116687 0.0346246 
2006 0 0 0.0373353 0.0939911 0.09853 0.170734 0.11523 0.083684 0.143503 0.0708022 0.0215922 0.0319594 0.0176452 0.00355522 0.00350771 0.00344996 0.0142938 0.0228816 0.00725294 0.00359446 0.0564573 
2007 0 0.00371624 0.0182242 0.0772488 0.198251 0.114482 0.164016 0.0804862 0.0884233 0.0876422 0.0243914 0.0252339 0.00357976 0.0112519 0.00363857 0.0189541 0.00342642 0.00357976 0.0106771 0.0105204 0.0522568 
2008 0 0.00939065 0.0302577 0.0149085 0.102234 0.187451 0.087184 0.142165 0.06662 0.0824948 0.0972694 0.046209 0.014065 0.0253504 0.0147954 0.00352451 0.00340728 0.00727368 0.014292 0.00739047 0.0437168 
2009 0 0.037847 0.0188097 0.0608085 0.0370765 0.108423 0.174732 0.0942605 0.104774 0.0768141 0.0491153 0.0916397 0.0188423 0.0156142 0.0177202 0.0210684 0.0123924 0 0 0.0171466 0.0429159 
2010 0 0.00930596 0.125205 0.0525551 0.0904324 0.020955 0.0897679 0.113977 0.0794232 0.0978162 0.0697883 0.0171927 0.0814264 0.0506797 0.0036018 0.0248245 0.0106881 0.00706785 0.00344168 0 0.0518518 
2011 0 0.00908029 0.0299126 0.236554 0.0657196 0.0689762 0.0380702 0.0620633 0.115835 0.0592657 0.0907344 0.0541983 0.0314643 0.0332627 0.0172992 0.0157998 0.0106834 0.0200422 0.00679688 0 0.0342415 
2012 0 0.0185089 0.0267411 0.0314116 0.356318 0.0762458 0.0592765 0.0137611 0.060177 0.0703199 0.0567819 0.0563375 0.0536091 0.0316644 0.0327721 0.00711653 0.00365508 0 0.00712863 0 0.0381752 
2013 0 0.011916 0.0743654 0.0565177 0.0877645 0.287213 0.0702398 0.0456391 0.0140652 0.0423385 0.0567793 0.0350917 0.0692068 0.0402073 0.0182557 0.0369548 0.00728218 0.00735691 0.0101673 0.0141202 0.0145192 
end_table
table error_values
1990 300 300 300 300 300 300 300 300 300 300 300 300 300 300 300 300 300 300 300 300 300 
1991 300 300 300 300 300 300 300 300 300 300 300 300 300 300 300 300 300 300 300 300 300 
1992 300 300 300 300 300 300 300 300 300 300 300 300 300 300 300 300 300 300 300 300 300 
1993 300 300 300 300 300 300 300 300 300 300 300 300 300 300 300 300 300 300 300 300 300 
1994 300 300 300 300 300 300 300 300 300 300 300 300 300 300 300 300 300 300 300 300 300 
1995 300 300 300 300 300 300 300 300 300 300 300 300 300 300 300 300 300 300 300 300 300 
1996 300 300 300 300 300 300 300 300 300 300 300 300 300 300 300 300 300 300 300 300 300 
1997 300 300 300 300 300 300 300 300 300 300 300 300 300 300 300 300 300 300 300 300 300 
1998 300 300 300 300 300 300 300 300 300 300 300 300 300 300 300 300 300 300 300 300 300 
1999 300 300 300 300 300 300 300 300 300 300 300 300 300 300 300 300 300 300 300 300 300 
2000 300 300 300 300 300 300 300 300 300 300 300 300 300 300 300 300 300 300 300 300 300 
2001 300 300 300 300 300 300 300 300 300 300 300 300 300 300 300 300 300 300 300 300 300 
2002 300 300 300 300 300 300 300 300 300 300 300 300 300 300 300 300 300 300 300 300 300 
2003 300 300 300 300 300 300 300 300 300 300 300 300 300 300 300 300 300 300 300 300 300 
2004 300 300 300 300 300 300 300 300 300 300 300 300 300 300 300 300 300 300 300 300 300 
2005 300 300 300 300 300 300 300 300 300 300 300 300 300 300 300 300 300 300 300 300 300 
2006 300 300 300 300 300 300 300 300 300 300 300 300 300 300 300 300 300 300 300 300 300 
2007 300 300 300 300 300 300 300 300 300 300 300 300 300 300 300 300 300 300 300 300 300 
2008 300 300 300 300 300 300 300 300 300 300 300 300 300 300 300 300 300 300 300 300 300 
2009 300 300 300 300 300 300 300 300 300 300 300 300 300 300 300 300 300 300 300 300 300 
2010 300 300 300 300 300 300 300 300 300 300 300 300 300 300 300 300 300 300 300 300 300 
2011 300 300 300 300 300 300 300 300 300 300 300 300 300 300 300 300 300 300 300 300 300 
2012 300 300 300 300 300 300 300 300 300 300 300 300 300 300 300 300 300 300 300 300 300 
2013 300 300 300 300 300 300 300 300 300 300 300 300 300 300 300 300 300 300 300 300 300 
end_table

