@observation fishery_age_ALK_BP_sim
age_allocation_method proportional 
ageing_error age_error 
fishery_label Fishing_LL 
layer_of_stratum_definitions area_definition 
process_label fishing 
strata_to_include BP 
type mortality_event_biomass_scaled_age_frequency 
years 1990 1991 1992 1993 1994 1995 1996 1997 1998 1999 2000 2001 2002 2003 2004 2005 2006 2007 2008 2009 2010 2011 2012 2013 
table obs
1990 0 0.00527397 0.0323206 0.0851955 0.123649 0.0946785 0.0667342 0.0905232 0.0560353 0.045368 0.031333 0.0320493 0.0352473 0.0421012 0.0390771 0.0426683 0.0219905 0.0177753 0.0177751 0.022077 0.0981272 
1991 0 0.00528026 0.043311 0.0538619 0.0882707 0.12965 0.0660876 0.0737664 0.0709787 0.0663158 0.046683 0.0284722 0.0562796 0.0347508 0.0280779 0.0245344 0.017554 0.0174501 0.0199683 0.0138305 0.114877 
1992 0 0 0.0334237 0.079618 0.124303 0.0854276 0.0631252 0.0492279 0.0671418 0.0639198 0.0710184 0.021704 0.0537558 0.0495251 0.0315227 0.024929 0.0148892 0.0209282 0.013917 0.0195945 0.112029 
1993 0 0 0.0307055 0.0804918 0.111742 0.114629 0.0759943 0.0657797 0.0622567 0.0523988 0.0415992 0.0421618 0.0248786 0.0413449 0.0139273 0.0185605 0.0137602 0.0242433 0.0354499 0.0186812 0.131396 
1994 0 0.0265399 0.0117373 0.0556202 0.129422 0.105014 0.09763 0.0659309 0.0873882 0.0432872 0.0623128 0.0613892 0.0502929 0.024332 0.0141315 0.0176343 0.0305312 0.0150904 0.0209907 0.015447 0.0652783 
1995 0 0.0268081 0.0989165 0.0352494 0.0698491 0.135275 0.0936677 0.073177 0.0310378 0.0768088 0.0544298 0.039325 0.0343023 0.015535 0.0142605 0.0255199 0.0216186 0.0104582 0.0189876 0.0148962 0.109877 
1996 0 0.0108786 0.0750534 0.222081 0.0558314 0.0769624 0.0838135 0.0558249 0.0597591 0.0149938 0.0331487 0.0456413 0.0285306 0.0313088 0.0216583 0.0326086 0.024821 0.0107833 0.0146327 0.0149627 0.0867056 
1997 0 0.00632692 0.0392413 0.170499 0.263105 0.0245546 0.0837052 0.0559647 0.0562782 0.0468213 0.0350453 0.0321455 0.00356607 0.0254495 0.0213018 0.0226704 0.0212006 0 0.0112942 0.00703834 0.0737927 
1998 0 0.041979 0.0404501 0.0942253 0.167754 0.27285 0.0353649 0.0426872 0.0648404 0.0428356 0.0292144 0.0105874 0.0364581 0.0105046 0.0109557 0.0108893 0.0145483 0.0142136 0.00834169 0.0106523 0.0406485 
1999 0 0.00422648 0.108365 0.100585 0.14498 0.166191 0.213506 0.00688236 0.0215756 0.0212352 0.0410201 0.0187091 0.024241 0.0112022 0 0.0188385 0.0147886 0.00744709 0.00383426 0.00341355 0.0689592 
2000 0 0.0106348 0.0583071 0.233299 0.126187 0.12964 0.122597 0.115587 0.00351774 0.0316802 0.0295111 0.0108908 0.021895 0.00343649 0.0108093 0 0.0184842 0 0.0188603 0.00350112 0.0511622 
2001 0 0.0179628 0.0537941 0.0662338 0.324819 0.100241 0.0724863 0.108451 0.101262 0.0174616 0.0109865 0.024675 0.0103397 0.0107321 0.0142239 0.00377232 0.00686627 0 0.00369102 0.00379466 0.048207 
2002 0 0.0142309 0.0616378 0.104837 0.118506 0.280039 0.0631862 0.0423032 0.1019 0.0736525 0.0141102 0.0139375 0.0137669 0.00835221 0.0103594 0.00355457 0.00342637 0.00947997 0 0.00844848 0.0542713 
2003 0 0.0162663 0.0596602 0.100876 0.144974 0.0828431 0.237579 0.0701045 0.0391643 0.0955877 0.0790766 0.00465015 0.0192431 0.0081577 0 0 0.00345527 0.00734265 0.00694215 0.00365517 0.0204223 
2004 0 0.0148401 0.053403 0.0666467 0.197176 0.134211 0.0655463 0.188022 0.0597381 0.0579187 0.0327787 0.0398681 0.0124778 0.0104595 0.0068582 0.00705446 0.00342118 0.00346543 0.00417254 0 0.0419419 
2005 0 0.0112447 0.0493522 0.108198 0.138101 0.156223 0.12822 0.0554261 0.128908 0.035451 0.0178851 0.046001 0.056657 0.00361783 0 0.00380164 0.014487 0 0.00362575 0 0.0427999 
2006 0 0.00906227 0.0280874 0.150876 0.145367 0.152901 0.102075 0.0865769 0.0498736 0.120481 0.0312041 0.0247141 0.0246614 0.0245788 0.00352691 0.00362641 0 0.00453516 0.00766956 0.00390296 0.026281 
2007 0 0.00443755 0.0320781 0.0566923 0.224492 0.12639 0.0870679 0.0947503 0.0619535 0.0347922 0.148791 0.0213312 0.0220254 0.0110986 0.0331579 0.00697516 0.00350984 0.0085614 0.00399675 0 0.0178995 
2008 0 0.00376055 0.0106706 0.0996621 0.152337 0.170124 0.121648 0.0834602 0.0631661 0.0599827 0.0343411 0.0749022 0.0210198 0.0179596 0.0213508 0.0210484 0.00357692 0.0141027 0 0.00339027 0.0234972 
2009 0 0.00896771 0.021339 0.0391844 0.124775 0.179799 0.162514 0.114846 0.0600659 0.0560087 0.0484231 0.0106002 0.0879537 0.0147553 0.0118044 0.0281255 0.00348626 0 0 0 0.0273512 
2010 0 0.0468213 0.0193567 0.0938313 0.0348934 0.133276 0.126096 0.107824 0.0947928 0.0625005 0.0633183 0.0559078 0.0211221 0.0556023 0.00692466 0.0178162 0.0244463 0.0103333 0.00710542 0 0.0180321 
2011 0 0.0439285 0.111327 0.0520964 0.0772746 0.0488934 0.112824 0.116382 0.0943104 0.0822618 0.0450397 0.0573251 0.0363975 0.0211212 0.0426555 0.00351891 0.0140189 0.0104302 0.0176463 0.00374853 0.00880042 
2012 0 0.0237965 0.111028 0.191865 0.0635766 0.102789 0.0320037 0.050222 0.104149 0.0606088 0.0640436 0.0356892 0.0732937 0.0140583 0.0179642 0.0212578 0.00354121 0.00350942 0.00855623 0.00716783 0.0108796 
2013 0 0.00809257 0.073634 0.225144 0.229111 0.0382333 0.0850685 0.032429 0.0561205 0.063008 0.0421387 0.0501644 0.0139172 0.0253641 0.0033955 0.0113577 0.00680261 0.0111353 0 0 0.0248837 
end_table
table error_values
1990 300 300 300 300 300 300 300 300 300 300 300 300 300 300 300 300 300 300 300 300 300 
1991 300 300 300 300 300 300 300 300 300 300 300 300 300 300 300 300 300 300 300 300 300 
1992 300 300 300 300 300 300 300 300 300 300 300 300 300 300 300 300 300 300 300 300 300 
1993 300 300 300 300 300 300 300 300 300 300 300 300 300 300 300 300 300 300 300 300 300 
1994 300 300 300 300 300 300 300 300 300 300 300 300 300 300 300 300 300 300 300 300 300 
1995 300 300 300 300 300 300 300 300 300 300 300 300 300 300 300 300 300 300 300 300 300 
1996 300 300 300 300 300 300 300 300 300 300 300 300 300 300 300 300 300 300 300 300 300 
1997 300 300 300 300 300 300 300 300 300 300 300 300 300 300 300 300 300 300 300 300 300 
1998 300 300 300 300 300 300 300 300 300 300 300 300 300 300 300 300 300 300 300 300 300 
1999 300 300 300 300 300 300 300 300 300 300 300 300 300 300 300 300 300 300 300 300 300 
2000 300 300 300 300 300 300 300 300 300 300 300 300 300 300 300 300 300 300 300 300 300 
2001 300 300 300 300 300 300 300 300 300 300 300 300 300 300 300 300 300 300 300 300 300 
2002 300 300 300 300 300 300 300 300 300 300 300 300 300 300 300 300 300 300 300 300 300 
2003 300 300 300 300 300 300 300 300 300 300 300 300 300 300 300 300 300 300 300 300 300 
2004 300 300 300 300 300 300 300 300 300 300 300 300 300 300 300 300 300 300 300 300 300 
2005 300 300 300 300 300 300 300 300 300 300 300 300 300 300 300 300 300 300 300 300 300 
2006 300 300 300 300 300 300 300 300 300 300 300 300 300 300 300 300 300 300 300 300 300 
2007 300 300 300 300 300 300 300 300 300 300 300 300 300 300 300 300 300 300 300 300 300 
2008 300 300 300 300 300 300 300 300 300 300 300 300 300 300 300 300 300 300 300 300 300 
2009 300 300 300 300 300 300 300 300 300 300 300 300 300 300 300 300 300 300 300 300 300 
2010 300 300 300 300 300 300 300 300 300 300 300 300 300 300 300 300 300 300 300 300 300 
2011 300 300 300 300 300 300 300 300 300 300 300 300 300 300 300 300 300 300 300 300 300 
2012 300 300 300 300 300 300 300 300 300 300 300 300 300 300 300 300 300 300 300 300 300 
2013 300 300 300 300 300 300 300 300 300 300 300 300 300 300 300 300 300 300 300 300 300 
end_table

