@observation fishery_age_ALK_HG_sim
age_allocation_method proportional 
ageing_error age_error 
fishery_label Fishing_LL 
layer_of_stratum_definitions area_definition 
process_label fishing 
strata_to_include HG 
type mortality_event_biomass_scaled_age_frequency 
years 1990 1991 1992 1993 1994 1995 1996 1997 1998 1999 2000 2001 2002 2003 2004 2005 2006 2007 2008 2009 2010 2011 2012 2013 
table obs
1990 0 0.0035216 0.0368355 0.0919068 0.0702434 0.117613 0.0618836 0.0937776 0.0421451 0.0591295 0.0387866 0.0453346 0.0354002 0.0393304 0.0177168 0.0309311 0.0262854 0.0346945 0.0142351 0.0139974 0.126232 
1991 0 0.0116072 0.0412951 0.0468199 0.0979563 0.114521 0.0518844 0.0865862 0.0591328 0.0417935 0.0355549 0.0489047 0.0504038 0.0346714 0.0352991 0.0324684 0.0216845 0.0319577 0.0158355 0.0226951 0.118929 
1992 0 0.00379859 0.050422 0.0560557 0.0868837 0.100691 0.0970436 0.0693786 0.0769886 0.0419409 0.049924 0.0529064 0.0279949 0.0212025 0.0291073 0.0291355 0.0250026 0.0143026 0.00697795 0.0258043 0.134439 
1993 0 0 0.0106047 0.0885132 0.0690812 0.120548 0.089478 0.0590642 0.0797104 0.0772092 0.0631266 0.0421638 0.0276783 0.0351921 0.0216967 0.0245155 0.00366055 0.0108881 0.0294472 0.0323835 0.115039 
1994 0 0 0.0121049 0.0250655 0.146494 0.0965222 0.0757663 0.079513 0.0448666 0.0549831 0.0416788 0.083986 0.0517221 0.0206504 0.042389 0.0241843 0.0346455 0.0208372 0.0172595 0.0242619 0.103069 
1995 0 0.00799687 0.0249343 0.0704886 0.0348789 0.149938 0.0837707 0.0767014 0.0796381 0.0695052 0.0552975 0.042302 0.0242192 0.0414493 0.0312872 0.0342353 0.0138141 0.0176141 0.0241518 0.00700963 0.110768 
1996 0 0.00436371 0.0464092 0.0578147 0.0996803 0.0386081 0.104527 0.0660993 0.09434 0.0486746 0.0387974 0.0598316 0.0247075 0.045201 0.0282111 0.0493426 0.031394 0.0335161 0.025356 0.017855 0.0852707 
1997 0 0 0.0322869 0.124737 0.0554062 0.083928 0.0273872 0.12851 0.0765285 0.0600693 0.0564009 0.0284043 0.0533872 0.0319268 0.0319054 0.0290199 0.0358861 0.0177854 0.0144245 0.0114806 0.100525 
1998 0 0.0102725 0.00812429 0.0826554 0.20418 0.0766361 0.0662205 0.0239473 0.0835725 0.0601306 0.0638176 0.0313361 0.0141313 0.00705053 0.0348791 0.0142562 0.0244137 0.0263923 0.0287123 0.0141375 0.125134 
1999 0 0.0282511 0.0380298 0.0516893 0.119843 0.15297 0.0699947 0.0452121 0.0241726 0.0703344 0.042419 0.0885934 0.0319941 0.0176979 0.0285211 0.0397917 0.0104914 0.0075077 0.025367 0.00835196 0.0987677 
2000 0 0.0156514 0.096276 0.0600331 0.0699527 0.146349 0.163537 0.0384208 0.0420382 0.0142565 0.0459822 0.0529799 0.0208339 0.0213944 0.0143819 0.0260676 0.0184697 0.0143486 0.0184889 0.0106008 0.109937 
2001 0 0.012917 0.0340745 0.214224 0.139427 0.0663078 0.0633501 0.0740867 0.0425362 0.0491814 0.0148382 0.0495043 0.0252494 0.0432013 0.0225381 0.0272141 0.00713743 0.00719416 0.0263974 0.00362544 0.0769952 
2002 0 0.0268361 0.058538 0.0944874 0.224482 0.111289 0.0763905 0.0485265 0.066461 0.0384372 0.0138409 0.00349295 0.0426071 0.0355663 0.0322554 0.0106451 0.0172854 0.00358711 0.0144162 0.010453 0.0704027 
2003 0 0.0101921 0.076209 0.119973 0.122176 0.223763 0.0664884 0.0592443 0.0691489 0.0526457 0.0105715 0.0246052 0.00701711 0.0181349 0.0174814 0.0143299 0.00696221 0.00724005 0.0184409 0.00747452 0.0679011 
2004 0 0.021275 0.0164102 0.188523 0.149391 0.110585 0.159266 0.073659 0.031586 0.0414719 0.0418584 0.0136749 0.0140107 0.0182112 0.0178378 0.0197555 0.0138318 0.00373569 0 0.0137702 0.0511465 
2005 0 0.00434706 0.0594832 0.0554616 0.207737 0.151701 0.0794698 0.134629 0.053173 0.0379123 0.0388353 0.0303611 0.024945 0.014182 0 0.00685316 0.015823 0.00689184 0.00337102 0.00691142 0.067912 
2006 0 0 0.0247952 0.117469 0.0905174 0.188844 0.12224 0.0592339 0.11657 0.0523481 0.0315297 0.045587 0.0286177 0.00351141 0.0105451 0.00355522 0.0232419 0.00350771 0.00383879 0.0224007 0.0516471 
2007 0 0.00725187 0.00761983 0.0770808 0.163427 0.128763 0.167399 0.0733083 0.0679752 0.105051 0.029823 0.0137668 0.0279821 0.0209563 0.00708941 0.00710055 0.0104941 0.0246326 0.0140124 0.00416399 0.042102 
2008 0 0.0173948 0.0114375 0.0329989 0.120259 0.21504 0.0939851 0.11089 0.0348053 0.0462933 0.106856 0.035932 0.0176804 0.0353709 0.0231696 0.00352451 0.0151258 0.0111407 0.0106191 0.00352451 0.0539524 
2009 0 0.0418433 0.0227808 0.0641254 0.0218793 0.12954 0.195383 0.0909964 0.102971 0.0418243 0.0490067 0.0705201 0.0419345 0.0192958 0.0174323 0.0143356 0.0104747 0 0 0.0104743 0.0551819 
2010 0 0.0165565 0.128133 0.0458811 0.0868219 0.0206959 0.138551 0.13766 0.0691678 0.108379 0.0486681 0.0282457 0.0567737 0.0195697 0.0106833 0.0209836 0.0215815 0.00370844 0.00407022 0.0034535 0.0304161 
2011 0 0.00908029 0.0183778 0.261656 0.0796995 0.086206 0.0315576 0.0452192 0.1285 0.0564112 0.0737788 0.0447603 0.0355596 0.0394022 0.0242167 0.00793966 0.015082 0.0199817 0.00357878 0.00358385 0.0154091 
2012 0 0.0220078 0.0328509 0.0430889 0.327683 0.0761884 0.0595525 0.0246654 0.0679042 0.098889 0.0184071 0.0605962 0.0356107 0.0139749 0.0451132 0.0141645 0.00694721 0.00365508 0 0 0.048701 
2013 0 0 0.0682356 0.0537926 0.112251 0.283102 0.0668164 0.0493174 0.0141711 0.0340784 0.0889118 0.0244171 0.0437872 0.0292302 0.0331095 0.0546575 0.0115252 0 0 0.01065 0.0219469 
end_table
table error_values
1990 300 300 300 300 300 300 300 300 300 300 300 300 300 300 300 300 300 300 300 300 300 
1991 300 300 300 300 300 300 300 300 300 300 300 300 300 300 300 300 300 300 300 300 300 
1992 300 300 300 300 300 300 300 300 300 300 300 300 300 300 300 300 300 300 300 300 300 
1993 300 300 300 300 300 300 300 300 300 300 300 300 300 300 300 300 300 300 300 300 300 
1994 300 300 300 300 300 300 300 300 300 300 300 300 300 300 300 300 300 300 300 300 300 
1995 300 300 300 300 300 300 300 300 300 300 300 300 300 300 300 300 300 300 300 300 300 
1996 300 300 300 300 300 300 300 300 300 300 300 300 300 300 300 300 300 300 300 300 300 
1997 300 300 300 300 300 300 300 300 300 300 300 300 300 300 300 300 300 300 300 300 300 
1998 300 300 300 300 300 300 300 300 300 300 300 300 300 300 300 300 300 300 300 300 300 
1999 300 300 300 300 300 300 300 300 300 300 300 300 300 300 300 300 300 300 300 300 300 
2000 300 300 300 300 300 300 300 300 300 300 300 300 300 300 300 300 300 300 300 300 300 
2001 300 300 300 300 300 300 300 300 300 300 300 300 300 300 300 300 300 300 300 300 300 
2002 300 300 300 300 300 300 300 300 300 300 300 300 300 300 300 300 300 300 300 300 300 
2003 300 300 300 300 300 300 300 300 300 300 300 300 300 300 300 300 300 300 300 300 300 
2004 300 300 300 300 300 300 300 300 300 300 300 300 300 300 300 300 300 300 300 300 300 
2005 300 300 300 300 300 300 300 300 300 300 300 300 300 300 300 300 300 300 300 300 300 
2006 300 300 300 300 300 300 300 300 300 300 300 300 300 300 300 300 300 300 300 300 300 
2007 300 300 300 300 300 300 300 300 300 300 300 300 300 300 300 300 300 300 300 300 300 
2008 300 300 300 300 300 300 300 300 300 300 300 300 300 300 300 300 300 300 300 300 300 
2009 300 300 300 300 300 300 300 300 300 300 300 300 300 300 300 300 300 300 300 300 300 
2010 300 300 300 300 300 300 300 300 300 300 300 300 300 300 300 300 300 300 300 300 300 
2011 300 300 300 300 300 300 300 300 300 300 300 300 300 300 300 300 300 300 300 300 300 
2012 300 300 300 300 300 300 300 300 300 300 300 300 300 300 300 300 300 300 300 300 300 
2013 300 300 300 300 300 300 300 300 300 300 300 300 300 300 300 300 300 300 300 300 300 
end_table

