@observation fishery_age_ALK_EN_sim
age_allocation_method proportional 
ageing_error age_error 
fishery_label Fishing_LL 
layer_of_stratum_definitions area_definition 
process_label fishing 
strata_to_include EN 
type mortality_event_biomass_scaled_age_frequency 
years 1990 1991 1992 1993 1994 1995 1996 1997 1998 1999 2000 2001 2002 2003 2004 2005 2006 2007 2008 2009 2010 2011 2012 2013 
table obs
1990 0 0 0.0340815 0.0568265 0.0782371 0.101345 0.0945 0.0881839 0.0660567 0.0665665 0.05593 0.0423414 0.0211728 0.0426525 0.0104679 0.0353412 0.0139251 0.0139496 0.0313628 0.0104449 0.136614 
1991 0 0.0263898 0.024916 0.0674916 0.0910727 0.101865 0.0975232 0.0765356 0.0805891 0.0697347 0.0450151 0.0172769 0.0317755 0.0172973 0.0249155 0.0212883 0.03206 0.028449 0.0179286 0.0247058 0.10317 
1992 0 0.0036883 0.0953235 0.0818542 0.0840551 0.0909579 0.0660807 0.0521604 0.0568698 0.0631097 0.0357854 0.0566056 0.0390521 0.0596037 0.0207948 0.0146319 0.0187904 0.0174209 0.00733876 0.024701 0.111176 
1993 0 0.0111581 0.0145711 0.212214 0.086584 0.0665081 0.0625047 0.0660464 0.0626499 0.0497107 0.035067 0.0245548 0.0348878 0.0493813 0.0283123 0.0220069 0.0255366 0.0104723 0.0175236 0.0146493 0.105661 
1994 0 0.00704115 0.0332005 0.0210672 0.29939 0.0659955 0.0863012 0.0620463 0.0445375 0.0477408 0.0342189 0.0138251 0.0275005 0.0396232 0.0205356 0.0181801 0.0138402 0.0163201 0.0275384 0.0252456 0.0958526 
1995 0 0.00502375 0.0293769 0.0752489 0.020842 0.316971 0.0833685 0.0417588 0.052959 0.0449733 0.0356944 0.0417687 0.0348445 0.0209701 0.0281429 0.0293198 0.00692634 0.0146656 0.00697092 0.0208022 0.0893723 
1996 0 0 0.0310436 0.0698793 0.128886 0.0382314 0.248007 0.0554361 0.0660948 0.0420394 0.0384843 0.0487037 0.02475 0.0376037 0.0288929 0.0138829 0.0283357 0.00354817 0.00696213 0 0.0892195 
1997 0 0.0186672 0.00695893 0.0725311 0.0933455 0.0996058 0.0483988 0.258515 0.0413928 0.0379391 0.0282387 0.066526 0.0593039 0.0316764 0.0125184 0.0219036 0.00700443 0.0102252 0.0103658 0.00350746 0.0713758 
1998 0 0.0205729 0.0550626 0.024195 0.141664 0.0855696 0.106581 0.0277012 0.22281 0.0588592 0.0319511 0.0207269 0.00721133 0.0206761 0.0069872 0.0280725 0.013882 0.0258632 0.00768406 0.0201127 0.0738172 
1999 0 0.00844738 0.0517181 0.14341 0.0522174 0.111294 0.104405 0.0916137 0.0281518 0.118709 0.0613009 0.024517 0.0259413 0.0210998 0.0175284 0.0142006 0.0145254 0.00361534 0.0111984 0.0190488 0.0770575 
2000 0 0.0136732 0.0627564 0.0864295 0.224126 0.01721 0.113361 0.0582708 0.0487549 0.0273684 0.124727 0.0356112 0.0213791 0.0263986 0.0105614 0.0203576 0.0102991 0.0178052 0.0193711 0.00680962 0.0547303 
2001 0 0 0.07653 0.114084 0.102209 0.170829 0.0446578 0.0559451 0.0728081 0.0451557 0.0140232 0.0885413 0.027844 0.0284049 0.00703624 0.0176095 0.014241 0.0169591 0.00710899 0.0142769 0.0817359 
2002 0 0.010294 0.0222818 0.130627 0.142991 0.179834 0.124907 0.0208919 0.0486087 0.051824 0.0584752 0.0104576 0.0842069 0.0211699 0.00762654 0.010666 0.011948 0.00362336 0 0.00337046 0.0561968 
2003 0 0.0075852 0.0443452 0.0418151 0.202688 0.134318 0.13808 0.135473 0.0209645 0.0386861 0.0180267 0.0288525 0.0138585 0.0866794 0.0128433 0 0.0071225 0 0.0182508 0.0107831 0.0396272 
2004 0 0.0311022 0.0348152 0.100038 0.0596709 0.195339 0.0945861 0.0984269 0.0973935 0.0458459 0.035673 0.0330574 0.0248256 0.00362634 0.0460175 0.018158 0.0173556 0.00350613 0.00747751 0.00404252 0.0490426 
2005 0 0.00402304 0.0853261 0.0878949 0.153501 0.069655 0.178696 0.0802679 0.066185 0.0668996 0.00349189 0.0208154 0.0428436 0.0104682 0.00705114 0.036197 0.0144939 0.00743658 0.0206696 0.00342972 0.0406545 
2006 0 0.004701 0.0125673 0.173414 0.10028 0.173416 0.052264 0.118149 0.0623431 0.0554466 0.0948526 0.00692936 0.0212813 0.0323777 0.013896 0.00339315 0.0315229 0.00346468 0.00709679 0 0.0326044 
2007 0 0.00388898 0.0118619 0.020639 0.282395 0.110871 0.113666 0.0279208 0.112745 0.0628457 0.0771193 0.0390497 0.00688161 0.0143298 0.0144669 0.0117517 0.00340641 0.0223727 0 0.0105676 0.0532202 
2008 0 0.00812511 0.0302445 0.00693775 0.0429306 0.309777 0.0761666 0.0972609 0.0596428 0.070174 0.0672435 0.0455265 0.0645491 0 0.0214985 0.0144385 0.0109795 0.00359012 0.0257014 0.0074446 0.0377695 
2009 0 0.0182005 0.0453616 0.0780742 0.0176562 0.0447895 0.278196 0.0894087 0.0902848 0.0285469 0.0685979 0.0519294 0.0407269 0.0240339 0.0174084 0.0208253 0.0110316 0 0.00387787 0.0242825 0.0467674 
2010 0 0 0.0521033 0.0634255 0.0981375 0.0276386 0.0277243 0.244119 0.0870572 0.0870409 0.0240946 0.0656517 0.03945 0.0557198 0.0384316 0 0.0137359 0.0104711 0.0103415 0.00347668 0.051381 
2011 0 0.0168961 0.0279178 0.122423 0.0826441 0.14289 0.0446525 0.0240776 0.204989 0.0456813 0.0657729 0.0069932 0.0546679 0.0213144 0.024542 0.050175 0.00345432 0.00697429 0.00344813 0.00379414 0.0466928 
2012 0 0.0310085 0.0780637 0.0207724 0.159597 0.107143 0.0833495 0.0314487 0.0138519 0.154621 0.0357223 0.0618316 0.0245596 0.0425631 0.0138206 0.0104227 0.0507276 0 0.0155287 0.0141089 0.0508587 
2013 0 0.00758288 0.124125 0.097844 0.041787 0.171606 0.0841776 0.0732182 0.0244684 0.017198 0.127971 0.0418171 0.045836 0.0110526 0.0178975 0.0141428 0.0209459 0.0326008 0.00340525 0.00706491 0.0352588 
end_table
table error_values
1990 300 300 300 300 300 300 300 300 300 300 300 300 300 300 300 300 300 300 300 300 300 
1991 300 300 300 300 300 300 300 300 300 300 300 300 300 300 300 300 300 300 300 300 300 
1992 300 300 300 300 300 300 300 300 300 300 300 300 300 300 300 300 300 300 300 300 300 
1993 300 300 300 300 300 300 300 300 300 300 300 300 300 300 300 300 300 300 300 300 300 
1994 300 300 300 300 300 300 300 300 300 300 300 300 300 300 300 300 300 300 300 300 300 
1995 300 300 300 300 300 300 300 300 300 300 300 300 300 300 300 300 300 300 300 300 300 
1996 300 300 300 300 300 300 300 300 300 300 300 300 300 300 300 300 300 300 300 300 300 
1997 300 300 300 300 300 300 300 300 300 300 300 300 300 300 300 300 300 300 300 300 300 
1998 300 300 300 300 300 300 300 300 300 300 300 300 300 300 300 300 300 300 300 300 300 
1999 300 300 300 300 300 300 300 300 300 300 300 300 300 300 300 300 300 300 300 300 300 
2000 300 300 300 300 300 300 300 300 300 300 300 300 300 300 300 300 300 300 300 300 300 
2001 300 300 300 300 300 300 300 300 300 300 300 300 300 300 300 300 300 300 300 300 300 
2002 300 300 300 300 300 300 300 300 300 300 300 300 300 300 300 300 300 300 300 300 300 
2003 300 300 300 300 300 300 300 300 300 300 300 300 300 300 300 300 300 300 300 300 300 
2004 300 300 300 300 300 300 300 300 300 300 300 300 300 300 300 300 300 300 300 300 300 
2005 300 300 300 300 300 300 300 300 300 300 300 300 300 300 300 300 300 300 300 300 300 
2006 300 300 300 300 300 300 300 300 300 300 300 300 300 300 300 300 300 300 300 300 300 
2007 300 300 300 300 300 300 300 300 300 300 300 300 300 300 300 300 300 300 300 300 300 
2008 300 300 300 300 300 300 300 300 300 300 300 300 300 300 300 300 300 300 300 300 300 
2009 300 300 300 300 300 300 300 300 300 300 300 300 300 300 300 300 300 300 300 300 300 
2010 300 300 300 300 300 300 300 300 300 300 300 300 300 300 300 300 300 300 300 300 300 
2011 300 300 300 300 300 300 300 300 300 300 300 300 300 300 300 300 300 300 300 300 300 
2012 300 300 300 300 300 300 300 300 300 300 300 300 300 300 300 300 300 300 300 300 300 
2013 300 300 300 300 300 300 300 300 300 300 300 300 300 300 300 300 300 300 300 300 300 
end_table

