@observation fishery_age_ALK_BP_sim
age_allocation_method proportional 
ageing_error age_error 
fishery_label Fishing_LL 
layer_of_stratum_definitions area_definition 
process_label fishing 
strata_to_include BP 
type mortality_event_biomass_scaled_age_frequency 
years 1990 1991 1992 1993 1994 1995 1996 1997 1998 1999 2000 2001 2002 2003 2004 2005 2006 2007 2008 2009 2010 2011 2012 2013 
table obs
1990 0 0.00527398 0.0250648 0.0714624 0.0642013 0.133711 0.076507 0.108617 0.0351491 0.0492447 0.049553 0.0522889 0.038588 0.0351387 0.0386211 0.013904 0.029101 0.0394337 0.00719901 0.0108232 0.116119 
1991 0 0.0089053 0.0252487 0.0702881 0.0783574 0.116044 0.0950113 0.0729694 0.0765736 0.0708151 0.0452488 0.0349183 0.0411664 0.0208736 0.0337038 0.0283586 0.0255733 0.0173339 0.0176221 0.0213996 0.0995885 
1992 0 0.00340053 0.0349263 0.0676621 0.113917 0.0778555 0.0740054 0.0640546 0.0551386 0.0779603 0.0497677 0.0422681 0.0353329 0.0137889 0.0420684 0.0218986 0.0213309 0.0139051 0.0176713 0.0108095 0.162238 
1993 0 0 0.0449147 0.0452341 0.139248 0.114977 0.0629231 0.0590348 0.0625633 0.0625783 0.0276658 0.0594268 0.0346665 0.0349289 0.0411531 0.031885 0.0187469 0.0227583 0.0170822 0.0220128 0.0982007 
1994 0 0.0265399 0.0164348 0.0538231 0.108909 0.136418 0.0698717 0.0873394 0.0485539 0.0627578 0.0464323 0.0349593 0.0418657 0.0582181 0.0245389 0.0219542 0.0147129 0.01584 0.0139622 0.0139638 0.102906 
1995 0 0.019662 0.10602 0.0284466 0.0764379 0.13237 0.0765952 0.0945944 0.0491871 0.020903 0.0496296 0.0488354 0.0329671 0.0354628 0.0332264 0.0248975 0.0144995 0.0212701 0.0178436 0.021742 0.0954097 
1996 0 0.0108786 0.0610018 0.230102 0.0484998 0.101214 0.0733725 0.0626681 0.0384037 0.0460719 0.032826 0.0429651 0.0137323 0.0494741 0.0226614 0.0138541 0.0214146 0.0105039 0.00722688 0.0250969 0.0880321 
1997 0 0.00986715 0.042294 0.16387 0.245502 0.0557665 0.0630161 0.0598031 0.0702865 0.0245338 0.0214007 0.0393132 0.0431009 0.0220766 0.006925 0.0246914 0.00356806 0.0187848 0 0.00788955 0.0773102 
1998 0 0.0312685 0.050955 0.0987247 0.226023 0.22833 0.0282059 0.0459334 0.053127 0.0392282 0.0215702 0.0324161 0.00725403 0.032236 0.0104117 0.010605 0.0037095 0.00374905 0.00454388 0.0108139 0.0608944 
1999 0 0.00353536 0.132355 0.102371 0.113702 0.173055 0.178284 0.0389005 0.011004 0.021175 0.0183585 0.0218374 0.025308 0.0278346 0.0221437 0.0103605 0.018862 0.00743289 0.00345036 0.0113028 0.0587275 
2000 0 0.00652233 0.0260709 0.234905 0.132801 0.136462 0.12317 0.164519 0.0105658 0.0209974 0.0209702 0.019464 0.011317 0.010955 0.0122131 0.00682132 0.0187807 0 0.00370632 0 0.0397597 
2001 0 0.00943102 0.0497906 0.0609979 0.332432 0.12059 0.0937171 0.0794949 0.0951677 0.0109385 0.0318467 0.0146297 0.00345476 0.0179708 0.0139631 0.00345476 0.00359002 0.00718003 0 0.00758931 0.0437611 
2002 0 0.0140135 0.0675813 0.105193 0.118601 0.273742 0.0668293 0.0697352 0.088133 0.0810555 0.00724449 0.0103542 0.00687996 0.0128169 0.00712692 0 0.00350105 0.00350105 0.0105345 0.00342637 0.0497309 
2003 0 0.0169925 0.0373205 0.12237 0.141688 0.100555 0.212539 0.0629906 0.0667295 0.096287 0.0566992 0.0120404 0.00383565 0.0140823 0 0 0.00345527 0.0169182 0.00697375 0.00494368 0.0235797 
2004 0 0.0152928 0.0596661 0.0562606 0.180329 0.0994468 0.0665881 0.275334 0.0532722 0.0419006 0.0498445 0.0397809 0.00966383 0.017911 0.0088553 0.00763797 0 0.00356779 0 0 0.0146485 
2005 0 0.00764111 0.0528252 0.132011 0.125336 0.161746 0.0972108 0.0629486 0.149635 0.031918 0.0290328 0.0425793 0.0496823 0.00705674 0.0035392 0.0208482 0 0 0.00355596 0 0.0224332 
2006 0 0.00784121 0.0380069 0.107833 0.176496 0.097264 0.133033 0.0808468 0.0842228 0.116291 0.0460709 0.0252481 0.043354 0.0175052 0.00742987 0 0.00418249 0 0.00342238 0.00390296 0.00704879 
2007 0 0 0.0399433 0.085297 0.171975 0.146653 0.079831 0.0943611 0.0907397 0.0278508 0.129029 0.0301553 0.0280453 0.0177231 0.0350184 0 0.00443978 0.00488288 0 0 0.0140552 
2008 0 0.00714505 0.00714505 0.110175 0.141392 0.174338 0.107499 0.0789717 0.0978535 0.0644223 0.0139258 0.0603428 0.0206656 0.025195 0.0176304 0.0211589 0.00376055 0.0109081 0.00338633 0.0065857 0.0274989 
2009 0 0.00896771 0.0323834 0.0420242 0.117507 0.19388 0.142042 0.147008 0.056348 0.0487928 0.0453379 0.0106116 0.0626977 0.029449 0.00358469 0.029554 0.0109037 0 0 0 0.0189075 
2010 0 0.0422325 0.0357986 0.0633172 0.0356291 0.1441 0.136867 0.12224 0.0736883 0.0489738 0.0559692 0.0595357 0.0420071 0.0766827 0.0138819 0.0105173 0.0104887 0.00350769 0.0103728 0 0.014191 
2011 0 0.0479429 0.0860738 0.0526587 0.105319 0.0767378 0.0951595 0.124462 0.0980644 0.0973157 0.05177 0.0493745 0.0333111 0.020663 0.0214974 0.0123309 0.00351891 0 0.0125272 0 0.0112741 
2012 0 0.0232213 0.0933246 0.203099 0.0603225 0.0958132 0.0249817 0.0750893 0.0641329 0.0751875 0.0686762 0.0280543 0.064775 0.014792 0.0108483 0.0293196 0.00354121 0.0284554 0.0116479 0.00731418 0.0174041 
2013 0 0.00922033 0.0865166 0.211172 0.231972 0.0380274 0.0986334 0.0454578 0.0611864 0.0528031 0.0361018 0.034971 0.0209659 0.0252732 0.00347991 0.00724585 0.0109449 0.00736233 0 0.00760397 0.0110613 
end_table
table error_values
1990 300 300 300 300 300 300 300 300 300 300 300 300 300 300 300 300 300 300 300 300 300 
1991 300 300 300 300 300 300 300 300 300 300 300 300 300 300 300 300 300 300 300 300 300 
1992 300 300 300 300 300 300 300 300 300 300 300 300 300 300 300 300 300 300 300 300 300 
1993 300 300 300 300 300 300 300 300 300 300 300 300 300 300 300 300 300 300 300 300 300 
1994 300 300 300 300 300 300 300 300 300 300 300 300 300 300 300 300 300 300 300 300 300 
1995 300 300 300 300 300 300 300 300 300 300 300 300 300 300 300 300 300 300 300 300 300 
1996 300 300 300 300 300 300 300 300 300 300 300 300 300 300 300 300 300 300 300 300 300 
1997 300 300 300 300 300 300 300 300 300 300 300 300 300 300 300 300 300 300 300 300 300 
1998 300 300 300 300 300 300 300 300 300 300 300 300 300 300 300 300 300 300 300 300 300 
1999 300 300 300 300 300 300 300 300 300 300 300 300 300 300 300 300 300 300 300 300 300 
2000 300 300 300 300 300 300 300 300 300 300 300 300 300 300 300 300 300 300 300 300 300 
2001 300 300 300 300 300 300 300 300 300 300 300 300 300 300 300 300 300 300 300 300 300 
2002 300 300 300 300 300 300 300 300 300 300 300 300 300 300 300 300 300 300 300 300 300 
2003 300 300 300 300 300 300 300 300 300 300 300 300 300 300 300 300 300 300 300 300 300 
2004 300 300 300 300 300 300 300 300 300 300 300 300 300 300 300 300 300 300 300 300 300 
2005 300 300 300 300 300 300 300 300 300 300 300 300 300 300 300 300 300 300 300 300 300 
2006 300 300 300 300 300 300 300 300 300 300 300 300 300 300 300 300 300 300 300 300 300 
2007 300 300 300 300 300 300 300 300 300 300 300 300 300 300 300 300 300 300 300 300 300 
2008 300 300 300 300 300 300 300 300 300 300 300 300 300 300 300 300 300 300 300 300 300 
2009 300 300 300 300 300 300 300 300 300 300 300 300 300 300 300 300 300 300 300 300 300 
2010 300 300 300 300 300 300 300 300 300 300 300 300 300 300 300 300 300 300 300 300 300 
2011 300 300 300 300 300 300 300 300 300 300 300 300 300 300 300 300 300 300 300 300 300 
2012 300 300 300 300 300 300 300 300 300 300 300 300 300 300 300 300 300 300 300 300 300 
2013 300 300 300 300 300 300 300 300 300 300 300 300 300 300 300 300 300 300 300 300 300 
end_table

