@observation fishery_age_ALK_HG_sim
age_allocation_method proportional 
ageing_error age_error 
fishery_label Fishing_LL 
layer_of_stratum_definitions area_definition 
process_label fishing 
strata_to_include HG 
type mortality_event_biomass_scaled_age_frequency 
years 1990 1991 1992 1993 1994 1995 1996 1997 1998 1999 2000 2001 2002 2003 2004 2005 2006 2007 2008 2009 2010 2011 2012 2013 
table obs
1990 0 0.00858634 0.0449156 0.0683894 0.0873443 0.072885 0.107164 0.0833707 0.0632126 0.0349472 0.053691 0.0630012 0.0311167 0.0104733 0.0256091 0.0248676 0.0243441 0.0250217 0.0192946 0.0248312 0.126935 
1991 0 0.00800946 0.0447767 0.0639955 0.094845 0.0801912 0.0933946 0.0663874 0.0764943 0.0351794 0.0633754 0.0604782 0.0362718 0.0555742 0.0389087 0.0212416 0.0211291 0.0142359 0.00741873 0.00360062 0.114492 
1992 0 0 0.0367043 0.0734866 0.0622106 0.0728514 0.0872878 0.0870986 0.0626184 0.0632727 0.0489717 0.0503374 0.0391096 0.0608555 0.0386669 0.0179274 0.0177271 0.0255889 0.0317281 0.0192275 0.10433 
1993 0 0 0.0155619 0.0874161 0.0828511 0.120669 0.0722379 0.0895832 0.0663438 0.0592673 0.038676 0.0426119 0.0418483 0.0427495 0.0212051 0.017163 0.0142943 0.0207669 0.0177114 0.0192598 0.129783 
1994 0 0.00467146 0.0212536 0.0249839 0.115839 0.08951 0.110342 0.100047 0.0654904 0.0740953 0.0415243 0.0306706 0.0414927 0.0377742 0.0381147 0.0242434 0.0175282 0.0171997 0.0173256 0.0171945 0.110699 
1995 0 0.0148983 0.019479 0.0318153 0.0430398 0.161457 0.0942222 0.0659875 0.0695218 0.041644 0.0452038 0.0628415 0.0313684 0.0326382 0.0350807 0.0275602 0.027859 0.0137885 0.0275354 0.0213226 0.132737 
1996 0 0.0117484 0.0529251 0.0549664 0.0787051 0.0241779 0.108105 0.0832577 0.0979029 0.0561373 0.0629748 0.0348145 0.0424981 0.0314618 0.0252027 0.0318331 0.014098 0.0347009 0.0176186 0.0215847 0.115286 
1997 0 0 0.0220854 0.124594 0.0799389 0.0837359 0.0312341 0.10782 0.0558044 0.0628645 0.0486218 0.0451793 0.0464974 0.0319031 0.0356475 0.0179876 0.0399662 0.0137958 0.0213994 0.00724646 0.123678 
1998 0 0.0102725 0.0143298 0.0874557 0.137493 0.0873498 0.0975974 0.0243026 0.100935 0.0558804 0.0315773 0.0310888 0.0461895 0.0507524 0.0247753 0.0107098 0.0144245 0.0390312 0.0244977 0.0228758 0.0884614 
1999 0 0.0324735 0.0305477 0.0614959 0.10956 0.184831 0.0522796 0.0242918 0.0313218 0.062465 0.0350407 0.0526634 0.0474473 0.0213769 0.0215971 0.0218291 0.0327975 0.0177526 0.0108452 0.0190645 0.13032 
2000 0 0.018582 0.0790403 0.102428 0.0944627 0.10769 0.160248 0.0384216 0.0562751 0.0142828 0.0319313 0.0519721 0.0358511 0.0316315 0.0104878 0.0146476 0.0225459 0.0108184 0.0103544 0.00749503 0.100834 
2001 0 0.00405083 0.0463966 0.227866 0.118609 0.0735522 0.066782 0.0875563 0.021142 0.0434636 0.0249266 0.0544144 0.039526 0.018692 0.0215397 0.0343053 0.010275 0.0104036 0.0109002 0.0145024 0.0710962 
2002 0 0.026463 0.0404904 0.0782977 0.249271 0.114012 0.0761028 0.0549929 0.0452628 0.0317147 0.0176334 0.00720469 0.0527431 0.0382836 0.0213205 0.0174818 0.0215038 0.0186321 0.0201311 0 0.0684577 
2003 0 0.017755 0.0833911 0.0851844 0.14653 0.219924 0.0693798 0.0281176 0.0594452 0.0837709 0.0209701 0.0178481 0.0138846 0.0235773 0.0179563 0.00699284 0.0108533 0 0.00785666 0.0209479 0.0656151 
2004 0 0.026132 0.0193035 0.150786 0.13833 0.127871 0.176566 0.0623387 0.051883 0.0349038 0.055256 0.0103578 0.0108565 0.0147932 0 0.0208484 0 0.0252716 0.017319 0.00706542 0.0501176 
2005 0 0.0118267 0.0662729 0.0590253 0.207369 0.158314 0.0693195 0.141252 0.0375891 0.032934 0.0347012 0.0702665 0.0140904 0.0176542 0.010553 0.00728882 0.00349358 0.00699083 0.00689102 0.00366799 0.0404994 
2006 0 0 0.0217711 0.138025 0.0975951 0.153349 0.115937 0.0846607 0.167784 0.0456622 0.00359446 0.0141069 0.0488105 0.00348217 0.0069172 0.0035005 0.017711 0.0107965 0.0035005 0.00719882 0.0555981 
2007 0 0.0113947 0.0106069 0.0564583 0.187686 0.12147 0.191403 0.105129 0.038665 0.0770257 0.0316783 0.0141589 0.0327654 0.0447407 0.0143421 0 0.00340308 0.0211845 0.00698499 0.00724349 0.0236606 
2008 0 0.003717 0.0294837 0.0398025 0.0698752 0.230007 0.0765069 0.149326 0.0623949 0.0602657 0.0901127 0.0386173 0.0327644 0.017716 0.0176271 0.00721014 0.00337961 0 0.0113936 0 0.0598005 
2009 0 0.0423725 0.0346503 0.0517421 0.0251808 0.125683 0.164369 0.0803618 0.135745 0.0524658 0.063214 0.0825091 0.0215237 0.00699401 0.0296067 0.0289429 0 0.00352691 0 0.0102141 0.0408985 
2010 0 0.00930596 0.128608 0.0526109 0.101139 0.0209919 0.103413 0.14172 0.0482582 0.111638 0.0702805 0.0441098 0.05318 0.0205179 0.00347916 0.0118656 0.0213354 0.00362617 0 0.00685562 0.0470644 
2011 0 0.00908029 0.0111329 0.24154 0.0517546 0.117432 0.0278461 0.0831605 0.107878 0.055702 0.0669748 0.0520855 0.0284357 0.0505517 0.0176346 0.00358385 0.00412561 0.0226232 0.00396983 0.00420328 0.0402854 
2012 0 0.0228397 0.0300335 0.0312194 0.345293 0.0347134 0.0522334 0.0175451 0.0563178 0.134202 0.0313387 0.0598599 0.037522 0.0316131 0.0385519 0.0149546 0.00344762 0.0107799 0.00352513 0 0.0440098 
2013 0 0.00727276 0.0751139 0.0529548 0.0743578 0.343039 0.0347117 0.0281021 0.0139852 0.0424124 0.0749534 0.0289216 0.0564206 0.0285177 0.0108659 0.0465432 0.00707615 0.0118881 0.0216857 0.0117108 0.0294671 
end_table
table error_values
1990 300 300 300 300 300 300 300 300 300 300 300 300 300 300 300 300 300 300 300 300 300 
1991 300 300 300 300 300 300 300 300 300 300 300 300 300 300 300 300 300 300 300 300 300 
1992 300 300 300 300 300 300 300 300 300 300 300 300 300 300 300 300 300 300 300 300 300 
1993 300 300 300 300 300 300 300 300 300 300 300 300 300 300 300 300 300 300 300 300 300 
1994 300 300 300 300 300 300 300 300 300 300 300 300 300 300 300 300 300 300 300 300 300 
1995 300 300 300 300 300 300 300 300 300 300 300 300 300 300 300 300 300 300 300 300 300 
1996 300 300 300 300 300 300 300 300 300 300 300 300 300 300 300 300 300 300 300 300 300 
1997 300 300 300 300 300 300 300 300 300 300 300 300 300 300 300 300 300 300 300 300 300 
1998 300 300 300 300 300 300 300 300 300 300 300 300 300 300 300 300 300 300 300 300 300 
1999 300 300 300 300 300 300 300 300 300 300 300 300 300 300 300 300 300 300 300 300 300 
2000 300 300 300 300 300 300 300 300 300 300 300 300 300 300 300 300 300 300 300 300 300 
2001 300 300 300 300 300 300 300 300 300 300 300 300 300 300 300 300 300 300 300 300 300 
2002 300 300 300 300 300 300 300 300 300 300 300 300 300 300 300 300 300 300 300 300 300 
2003 300 300 300 300 300 300 300 300 300 300 300 300 300 300 300 300 300 300 300 300 300 
2004 300 300 300 300 300 300 300 300 300 300 300 300 300 300 300 300 300 300 300 300 300 
2005 300 300 300 300 300 300 300 300 300 300 300 300 300 300 300 300 300 300 300 300 300 
2006 300 300 300 300 300 300 300 300 300 300 300 300 300 300 300 300 300 300 300 300 300 
2007 300 300 300 300 300 300 300 300 300 300 300 300 300 300 300 300 300 300 300 300 300 
2008 300 300 300 300 300 300 300 300 300 300 300 300 300 300 300 300 300 300 300 300 300 
2009 300 300 300 300 300 300 300 300 300 300 300 300 300 300 300 300 300 300 300 300 300 
2010 300 300 300 300 300 300 300 300 300 300 300 300 300 300 300 300 300 300 300 300 300 
2011 300 300 300 300 300 300 300 300 300 300 300 300 300 300 300 300 300 300 300 300 300 
2012 300 300 300 300 300 300 300 300 300 300 300 300 300 300 300 300 300 300 300 300 300 
2013 300 300 300 300 300 300 300 300 300 300 300 300 300 300 300 300 300 300 300 300 300 
end_table

