@observation fishery_age_ALK_BP_sim
age_allocation_method proportional 
ageing_error age_error 
fishery_label Fishing_LL 
layer_of_stratum_definitions area_definition 
process_label fishing 
strata_to_include BP 
type mortality_event_biomass_scaled_age_frequency 
years 1990 1991 1992 1993 1994 1995 1996 1997 1998 1999 2000 2001 2002 2003 2004 2005 2006 2007 2008 2009 2010 2011 2012 2013 
table obs
1990 0 0.00527398 0.0502091 0.0710805 0.0784688 0.101532 0.0913304 0.0658065 0.0626347 0.0353369 0.0327308 0.0750238 0.0490314 0.0390741 0.0363408 0.0151835 0.0217618 0.0215499 0.024956 0.00702798 0.115647 
1991 0 0.00528026 0.0359323 0.0748144 0.130801 0.0772971 0.0699483 0.0812805 0.0636473 0.0592816 0.0380707 0.0420591 0.0416823 0.0546835 0.0173244 0.00810754 0.0141735 0.0183561 0.0139753 0.0139638 0.139321 
1992 0 0 0.0313614 0.0710834 0.0959144 0.095452 0.0890557 0.0955662 0.0423546 0.0424445 0.0427065 0.053155 0.0455816 0.0468716 0.0287701 0.035206 0.0193207 0.0252643 0.00373897 0.00351664 0.132637 
1993 0 0 0.0340923 0.0629855 0.0836691 0.0732799 0.0974352 0.100249 0.0692632 0.051917 0.0416414 0.045595 0.0487629 0.0381361 0.0312732 0.017226 0.0173083 0.0217538 0.00733031 0.0280082 0.130074 
1994 0 0.0265399 0.00888026 0.0645734 0.154797 0.108349 0.0626739 0.0524223 0.0557506 0.0591173 0.0499671 0.0383309 0.0311017 0.0395682 0.0175177 0.0305326 0.0241026 0.0316527 0.0175042 0.0184676 0.108151 
1995 0 0.0230094 0.109866 0.02107 0.0732435 0.113903 0.108378 0.0763522 0.0628667 0.0313718 0.0343605 0.0508964 0.0185539 0.0372354 0.0395172 0.0395973 0.0263038 0.0181869 0.00713719 0.00767303 0.100478 
1996 0 0.0141044 0.0966271 0.211604 0.0379456 0.097734 0.0800747 0.0735186 0.0388944 0.0382753 0.0382213 0.0435861 0.0290937 0.0287483 0.00699264 0.0103938 0.00698161 0.0104324 0.00723821 0.00727201 0.122262 
1997 0 0.00986715 0.0429413 0.156138 0.284149 0.031196 0.0525074 0.0458938 0.0492013 0.0385981 0.0285452 0.028384 0.0431096 0.0209534 0.0144411 0.014148 0.019394 0.0142794 0.00709607 0.0106381 0.0885192 
1998 0 0.0425 0.0359267 0.0701707 0.208874 0.258929 0.0384773 0.0395392 0.028293 0.0464432 0.0514184 0.0282793 0.0291375 0.00696117 0.0156392 0.0144591 0.00715714 0.00714736 0.00374905 0.00810626 0.0587915 
1999 0 0.00353536 0.129712 0.0900701 0.134973 0.189984 0.17567 0.0250204 0.0287354 0.0544019 0.0177046 0.0179532 0.0288744 0 0.00760205 0.0179696 0 0 0.0072622 0.00739347 0.0631389 
2000 0 0.0147472 0.0287563 0.254883 0.112398 0.108545 0.134478 0.148896 0.0208312 0.0214225 0.0412733 0.015442 0.017557 0.00696639 0.0110788 0.00778711 0.00819214 0.00366415 0.0070814 0.00363749 0.0323628 
2001 0 0.0183058 0.0367838 0.0699879 0.331061 0.0620771 0.0830904 0.11077 0.131204 0.0173044 0.0315228 0.0136348 0.0253866 0.00705414 0.0150054 0.00344777 0 0.0108727 0.00386583 0.00728825 0.0213373 
2002 0 0.0142309 0.0785823 0.0766033 0.118854 0.29733 0.0527337 0.0633344 0.0489349 0.10308 0.0104345 0.0177906 0.0192292 0.0143974 0.00369966 0.0104584 0.0105561 0.00717733 0 0 0.0525736 
2003 0 0.0252709 0.0217719 0.108678 0.172841 0.0729639 0.24043 0.0666319 0.0486899 0.0644162 0.0714775 0.0261228 0 0.00707459 0.0140841 0.0112922 0.00818141 0.00767131 0 0 0.0324028 
2004 0 0.019706 0.0551256 0.0909504 0.19391 0.10336 0.0667053 0.176398 0.0723696 0.0536104 0.0532523 0.0574695 0 0 0.0220155 0.00343192 0 0.00373667 0.0041718 0 0.0237863 
2005 0 0.0112447 0.0598686 0.0907868 0.138778 0.161881 0.111459 0.0522492 0.153696 0.0246588 0.0272298 0.0455441 0.0572698 0.0035392 0.0035392 0.0104487 0.0112035 0.0035392 0.0034456 0.00784213 0.0217765 
2006 0 0.00906227 0.0319652 0.108478 0.187658 0.104285 0.126409 0.0349624 0.0383428 0.177241 0.0354523 0.0391196 0.0395427 0.0318606 0 0 0.00557802 0 0.00760487 0 0.0224382 
2007 0 0 0.0365648 0.0851882 0.185732 0.149695 0.0778866 0.122769 0.0844341 0.0319377 0.0909154 0.0209842 0.031674 0.0310589 0.0180555 0.00622151 0.00794962 0.00443978 0 0.00355451 0.010939 
2008 0 0.00376055 0.0177705 0.0899314 0.117596 0.158911 0.121884 0.0764942 0.0806258 0.0880362 0.0272104 0.0767584 0.0358992 0.0207761 0.0213873 0.0280143 0.00714797 0.00338633 0.00339027 0 0.0210214 
2009 0 0.00896771 0.0287216 0.0454525 0.124681 0.162976 0.141285 0.108481 0.0728794 0.0694858 0.0661572 0.0352781 0.059625 0.0217058 0 0.00847054 0.0252756 0.0134401 0 0 0.00711697 
2010 0 0.0425732 0.0262223 0.105026 0.0415175 0.12303 0.157623 0.104491 0.0987527 0.0454178 0.0630962 0.0353007 0.0207124 0.0660025 0.0104823 0.0139629 0.0140334 0.00679477 0 0 0.024962 
2011 0 0.0330464 0.093596 0.0564729 0.101336 0.0488168 0.106139 0.108771 0.098145 0.101127 0.0355346 0.0604128 0.0351647 0.0179601 0.0516226 0.0140099 0 0.0108963 0.0199502 0 0.00699936 
2012 0 0.024319 0.132183 0.177102 0.0568742 0.103267 0.0282719 0.0817884 0.0615901 0.0745019 0.0495093 0.0250682 0.0460623 0.0109845 0.0141967 0.0248422 0.0147877 0.0373581 0.0150417 0.00350942 0.0187415 
2013 0 0.00922033 0.0693024 0.197344 0.266509 0.0492804 0.0876367 0.0354746 0.0418597 0.0567829 0.033124 0.0280805 0.0293 0.0256374 0.00734605 0 0.0207985 0.014115 0.0108778 0.00345755 0.0138537 
end_table
table error_values
1990 300 300 300 300 300 300 300 300 300 300 300 300 300 300 300 300 300 300 300 300 300 
1991 300 300 300 300 300 300 300 300 300 300 300 300 300 300 300 300 300 300 300 300 300 
1992 300 300 300 300 300 300 300 300 300 300 300 300 300 300 300 300 300 300 300 300 300 
1993 300 300 300 300 300 300 300 300 300 300 300 300 300 300 300 300 300 300 300 300 300 
1994 300 300 300 300 300 300 300 300 300 300 300 300 300 300 300 300 300 300 300 300 300 
1995 300 300 300 300 300 300 300 300 300 300 300 300 300 300 300 300 300 300 300 300 300 
1996 300 300 300 300 300 300 300 300 300 300 300 300 300 300 300 300 300 300 300 300 300 
1997 300 300 300 300 300 300 300 300 300 300 300 300 300 300 300 300 300 300 300 300 300 
1998 300 300 300 300 300 300 300 300 300 300 300 300 300 300 300 300 300 300 300 300 300 
1999 300 300 300 300 300 300 300 300 300 300 300 300 300 300 300 300 300 300 300 300 300 
2000 300 300 300 300 300 300 300 300 300 300 300 300 300 300 300 300 300 300 300 300 300 
2001 300 300 300 300 300 300 300 300 300 300 300 300 300 300 300 300 300 300 300 300 300 
2002 300 300 300 300 300 300 300 300 300 300 300 300 300 300 300 300 300 300 300 300 300 
2003 300 300 300 300 300 300 300 300 300 300 300 300 300 300 300 300 300 300 300 300 300 
2004 300 300 300 300 300 300 300 300 300 300 300 300 300 300 300 300 300 300 300 300 300 
2005 300 300 300 300 300 300 300 300 300 300 300 300 300 300 300 300 300 300 300 300 300 
2006 300 300 300 300 300 300 300 300 300 300 300 300 300 300 300 300 300 300 300 300 300 
2007 300 300 300 300 300 300 300 300 300 300 300 300 300 300 300 300 300 300 300 300 300 
2008 300 300 300 300 300 300 300 300 300 300 300 300 300 300 300 300 300 300 300 300 300 
2009 300 300 300 300 300 300 300 300 300 300 300 300 300 300 300 300 300 300 300 300 300 
2010 300 300 300 300 300 300 300 300 300 300 300 300 300 300 300 300 300 300 300 300 300 
2011 300 300 300 300 300 300 300 300 300 300 300 300 300 300 300 300 300 300 300 300 300 
2012 300 300 300 300 300 300 300 300 300 300 300 300 300 300 300 300 300 300 300 300 300 
2013 300 300 300 300 300 300 300 300 300 300 300 300 300 300 300 300 300 300 300 300 300 
end_table

