@observation fishery_age_ALK_HG_sim
age_allocation_method proportional 
ageing_error age_error 
fishery_label Fishing_LL 
layer_of_stratum_definitions area_definition 
process_label fishing 
strata_to_include HG 
type mortality_event_biomass_scaled_age_frequency 
years 1990 1991 1992 1993 1994 1995 1996 1997 1998 1999 2000 2001 2002 2003 2004 2005 2006 2007 2008 2009 2010 2011 2012 2013 
table obs
1990 0 0.0132334 0.0267402 0.0639621 0.076571 0.0871042 0.090123 0.0865609 0.0728413 0.0588368 0.0588438 0.0410466 0.0502291 0.0397371 0.0246386 0.0185006 0.0249894 0.0211908 0.0213601 0.0110377 0.112453 
1991 0 0.0116072 0.0270128 0.077578 0.0810717 0.149738 0.0798427 0.0732548 0.0565718 0.0391461 0.053326 0.0495049 0.0281542 0.0357483 0.036215 0.0286957 0.0105231 0.00719348 0.0297631 0.0147748 0.110279 
1992 0 0 0.043475 0.0734491 0.100586 0.086683 0.065712 0.0806422 0.0733894 0.0419367 0.0630824 0.0385563 0.0613442 0.0293614 0.0177917 0.0351531 0.0374398 0.0301753 0.0109136 0.0174305 0.0928782 
1993 0 0.0052472 0.00689892 0.0799493 0.100777 0.110158 0.0895681 0.0698069 0.079775 0.0624283 0.0561111 0.0281402 0.0352506 0.0210749 0.0104575 0.0156105 0.0425756 0.0286858 0.0178314 0.0071123 0.132541 
1994 0 0.00467146 0.0103372 0.0315494 0.112711 0.124961 0.0861575 0.0791112 0.0792634 0.068578 0.0311383 0.0587299 0.0281781 0.0274168 0.0411266 0.0297407 0.0139143 0.0275022 0.0275805 0.0036393 0.113694 
1995 0 0.00339742 0.0343305 0.0546437 0.0385665 0.104962 0.121912 0.0829601 0.0797076 0.0520803 0.0589751 0.0453093 0.0322956 0.0382307 0.0322824 0.0176675 0.0328603 0.014294 0.0104855 0.0208924 0.124146 
1996 0 0.00781658 0.045895 0.0334935 0.11992 0.038296 0.105341 0.105161 0.0383226 0.0627366 0.0601407 0.0637224 0.042355 0.0280546 0.0280604 0.0355988 0.0212364 0.0210714 0.0176886 0.0105909 0.114498 
1997 0 0 0.0400044 0.109773 0.0731604 0.094099 0.0485725 0.089271 0.0663156 0.0210188 0.046106 0.0422342 0.0349417 0.0321305 0.0392395 0.0217248 0.0223384 0.030975 0.0140831 0.0105972 0.163414 
1998 0 0.0102725 0.0152378 0.0929474 0.152094 0.0691829 0.0593447 0.0246693 0.113015 0.0766695 0.0212497 0.0484454 0.0353692 0.0282485 0.0373832 0.0393199 0.0217471 0.00850225 0.010353 0.0142704 0.121679 
1999 0 0.0240287 0.0386858 0.0618325 0.120076 0.146743 0.0485534 0.0414192 0.00694915 0.0764781 0.0601158 0.0425684 0.0352901 0.0387785 0.0502415 0.0217897 0.00709848 0.0267436 0.0150746 0.015127 0.122407 
2000 0 0.0141846 0.083993 0.0985039 0.0808519 0.11454 0.118056 0.0453405 0.0529774 0.0197874 0.0666739 0.0425412 0.0319342 0.0289184 0.0291953 0.0177949 0.0177692 0.0319009 0.00968021 0.0112639 0.0840932 
2001 0 0.00810167 0.0709053 0.182061 0.160245 0.0738269 0.049059 0.102727 0.0318977 0.0281686 0.014271 0.0176788 0.0285792 0.0146063 0.029142 0.0191173 0.00955657 0.0219512 0.0152678 0.0104926 0.112344 
2002 0 0.0226539 0.0447501 0.101656 0.259695 0.107674 0.02817 0.0628952 0.0829648 0.0278087 0.0316051 0.0141966 0.0250174 0.0212722 0.0256719 0.0212535 0.0248199 0.0241081 0.010345 0.0175484 0.0458955 
2003 0 0.0218498 0.0690773 0.129743 0.119215 0.220054 0.0697609 0.0489211 0.0604558 0.073696 0.00701711 0.010599 0.0103637 0.0323899 0.0210674 0.00708264 0.0252708 0.00338163 0.0107088 0 0.0593456 
2004 0 0.0169497 0.0263154 0.17693 0.142155 0.142156 0.169551 0.0486878 0.0314555 0.0413121 0.036427 0.0137354 0.0173474 0.0034143 0.0142124 0.0141862 0.00691779 0.00406804 0.00683313 0.00683313 0.0805141 
2005 0 0.0121364 0.0758805 0.0629471 0.189726 0.0928608 0.0863398 0.173202 0.0588118 0.0309577 0.0351964 0.0346801 0.0103211 0.0150697 0.00715369 0.0135045 0.0133029 0.00339142 0 0.00844569 0.0760724 
2006 0 0 0.0210792 0.14602 0.111298 0.167087 0.136356 0.038311 0.0987719 0.0730546 0.017793 0.0212432 0.0540987 0.0109337 0.00771928 0 0.019943 0.00383879 0.00350771 0.0105449 0.0583997 
2007 0 0.00371624 0.00347701 0.0780167 0.184275 0.128408 0.177804 0.0909087 0.0522787 0.100552 0.0282426 0.0210915 0.0205664 0.019162 0.00710161 0 0.00739494 0.00727723 0.00342642 0.0104649 0.0558354 
2008 0 0.003717 0.0399961 0.043639 0.115598 0.179969 0.0793685 0.129778 0.0520593 0.0601338 0.0924236 0.0426052 0.0232973 0.0175617 0.021116 0.00718984 0.00366533 0.00353724 0.0139694 0.00765037 0.0627256 
2009 0 0.0455865 0.0223075 0.071518 0.0354006 0.0879697 0.202145 0.0804776 0.118013 0.0557899 0.0605544 0.063501 0 0.00702264 0.0246175 0.0208979 0.0105955 0.0106313 0.00339057 0.0243242 0.0552579 
2010 0 0.0130117 0.131733 0.0424275 0.100793 0.0208617 0.0996917 0.152089 0.0412938 0.0975698 0.0448821 0.028439 0.068438 0.028236 0.0140053 0.0337852 0.0180967 0.00722797 0.0103489 0 0.0470692 
2011 0 0.00407721 0.0255722 0.241065 0.0639574 0.0999133 0.0349266 0.0625783 0.0947982 0.0591512 0.0906722 0.038315 0.0319374 0.0468862 0.0145013 0.0110086 0.0144851 0.0145 0.00716263 0.00759818 0.0368944 
2012 0 0.0150099 0.0396953 0.0673675 0.313821 0.0799111 0.0492752 0.0277218 0.0595708 0.0951569 0.0246668 0.0642807 0.0395449 0.0105655 0.0519661 0.0112288 0 0.00803852 0.0138522 0.00342588 0.0249014 
2013 0 0.0156354 0.0814008 0.0285819 0.0842976 0.283007 0.0491393 0.0631221 0.0140665 0.0495896 0.0781137 0.0140821 0.0692976 0.0540607 0.00735739 0.0362145 0.0143424 0.0105806 0.00707525 0.00728218 0.0327541 
end_table
table error_values
1990 300 300 300 300 300 300 300 300 300 300 300 300 300 300 300 300 300 300 300 300 300 
1991 300 300 300 300 300 300 300 300 300 300 300 300 300 300 300 300 300 300 300 300 300 
1992 300 300 300 300 300 300 300 300 300 300 300 300 300 300 300 300 300 300 300 300 300 
1993 300 300 300 300 300 300 300 300 300 300 300 300 300 300 300 300 300 300 300 300 300 
1994 300 300 300 300 300 300 300 300 300 300 300 300 300 300 300 300 300 300 300 300 300 
1995 300 300 300 300 300 300 300 300 300 300 300 300 300 300 300 300 300 300 300 300 300 
1996 300 300 300 300 300 300 300 300 300 300 300 300 300 300 300 300 300 300 300 300 300 
1997 300 300 300 300 300 300 300 300 300 300 300 300 300 300 300 300 300 300 300 300 300 
1998 300 300 300 300 300 300 300 300 300 300 300 300 300 300 300 300 300 300 300 300 300 
1999 300 300 300 300 300 300 300 300 300 300 300 300 300 300 300 300 300 300 300 300 300 
2000 300 300 300 300 300 300 300 300 300 300 300 300 300 300 300 300 300 300 300 300 300 
2001 300 300 300 300 300 300 300 300 300 300 300 300 300 300 300 300 300 300 300 300 300 
2002 300 300 300 300 300 300 300 300 300 300 300 300 300 300 300 300 300 300 300 300 300 
2003 300 300 300 300 300 300 300 300 300 300 300 300 300 300 300 300 300 300 300 300 300 
2004 300 300 300 300 300 300 300 300 300 300 300 300 300 300 300 300 300 300 300 300 300 
2005 300 300 300 300 300 300 300 300 300 300 300 300 300 300 300 300 300 300 300 300 300 
2006 300 300 300 300 300 300 300 300 300 300 300 300 300 300 300 300 300 300 300 300 300 
2007 300 300 300 300 300 300 300 300 300 300 300 300 300 300 300 300 300 300 300 300 300 
2008 300 300 300 300 300 300 300 300 300 300 300 300 300 300 300 300 300 300 300 300 300 
2009 300 300 300 300 300 300 300 300 300 300 300 300 300 300 300 300 300 300 300 300 300 
2010 300 300 300 300 300 300 300 300 300 300 300 300 300 300 300 300 300 300 300 300 300 
2011 300 300 300 300 300 300 300 300 300 300 300 300 300 300 300 300 300 300 300 300 300 
2012 300 300 300 300 300 300 300 300 300 300 300 300 300 300 300 300 300 300 300 300 300 
2013 300 300 300 300 300 300 300 300 300 300 300 300 300 300 300 300 300 300 300 300 300 
end_table

