@observation fishery_age_ALK_BP_sim
age_allocation_method proportional 
ageing_error age_error 
fishery_label Fishing_LL 
layer_of_stratum_definitions area_definition 
process_label fishing 
strata_to_include BP 
type mortality_event_biomass_scaled_age_frequency 
years 1990 1991 1992 1993 1994 1995 1996 1997 1998 1999 2000 2001 2002 2003 2004 2005 2006 2007 2008 2009 2010 2011 2012 2013 
table obs
1990 0 0 0.0413757 0.0715872 0.0957331 0.0846263 0.0973661 0.0807394 0.0663385 0.0450025 0.038963 0.0616146 0.0356453 0.0474894 0.0255126 0.0283684 0.033012 0.0141189 0.0102336 0.0177471 0.104526 
1991 0 0.00528026 0.0322415 0.0708185 0.0847273 0.102342 0.084236 0.101659 0.0627277 0.0418093 0.0419777 0.0360431 0.024229 0.0628214 0.0243651 0.048753 0.0325394 0.0255017 0.0106008 0.0137492 0.0935784 
1992 0 0 0.0418134 0.0888432 0.0958113 0.102819 0.0708601 0.0637729 0.0779544 0.0600962 0.0462461 0.0372354 0.0458219 0.0216072 0.0245576 0.0175673 0.0112106 0.0221925 0.0209478 0.0292626 0.121381 
1993 0 0 0.0378501 0.073517 0.118341 0.0793086 0.0806165 0.0697683 0.0761635 0.0658755 0.0421605 0.0653642 0.0421103 0.0142124 0.0279844 0.0279987 0.02295 0.0207519 0.0439588 0.0111343 0.0799338 
1994 0 0.0354202 0.0215706 0.0721444 0.104421 0.0944367 0.111898 0.0630435 0.0732736 0.0590657 0.0496517 0.0275503 0.0313264 0.0462966 0.0174226 0.013742 0.024601 0.0107538 0.0211019 0.0175735 0.104706 
1995 0 0.0192537 0.116877 0.0382862 0.0733259 0.0871642 0.10444 0.0906051 0.0417517 0.0390166 0.0460922 0.0401117 0.046622 0.0393044 0.00707824 0.0251826 0.0213505 0.00740239 0.00349062 0.0204541 0.132191 
1996 0 0.0108786 0.0921917 0.215551 0.0347032 0.0877658 0.0979062 0.0492283 0.0491302 0.0532307 0.0561518 0.0325398 0.0145067 0.0459106 0.0139819 0.0106164 0.0110395 0.00346551 0.0104294 0.0107402 0.100032 
1997 0 0 0.0422109 0.149879 0.298147 0.0381577 0.0521993 0.0453097 0.0702021 0.0491143 0.0286686 0.0246932 0.0215789 0.0292585 0.014506 0.0185661 0.0117845 0.010789 0.0114235 0.0112622 0.0722495 
1998 0 0.0343909 0.0614087 0.0596549 0.202645 0.258448 0.042112 0.0391432 0.0461464 0.0468641 0.0431241 0.0287677 0.0170832 0.0192479 0.017706 0.0194178 0.00340809 0.0157507 0.0037095 0.00338815 0.0375837 
1999 0 0.00353536 0.123539 0.0900218 0.141861 0.155728 0.206116 0.042852 0.0175204 0.0289083 0.0264445 0.029076 0.0259204 0.0145601 0.0179282 0.00363526 0.0139765 0.00385558 0 0.00762367 0.0468972 
2000 0 0.00411246 0.021478 0.272558 0.123005 0.143647 0.123 0.124774 0.0070841 0.0179256 0.0214829 0.00703324 0.0148353 0.0112364 0.0144546 0.0216703 0.0123258 0.0146067 0 0.0075443 0.0372263 
2001 0 0.0189498 0.0400325 0.0753971 0.310844 0.0968276 0.0659718 0.124089 0.116391 0.0143414 0.0178449 0.027412 0.0179183 0.00339079 0.0147465 0.013904 0.00838185 0.00359002 0 0.00756406 0.0224036 
2002 0 0.0102569 0.064898 0.101652 0.118408 0.294478 0.0772633 0.0630525 0.0632229 0.0805604 0.014073 0.0103854 0.0214614 0.0105749 0.00345796 0.00727394 0.00371938 0.00573699 0 0.00369966 0.0458251 
2003 0 0.0124902 0.0417794 0.136794 0.134627 0.0906267 0.216857 0.0595226 0.066501 0.105636 0.0394838 0.0106023 0.0107656 0.0154879 0.00930086 0.0105569 0 0 0.00839718 0 0.0305723 
2004 0 0.0277552 0.0371394 0.0944419 0.182534 0.131963 0.0727593 0.16017 0.0511254 0.051291 0.0574177 0.0351167 0.003522 0.0226758 0.00689824 0.0172446 0.0106166 0.00790847 0.00769454 0 0.0217267 
2005 0 0.0114841 0.0839968 0.107732 0.107487 0.13469 0.069065 0.0661667 0.181452 0.0452518 0.0419834 0.0322939 0.0360663 0.00344561 0.0144342 0.00386348 0 0.00336521 0.00614524 0 0.051077 
2006 0 0.00784121 0.0397752 0.160945 0.145492 0.118487 0.112711 0.0663124 0.0496737 0.126481 0.0319837 0.0286125 0.0402943 0.0319641 0 0 0.00418248 0 0.00557802 0.0034923 0.0261743 
2007 0 0 0.0472399 0.0954538 0.188874 0.101154 0.09161 0.0770608 0.102792 0.0664378 0.112369 0.0178819 0.0187677 0.025095 0.0175854 0 0.00350866 0.00735703 0.00742006 0.00488288 0.0145089 
2008 0 0.00376055 0.0250115 0.116655 0.123878 0.188033 0.128299 0.0732686 0.0705055 0.0492212 0.0243222 0.0789241 0.0316155 0.0247418 0.0141074 0.0249605 0.00376089 0 0 0 0.0189359 
2009 0 0.00896771 0.0342104 0.052404 0.121769 0.132195 0.17009 0.114439 0.0700176 0.0604975 0.0653127 0.0209526 0.0395674 0.0321839 0.0073205 0.0242724 0.0109014 0.00447457 0.00358237 0 0.0268425 
2010 0 0.0384942 0.0239022 0.0758335 0.0449155 0.127128 0.137589 0.142788 0.0980605 0.0310953 0.0455008 0.0348534 0.0351194 0.0840022 0.00339488 0.0175423 0.01432 0.0211297 0.00692466 0.00339478 0.0140127 
2011 0 0.044557 0.106116 0.0421712 0.0915306 0.0488926 0.117026 0.088032 0.139735 0.0756076 0.0206791 0.0460869 0.0530858 0.0107949 0.046718 0.00699936 0.0148093 0.0105024 0.0213492 0 0.015307 
2012 0 0.0237965 0.107151 0.178053 0.0637765 0.124225 0.0211195 0.0637191 0.0573413 0.100859 0.0644252 0.0177955 0.0354272 0.0176685 0.0432004 0.0395415 0 0.00825076 0.0198084 0.00691336 0.00692745 
2013 0 0.00922033 0.0621328 0.235488 0.242779 0.0626378 0.0704529 0.0240229 0.0490684 0.0397273 0.0601415 0.0176732 0.0480928 0.0287776 0 0.00736233 0.0071949 0.0105716 0 0.00347991 0.0211774 
end_table
table error_values
1990 300 300 300 300 300 300 300 300 300 300 300 300 300 300 300 300 300 300 300 300 300 
1991 300 300 300 300 300 300 300 300 300 300 300 300 300 300 300 300 300 300 300 300 300 
1992 300 300 300 300 300 300 300 300 300 300 300 300 300 300 300 300 300 300 300 300 300 
1993 300 300 300 300 300 300 300 300 300 300 300 300 300 300 300 300 300 300 300 300 300 
1994 300 300 300 300 300 300 300 300 300 300 300 300 300 300 300 300 300 300 300 300 300 
1995 300 300 300 300 300 300 300 300 300 300 300 300 300 300 300 300 300 300 300 300 300 
1996 300 300 300 300 300 300 300 300 300 300 300 300 300 300 300 300 300 300 300 300 300 
1997 300 300 300 300 300 300 300 300 300 300 300 300 300 300 300 300 300 300 300 300 300 
1998 300 300 300 300 300 300 300 300 300 300 300 300 300 300 300 300 300 300 300 300 300 
1999 300 300 300 300 300 300 300 300 300 300 300 300 300 300 300 300 300 300 300 300 300 
2000 300 300 300 300 300 300 300 300 300 300 300 300 300 300 300 300 300 300 300 300 300 
2001 300 300 300 300 300 300 300 300 300 300 300 300 300 300 300 300 300 300 300 300 300 
2002 300 300 300 300 300 300 300 300 300 300 300 300 300 300 300 300 300 300 300 300 300 
2003 300 300 300 300 300 300 300 300 300 300 300 300 300 300 300 300 300 300 300 300 300 
2004 300 300 300 300 300 300 300 300 300 300 300 300 300 300 300 300 300 300 300 300 300 
2005 300 300 300 300 300 300 300 300 300 300 300 300 300 300 300 300 300 300 300 300 300 
2006 300 300 300 300 300 300 300 300 300 300 300 300 300 300 300 300 300 300 300 300 300 
2007 300 300 300 300 300 300 300 300 300 300 300 300 300 300 300 300 300 300 300 300 300 
2008 300 300 300 300 300 300 300 300 300 300 300 300 300 300 300 300 300 300 300 300 300 
2009 300 300 300 300 300 300 300 300 300 300 300 300 300 300 300 300 300 300 300 300 300 
2010 300 300 300 300 300 300 300 300 300 300 300 300 300 300 300 300 300 300 300 300 300 
2011 300 300 300 300 300 300 300 300 300 300 300 300 300 300 300 300 300 300 300 300 300 
2012 300 300 300 300 300 300 300 300 300 300 300 300 300 300 300 300 300 300 300 300 300 
2013 300 300 300 300 300 300 300 300 300 300 300 300 300 300 300 300 300 300 300 300 300 
end_table

