@observation fishery_age_ALK_BP_sim
age_allocation_method proportional 
ageing_error age_error 
fishery_label Fishing_LL 
layer_of_stratum_definitions area_definition 
process_label fishing 
strata_to_include BP 
type mortality_event_biomass_scaled_age_frequency 
years 1990 1991 1992 1993 1994 1995 1996 1997 1998 1999 2000 2001 2002 2003 2004 2005 2006 2007 2008 2009 2010 2011 2012 2013 
table obs
1990 0 0.00866807 0.032416 0.0827248 0.078254 0.0702118 0.111772 0.0733058 0.0800946 0.0316731 0.0247648 0.0453488 0.0457734 0.0209335 0.0296701 0.0417858 0.0230855 0.0141024 0.0253975 0.0110716 0.148947 
1991 0 0.0155249 0.0185061 0.0788094 0.0734215 0.111911 0.0634896 0.0777962 0.0633168 0.0694603 0.0525886 0.056089 0.0243628 0.0437772 0.0284072 0.0174208 0.0104161 0.0282503 0.0179575 0.00702258 0.141472 
1992 0 0 0.0455699 0.0497932 0.116634 0.113442 0.0779881 0.0814453 0.0710874 0.0704626 0.0319671 0.0437573 0.0372631 0.0283502 0.0359292 0.0176388 0.0181141 0.0276759 0.00760836 0.0191244 0.106149 
1993 0 0 0.0344507 0.0701944 0.114935 0.0903055 0.0451932 0.100599 0.0488122 0.0353527 0.065485 0.0522276 0.0453109 0.024484 0.0137595 0.0276639 0.0208724 0.0272451 0.0102946 0.0210072 0.151807 
1994 0 0.0354202 0.014949 0.0536712 0.136569 0.115152 0.0767272 0.0524102 0.0770498 0.0663959 0.0564283 0.0348143 0.029572 0.0285444 0.0275152 0.0174605 0.0371214 0.0244637 0.00697293 0.0176822 0.0910805 
1995 0 0.0150898 0.117123 0.0492292 0.0906013 0.0800103 0.0697727 0.0590884 0.0642802 0.0451816 0.0353526 0.0409614 0.0842717 0.0460352 0.0256497 0.0218032 0.0294565 0.0139157 0.0104577 0.0114432 0.0902769 
1996 0 0.0105253 0.0719718 0.243356 0.0487066 0.0664801 0.0873788 0.0804678 0.0638036 0.0351407 0.0212273 0.0489082 0.0247146 0.0295936 0.0173168 0.0143957 0.00794255 0.0180689 0.0172533 0.0146199 0.078128 
1997 0 0.0135611 0.0572001 0.14607 0.314412 0.0207947 0.0386121 0.0415472 0.0317701 0.0635841 0.0357821 0.0246785 0.0252048 0.0248771 0.0258835 0.0105976 0.0178272 0.011029 0.00705831 0.0110571 0.0784532 
1998 0 0.0427197 0.0359073 0.0948002 0.212877 0.240296 0.0246873 0.056885 0.0641836 0.0327331 0.0396555 0.025178 0.011761 0.0154681 0.0148487 0.00374197 0.006994 0.00734061 0.0104516 0.00829681 0.0511742 
1999 0 0.00707072 0.111838 0.0561275 0.153092 0.186537 0.189108 0.0312179 0.0288827 0.0243615 0.0276014 0.0254923 0.0180439 0.0157111 0.0184041 0.00811726 0 0.00362106 0.00399152 0.00601821 0.084764 
2000 0 0.00652233 0.0478476 0.233212 0.143996 0.108612 0.0852242 0.154381 0.0315789 0.0221022 0.0249407 0.0294501 0.0179908 0.0111325 0.0106521 0.0112085 0.0187922 0.00657758 0.00356637 0.00831137 0.0239019 
2001 0 0.0179628 0.0448877 0.0552224 0.344634 0.0862555 0.0895488 0.0831132 0.115891 0.00343068 0.0103117 0.0143368 0.021346 0.0108512 0.018072 0.0103304 0.0104261 0.0121613 0.00369102 0.00344777 0.0440801 
2002 0 0.0041493 0.0640616 0.0804203 0.104359 0.279919 0.0912465 0.0596521 0.0927518 0.0875693 0.0106036 0.00724596 0.014452 0.00727547 0.00710914 0.00696364 0.00355457 0.00352659 0.00345796 0.00720071 0.0644818 
2003 0 0.0252709 0.0251873 0.129574 0.138355 0.0936708 0.218448 0.0630625 0.0562699 0.0992646 0.0608298 0.00702317 0.00736692 0.00710167 0.0210981 0 0 0.0139523 0 0.00804965 0.0254744 
2004 0 0.019706 0.0592385 0.0906203 0.155375 0.107564 0.0718035 0.197183 0.0497279 0.0354498 0.0703656 0.0660041 0.00342628 0.00684748 0.00346632 0.0041718 0.00777932 0.012081 0.00356779 0.0068582 0.0287644 
2005 0 0.0150878 0.0314722 0.0907575 0.141998 0.183319 0.0941043 0.0703916 0.140246 0.0485084 0.0172636 0.056504 0.0351536 0.00725137 0.0146899 0.0174471 0.0143862 0 0 0.0105043 0.0109161 
2006 0 0.016408 0.0244587 0.160783 0.152723 0.114736 0.115154 0.0880624 0.0452064 0.124248 0.0178064 0.0421621 0.0175384 0.0318094 0 0.00453516 0.0119216 0.00418248 0.00906509 0 0.019199 
2007 0 0 0.0651261 0.042409 0.175455 0.149839 0.0384379 0.119072 0.104535 0.0595568 0.102459 0.025198 0.0423072 0.0326904 0.0152222 0.00342331 0 0 0.00355021 0 0.0207183 
2008 0 0.0105295 0.0110015 0.103514 0.155398 0.151917 0.140799 0.0734616 0.0833306 0.0803532 0.0208555 0.0772456 0.0281412 0 0.034651 0.0217488 0.00338633 0 0 0 0.00366626 
2009 0 0.00896771 0.0259067 0.0585308 0.127883 0.114355 0.152512 0.114498 0.0842301 0.0632328 0.0702724 0.0363365 0.0637229 0.0139833 0 0.0243044 0.00348626 0 0.00358237 0 0.0341962 
2010 0 0.0468213 0.0152777 0.112065 0.0489429 0.109486 0.136341 0.128912 0.0983788 0.0522968 0.0488093 0.0382936 0.0348001 0.0662143 0.00678957 0.0174395 0.0178719 0.00721345 0.00357811 0.00339478 0.00707494 
2011 0 0.0323145 0.118753 0.0490747 0.112524 0.0488539 0.0956268 0.0739232 0.140536 0.0748837 0.0424124 0.0347745 0.0228764 0.018873 0.0635278 0.0105773 0.0209626 0.00689196 0.0161407 0 0.0164735 
2012 0 0.0197987 0.0866972 0.22005 0.0742227 0.0962849 0.0246851 0.0713378 0.0891615 0.0500542 0.0608217 0.0283463 0.0177135 0.0176689 0.033388 0.0354419 0.0111222 0.0138374 0.0158704 0.00749807 0.0259994 
2013 0 0.0193702 0.0660346 0.221644 0.242998 0.0661227 0.112857 0.0284069 0.0360161 0.0349512 0.0383986 0.0294212 0.0247315 0.0287921 0.00756511 0 0.0140647 0.0182681 0 0 0.010358 
end_table
table error_values
1990 300 300 300 300 300 300 300 300 300 300 300 300 300 300 300 300 300 300 300 300 300 
1991 300 300 300 300 300 300 300 300 300 300 300 300 300 300 300 300 300 300 300 300 300 
1992 300 300 300 300 300 300 300 300 300 300 300 300 300 300 300 300 300 300 300 300 300 
1993 300 300 300 300 300 300 300 300 300 300 300 300 300 300 300 300 300 300 300 300 300 
1994 300 300 300 300 300 300 300 300 300 300 300 300 300 300 300 300 300 300 300 300 300 
1995 300 300 300 300 300 300 300 300 300 300 300 300 300 300 300 300 300 300 300 300 300 
1996 300 300 300 300 300 300 300 300 300 300 300 300 300 300 300 300 300 300 300 300 300 
1997 300 300 300 300 300 300 300 300 300 300 300 300 300 300 300 300 300 300 300 300 300 
1998 300 300 300 300 300 300 300 300 300 300 300 300 300 300 300 300 300 300 300 300 300 
1999 300 300 300 300 300 300 300 300 300 300 300 300 300 300 300 300 300 300 300 300 300 
2000 300 300 300 300 300 300 300 300 300 300 300 300 300 300 300 300 300 300 300 300 300 
2001 300 300 300 300 300 300 300 300 300 300 300 300 300 300 300 300 300 300 300 300 300 
2002 300 300 300 300 300 300 300 300 300 300 300 300 300 300 300 300 300 300 300 300 300 
2003 300 300 300 300 300 300 300 300 300 300 300 300 300 300 300 300 300 300 300 300 300 
2004 300 300 300 300 300 300 300 300 300 300 300 300 300 300 300 300 300 300 300 300 300 
2005 300 300 300 300 300 300 300 300 300 300 300 300 300 300 300 300 300 300 300 300 300 
2006 300 300 300 300 300 300 300 300 300 300 300 300 300 300 300 300 300 300 300 300 300 
2007 300 300 300 300 300 300 300 300 300 300 300 300 300 300 300 300 300 300 300 300 300 
2008 300 300 300 300 300 300 300 300 300 300 300 300 300 300 300 300 300 300 300 300 300 
2009 300 300 300 300 300 300 300 300 300 300 300 300 300 300 300 300 300 300 300 300 300 
2010 300 300 300 300 300 300 300 300 300 300 300 300 300 300 300 300 300 300 300 300 300 
2011 300 300 300 300 300 300 300 300 300 300 300 300 300 300 300 300 300 300 300 300 300 
2012 300 300 300 300 300 300 300 300 300 300 300 300 300 300 300 300 300 300 300 300 300 
2013 300 300 300 300 300 300 300 300 300 300 300 300 300 300 300 300 300 300 300 300 300 
end_table

