@observation fishery_age_ALK_EN_sim
age_allocation_method proportional 
ageing_error age_error 
fishery_label Fishing_LL 
layer_of_stratum_definitions area_definition 
process_label fishing 
strata_to_include EN 
type mortality_event_biomass_scaled_age_frequency 
years 1990 1991 1992 1993 1994 1995 1996 1997 1998 1999 2000 2001 2002 2003 2004 2005 2006 2007 2008 2009 2010 2011 2012 2013 
table obs
1990 0 0.00548116 0.02996 0.0632354 0.0804838 0.10163 0.112612 0.0876035 0.0660523 0.0595454 0.0352234 0.0557205 0.0284826 0.0281424 0.0280189 0.0174774 0.0174786 0.0245844 0.010525 0.00701267 0.140731 
1991 0 0.0342259 0.0348272 0.0561192 0.108739 0.0484135 0.101449 0.0909536 0.0492613 0.0381235 0.0422914 0.0316663 0.0208547 0.0383651 0.0710748 0.0243502 0.0212155 0.0141869 0.0208963 0.0212964 0.13169 
1992 0 0.00472117 0.10489 0.0563453 0.0920043 0.0916135 0.0832406 0.0733889 0.0485271 0.0593524 0.045856 0.0456413 0.0248005 0.0232687 0.0424996 0.010448 0.0289143 0.0141088 0.00742549 0.0262765 0.116677 
1993 0 0.0111581 0.0139808 0.21353 0.0551113 0.0833565 0.0659765 0.0594045 0.0660735 0.0664973 0.0489901 0.0560166 0.0256423 0.0245753 0.0182852 0.0140441 0.0393363 0.0250041 0.00351629 0.00723912 0.102262 
1994 0 0.00408136 0.0147231 0.0285115 0.327901 0.0724846 0.0551647 0.0860898 0.0615557 0.0419588 0.020702 0.0342716 0.0239575 0.0286301 0.0206661 0.0286089 0.0191948 0.00695649 0.023868 0.0178299 0.082844 
1995 0 0 0.0343118 0.0994074 0.0489078 0.275094 0.0767817 0.0527878 0.0629888 0.0520522 0.0242897 0.0493233 0.035169 0.0176991 0.0362893 0.0209436 0.00367482 0.0138 0.0111203 0.0104022 0.0749567 
1996 0 0 0.0376709 0.0843519 0.126222 0.0314767 0.267323 0.0625354 0.0379203 0.0317419 0.0350842 0.031541 0.0251026 0.03498 0.0318693 0.0242802 0.00702787 0.0149024 0.022677 0.00339822 0.0898941 
1997 0 0.0121163 0.017517 0.0893842 0.0865823 0.0892719 0.034381 0.237166 0.0480741 0.0587823 0.0343065 0.034302 0.0280422 0.0210781 0.0203685 0.0102319 0.029612 0.017314 0.00804281 0.0145487 0.108879 
1998 0 0.0240815 0.0691114 0.0208004 0.134518 0.0960652 0.110215 0.0449633 0.181604 0.0279604 0.0358601 0.0244061 0.0388749 0.0280824 0.0102834 0.0210233 0.0136182 0.0172253 0.0138971 0.0175939 0.0698158 
1999 0 0.0165195 0.0397359 0.133309 0.0695339 0.131604 0.0836801 0.059252 0.0315523 0.167068 0.0414455 0.0357815 0.0255304 0.0283774 0.0112266 0.0215048 0.0105834 0.0174449 0.00354773 0.0106184 0.0616848 
2000 0 0.0219176 0.0542509 0.118052 0.2131 0.0448034 0.0857637 0.0689835 0.037817 0.03134 0.131568 0.0242299 0.0207392 0.0207602 0.00340412 0.0246293 0 0.0115488 0.0105679 0.0113738 0.0651495 
2001 0 0.00392988 0.0589413 0.110816 0.157077 0.175696 0.0449767 0.069033 0.0664888 0.0519649 0.0177516 0.070079 0.0453473 0.00344236 0.0140027 0.0175139 0.0069073 0.0205223 0.00776234 0.0109479 0.0467998 
2002 0 0.0180068 0.00381728 0.130483 0.164242 0.128394 0.156644 0.0384613 0.0777474 0.0505315 0.0395675 0.0138954 0.0680051 0.00337231 0.0207938 0.0137868 0.00750124 0.00747354 0.00362336 0.00707434 0.0465781 
2003 0 0.0037926 0.0837812 0.0481189 0.178201 0.133563 0.124998 0.122153 0.0206222 0.0671065 0.0352162 0.0181592 0.00347 0.0359824 0 0.0105694 0.0182867 0.0104602 0.013317 0.00347138 0.0687315 
2004 0 0.0317038 0.0546875 0.0726424 0.0595444 0.225793 0.104856 0.102332 0.0880278 0.00349809 0.0769147 0.00713247 0.0326148 0.00768197 0.0362691 0.0195063 0.00349809 0 0 0.00821388 0.0650834 
2005 0 0 0.0823491 0.105517 0.149631 0.0593692 0.143411 0.0874218 0.0771658 0.0877595 0.0104827 0.0171892 0.0358655 0.0215897 0.0109013 0.0534499 0.00718615 0.00342972 0.00360984 0.0039243 0.0397485 
2006 0 0 0.0115155 0.179449 0.155855 0.114002 0.0376915 0.145044 0.0694778 0.0521512 0.0735027 0.0034271 0.0217167 0.0254214 0.00721839 0.00426939 0.0396704 0.00720618 0.0138571 0.0105083 0.0280159 
2007 0 0.00774377 0.0058453 0.014666 0.277344 0.0970948 0.138064 0.0516936 0.0993125 0.0573134 0.0499696 0.0571268 0 0.0218683 0.0155437 0.00720436 0 0.0360587 0.0046543 0 0.0584976 
2008 0 0.00457037 0.0381143 0.0214674 0.0213629 0.309234 0.0839954 0.093765 0.0385305 0.0837648 0.0527427 0.0671623 0.0579862 0.0138553 0.0106634 0.0207032 0.0109274 0.00406509 0.014 0.00728927 0.0458001 
2009 0 0.0188759 0.0324048 0.075909 0.0283401 0.0377707 0.257626 0.0996902 0.0928302 0.0382149 0.0663751 0.0519062 0.0348029 0.0423686 0.0155524 0.0138918 0.010828 0.00708968 0.0042113 0.0356685 0.0356441 
2010 0 0 0.0699607 0.0389175 0.118918 0.0275071 0.0241966 0.242172 0.0835179 0.0868484 0.00701873 0.0912228 0.0385314 0.0469752 0.0396882 0 0.00704008 0.0174022 0.00685357 0 0.0532296 
2011 0 0.0168961 0.0140358 0.119103 0.117346 0.107623 0.0309439 0.0137774 0.175044 0.0875731 0.0793763 0.0281944 0.0457402 0.0360655 0.0243701 0.0318308 0.00344452 0.0109276 0.0073873 0.0035409 0.0467808 
2012 0 0.0309931 0.0707802 0.0141145 0.163122 0.103678 0.0693731 0.0213899 0.0137985 0.157629 0.0673419 0.065229 0.0141136 0.0392549 0.0318265 0.0245874 0.0180467 0.0178731 0.00736977 0.0140316 0.0554472 
2013 0 0.00717807 0.134519 0.0804743 0.0560733 0.18512 0.0803724 0.0832187 0.0176365 0.0283297 0.0881504 0.0507251 0.0563152 0.00758692 0.0340813 0.0150878 0.0216591 0.0215167 0 0 0.031955 
end_table
table error_values
1990 300 300 300 300 300 300 300 300 300 300 300 300 300 300 300 300 300 300 300 300 300 
1991 300 300 300 300 300 300 300 300 300 300 300 300 300 300 300 300 300 300 300 300 300 
1992 300 300 300 300 300 300 300 300 300 300 300 300 300 300 300 300 300 300 300 300 300 
1993 300 300 300 300 300 300 300 300 300 300 300 300 300 300 300 300 300 300 300 300 300 
1994 300 300 300 300 300 300 300 300 300 300 300 300 300 300 300 300 300 300 300 300 300 
1995 300 300 300 300 300 300 300 300 300 300 300 300 300 300 300 300 300 300 300 300 300 
1996 300 300 300 300 300 300 300 300 300 300 300 300 300 300 300 300 300 300 300 300 300 
1997 300 300 300 300 300 300 300 300 300 300 300 300 300 300 300 300 300 300 300 300 300 
1998 300 300 300 300 300 300 300 300 300 300 300 300 300 300 300 300 300 300 300 300 300 
1999 300 300 300 300 300 300 300 300 300 300 300 300 300 300 300 300 300 300 300 300 300 
2000 300 300 300 300 300 300 300 300 300 300 300 300 300 300 300 300 300 300 300 300 300 
2001 300 300 300 300 300 300 300 300 300 300 300 300 300 300 300 300 300 300 300 300 300 
2002 300 300 300 300 300 300 300 300 300 300 300 300 300 300 300 300 300 300 300 300 300 
2003 300 300 300 300 300 300 300 300 300 300 300 300 300 300 300 300 300 300 300 300 300 
2004 300 300 300 300 300 300 300 300 300 300 300 300 300 300 300 300 300 300 300 300 300 
2005 300 300 300 300 300 300 300 300 300 300 300 300 300 300 300 300 300 300 300 300 300 
2006 300 300 300 300 300 300 300 300 300 300 300 300 300 300 300 300 300 300 300 300 300 
2007 300 300 300 300 300 300 300 300 300 300 300 300 300 300 300 300 300 300 300 300 300 
2008 300 300 300 300 300 300 300 300 300 300 300 300 300 300 300 300 300 300 300 300 300 
2009 300 300 300 300 300 300 300 300 300 300 300 300 300 300 300 300 300 300 300 300 300 
2010 300 300 300 300 300 300 300 300 300 300 300 300 300 300 300 300 300 300 300 300 300 
2011 300 300 300 300 300 300 300 300 300 300 300 300 300 300 300 300 300 300 300 300 300 
2012 300 300 300 300 300 300 300 300 300 300 300 300 300 300 300 300 300 300 300 300 300 
2013 300 300 300 300 300 300 300 300 300 300 300 300 300 300 300 300 300 300 300 300 300 
end_table

