@observation fishery_age_ALK_BP_sim
age_allocation_method proportional 
ageing_error age_error 
fishery_label Fishing_LL 
layer_of_stratum_definitions area_definition 
process_label fishing 
strata_to_include BP 
type mortality_event_biomass_scaled_age_frequency 
years 1990 1991 1992 1993 1994 1995 1996 1997 1998 1999 2000 2001 2002 2003 2004 2005 2006 2007 2008 2009 2010 2011 2012 2013 
table obs
1990 0.229586 0.161263 0.137231 0.113306 0.0905828 0.0700454 0.0523374 0.0390735 0.0282658 0.0233802 0.0133601 0.0111201 0.0107724 0.00359079 0.00368414 0.00368414 0 0.00520827 0 0.00350867 0 0 0 0 0 0 0 0 0 0 0 0 0 0 0 0 0 0 0 0 
1991 0.0820433 0.240154 0.158461 0.127959 0.100431 0.076695 0.0574392 0.0418521 0.0310668 0.0210588 0.017549 0.012562 0.0115126 0.00383753 0.0039647 0.0039647 0 0.00582489 0 0 0 0.0036237 0 0 0 0 0 0 0 0 0 0 0 0 0 0 0 0 0 0 
1992 0.199144 0.076017 0.208615 0.13087 0.101493 0.0759468 0.0566712 0.0413266 0.0294178 0.0169529 0.0203435 0.0112805 0.0111972 0.00373239 0.00401614 0.00401614 0.00553788 0 0 0 0 0.00342071 0 0 0 0 0 0 0 0 0 0 0 0 0 0 0 0 0 0 
1993 0.138698 0.195282 0.0712789 0.184175 0.110108 0.0822547 0.0597048 0.0432942 0.0315927 0.0390433 0 0.0116971 0.0113603 0.00378678 0.00828553 0 0 0 0.0057883 0.00365036 0 0 0 0 0 0 0 0 0 0 0 0 0 0 0 0 0 0 0 0 
1994 0.320211 0.110847 0.146427 0.0504149 0.123505 0.0707029 0.0505516 0.0364766 0.0260295 0.0284175 0.00355218 0.00963016 0.00392966 0.00785931 0 0.00658219 0.0048627 0 0 0 0 0 0 0 0 0 0 0 0 0 0 0 0 0 0 0 0 0 0 0 
1995 0.212609 0.286565 0.0934588 0.115862 0.0375655 0.0881988 0.0488459 0.0339885 0.0241696 0.0181596 0.0108958 0.00874704 0.0108439 0 0.00584019 0 0.0042499 0 0 0 0 0 0 0 0 0 0 0 0 0 0 0 0 0 0 0 0 0 0 0 
1996 0.130475 0.211755 0.26784 0.0814262 0.0947717 0.0292081 0.0660921 0.0358408 0.0243618 0.0145275 0.0145275 0.00862301 0.00349003 0.00698007 0.00575914 0 0.00432239 0 0 0 0 0 0 0 0 0 0 0 0 0 0 0 0 0 0 0 0 0 0 0 
1997 0.239237 0.115638 0.175399 0.206451 0.0592754 0.0657875 0.0199624 0.0433937 0.0229242 0.0186833 0.00747334 0.00769546 0.0046595 0.0046595 0.0050536 0 0.00370632 0 0 0 0 0 0 0 0 0 0 0 0 0 0 0 0 0 0 0 0 0 0 0 
1998 0.458826 0.14972 0.0672147 0.0968614 0.108079 0.0294389 0.0318596 0.00930614 0.0201921 0.0141479 0.00353698 0.00477589 0.0060414 0 0 0 0 0 0 0 0 0 0 0 0 0 0 0 0 0 0 0 0 0 0 0 0 0 0 0 
1999 0.19329 0.406811 0.123566 0.0526031 0.0709835 0.0758502 0.0198988 0.020895 0.00595263 0.0119266 0.00795105 0.00471421 0 0.00555905 0 0 0 0 0 0 0 0 0 0 0 0 0 0 0 0 0 0 0 0 0 0 0 0 0 0 
2000 0.2817 0.155459 0.306545 0.0874732 0.0348523 0.0448445 0.0460174 0.0118114 0.0121731 0.00359148 0.00718296 0.00386668 0.004483 0 0 0 0 0 0 0 0 0 0 0 0 0 0 0 0 0 0 0 0 0 0 0 0 0 0 0 
2001 0.366386 0.198992 0.1035 0.189683 0.0517598 0.0194063 0.0243011 0.0243238 0.00632797 0.00809529 0 0.00380669 0 0.00341742 0 0 0 0 0 0 0 0 0 0 0 0 0 0 0 0 0 0 0 0 0 0 0 0 0 0 
2002 0.172857 0.328266 0.169767 0.0839192 0.146508 0.0381622 0.0142789 0.0170925 0.016597 0.00428619 0.00428619 0 0.00397843 0 0 0 0 0 0 0 0 0 0 0 0 0 0 0 0 0 0 0 0 0 0 0 0 0 0 0 
2003 0.29979 0.135247 0.241154 0.118822 0.0559507 0.0940855 0.0236218 0.00877828 0.0099785 0.00419058 0.00838116 0 0 0 0 0 0 0 0 0 0 0 0 0 0 0 0 0 0 0 0 0 0 0 0 0 0 0 0 0 
2004 0.204592 0.26041 0.111572 0.189539 0.0901975 0.0407082 0.066956 0.0166167 0.00582874 0.00678976 0.00678976 0 0 0 0 0 0 0 0 0 0 0 0 0 0 0 0 0 0 0 0 0 0 0 0 0 0 0 0 0 
2005 0.0611657 0.210588 0.25711 0.10382 0.171012 0.0774316 0.0342441 0.0547867 0.0135567 0.00359377 0.00718755 0.00550281 0 0 0 0 0 0 0 0 0 0 0 0 0 0 0 0 0 0 0 0 0 0 0 0 0 0 0 0 
2006 0.196188 0.0543235 0.179088 0.210517 0.0823784 0.129911 0.0596119 0.0254363 0.0401511 0.0131366 0 0.00418985 0.00506753 0 0 0 0 0 0 0 0 0 0 0 0 0 0 0 0 0 0 0 0 0 0 0 0 0 0 0 
2007 0.164094 0.184152 0.0480399 0.156568 0.172853 0.0652243 0.101449 0.0448802 0.0194924 0.0294634 0.00736585 0 0 0.0064172 0 0 0 0 0 0 0 0 0 0 0 0 0 0 0 0 0 0 0 0 0 0 0 0 0 0 
2008 0.539142 0.0845571 0.0923987 0.0235325 0.0721814 0.0772236 0.029052 0.0432744 0.0182908 0.00678252 0.013565 0 0 0 0 0 0 0 0 0 0 0 0 0 0 0 0 0 0 0 0 0 0 0 0 0 0 0 0 0 
2009 0.116629 0.507322 0.0759457 0.0785076 0.0195795 0.0566732 0.0609995 0.0220325 0.0323125 0.0135175 0.00675874 0.00972262 0 0 0 0 0 0 0 0 0 0 0 0 0 0 0 0 0 0 0 0 0 0 0 0 0 0 0 0 
2010 0.14608 0.107576 0.444503 0.0663271 0.0643841 0.0158055 0.0445475 0.0453567 0.0167717 0.0280976 0.00702441 0.004376 0.00915028 0 0 0 0 0 0 0 0 0 0 0 0 0 0 0 0 0 0 0 0 0 0 0 0 0 0 0 
2011 0.274423 0.116455 0.0818694 0.32673 0.0462982 0.0449282 0.0103373 0.0284971 0.0298375 0.0111987 0.0149315 0.00694702 0 0.00754649 0 0 0 0 0 0 0 0 0 0 0 0 0 0 0 0 0 0 0 0 0 0 0 0 0 0 
2012 0.145983 0.257221 0.103819 0.0688461 0.269893 0.0370531 0.0343687 0.0077649 0.0215408 0.0293739 0 0.0118284 0.00387017 0.00387017 0 0.00456796 0 0 0 0 0 0 0 0 0 0 0 0 0 0 0 0 0 0 0 0 0 0 0 0 
2013 0.107151 0.14236 0.240889 0.0962562 0.0603212 0.230177 0.0301782 0.0270439 0.00618826 0.0141948 0.0212922 0.00602878 0.01317 0 0 0.00474876 0 0 0 0 0 0 0 0 0 0 0 0 0 0 0 0 0 0 0 0 0 0 0 0 
end_table
table error_values
1990 300 300 300 300 300 300 300 300 300 300 300 300 300 300 300 300 300 300 300 300 300 300 300 300 300 300 300 300 300 300 300 300 300 300 300 300 300 300 300 300 
1991 300 300 300 300 300 300 300 300 300 300 300 300 300 300 300 300 300 300 300 300 300 300 300 300 300 300 300 300 300 300 300 300 300 300 300 300 300 300 300 300 
1992 300 300 300 300 300 300 300 300 300 300 300 300 300 300 300 300 300 300 300 300 300 300 300 300 300 300 300 300 300 300 300 300 300 300 300 300 300 300 300 300 
1993 300 300 300 300 300 300 300 300 300 300 300 300 300 300 300 300 300 300 300 300 300 300 300 300 300 300 300 300 300 300 300 300 300 300 300 300 300 300 300 300 
1994 300 300 300 300 300 300 300 300 300 300 300 300 300 300 300 300 300 300 300 300 300 300 300 300 300 300 300 300 300 300 300 300 300 300 300 300 300 300 300 300 
1995 300 300 300 300 300 300 300 300 300 300 300 300 300 300 300 300 300 300 300 300 300 300 300 300 300 300 300 300 300 300 300 300 300 300 300 300 300 300 300 300 
1996 300 300 300 300 300 300 300 300 300 300 300 300 300 300 300 300 300 300 300 300 300 300 300 300 300 300 300 300 300 300 300 300 300 300 300 300 300 300 300 300 
1997 300 300 300 300 300 300 300 300 300 300 300 300 300 300 300 300 300 300 300 300 300 300 300 300 300 300 300 300 300 300 300 300 300 300 300 300 300 300 300 300 
1998 300 300 300 300 300 300 300 300 300 300 300 300 300 300 300 300 300 300 300 300 300 300 300 300 300 300 300 300 300 300 300 300 300 300 300 300 300 300 300 300 
1999 300 300 300 300 300 300 300 300 300 300 300 300 300 300 300 300 300 300 300 300 300 300 300 300 300 300 300 300 300 300 300 300 300 300 300 300 300 300 300 300 
2000 300 300 300 300 300 300 300 300 300 300 300 300 300 300 300 300 300 300 300 300 300 300 300 300 300 300 300 300 300 300 300 300 300 300 300 300 300 300 300 300 
2001 300 300 300 300 300 300 300 300 300 300 300 300 300 300 300 300 300 300 300 300 300 300 300 300 300 300 300 300 300 300 300 300 300 300 300 300 300 300 300 300 
2002 300 300 300 300 300 300 300 300 300 300 300 300 300 300 300 300 300 300 300 300 300 300 300 300 300 300 300 300 300 300 300 300 300 300 300 300 300 300 300 300 
2003 300 300 300 300 300 300 300 300 300 300 300 300 300 300 300 300 300 300 300 300 300 300 300 300 300 300 300 300 300 300 300 300 300 300 300 300 300 300 300 300 
2004 300 300 300 300 300 300 300 300 300 300 300 300 300 300 300 300 300 300 300 300 300 300 300 300 300 300 300 300 300 300 300 300 300 300 300 300 300 300 300 300 
2005 300 300 300 300 300 300 300 300 300 300 300 300 300 300 300 300 300 300 300 300 300 300 300 300 300 300 300 300 300 300 300 300 300 300 300 300 300 300 300 300 
2006 300 300 300 300 300 300 300 300 300 300 300 300 300 300 300 300 300 300 300 300 300 300 300 300 300 300 300 300 300 300 300 300 300 300 300 300 300 300 300 300 
2007 300 300 300 300 300 300 300 300 300 300 300 300 300 300 300 300 300 300 300 300 300 300 300 300 300 300 300 300 300 300 300 300 300 300 300 300 300 300 300 300 
2008 300 300 300 300 300 300 300 300 300 300 300 300 300 300 300 300 300 300 300 300 300 300 300 300 300 300 300 300 300 300 300 300 300 300 300 300 300 300 300 300 
2009 300 300 300 300 300 300 300 300 300 300 300 300 300 300 300 300 300 300 300 300 300 300 300 300 300 300 300 300 300 300 300 300 300 300 300 300 300 300 300 300 
2010 300 300 300 300 300 300 300 300 300 300 300 300 300 300 300 300 300 300 300 300 300 300 300 300 300 300 300 300 300 300 300 300 300 300 300 300 300 300 300 300 
2011 300 300 300 300 300 300 300 300 300 300 300 300 300 300 300 300 300 300 300 300 300 300 300 300 300 300 300 300 300 300 300 300 300 300 300 300 300 300 300 300 
2012 300 300 300 300 300 300 300 300 300 300 300 300 300 300 300 300 300 300 300 300 300 300 300 300 300 300 300 300 300 300 300 300 300 300 300 300 300 300 300 300 
2013 300 300 300 300 300 300 300 300 300 300 300 300 300 300 300 300 300 300 300 300 300 300 300 300 300 300 300 300 300 300 300 300 300 300 300 300 300 300 300 300 
end_table

