@observation fishery_age_ALK_EN_sim
age_allocation_method proportional 
ageing_error age_error 
fishery_label Fishing_LL 
layer_of_stratum_definitions area_definition 
process_label fishing 
strata_to_include EN 
type mortality_event_biomass_scaled_age_frequency 
years 1990 1991 1992 1993 1994 1995 1996 1997 1998 1999 2000 2001 2002 2003 2004 2005 2006 2007 2008 2009 2010 2011 2012 2013 
table obs
1990 0 0 0.0239452 0.0524268 0.0954952 0.123371 0.107925 0.066785 0.087567 0.0630884 0.0280372 0.0525824 0.046711 0.0247784 0.0209878 0.0282163 0.0158983 0.0212256 0.0177033 0.0209014 0.102355 
1991 0 0.0303432 0.0212694 0.0768631 0.088022 0.101358 0.115387 0.0382864 0.0665622 0.0732132 0.0352315 0.0488025 0.0416702 0.0210785 0.0298046 0.0284716 0.031893 0.0141873 0.0103454 0.0108211 0.116389 
1992 0 0 0.110187 0.0562505 0.108323 0.0872727 0.0743863 0.0628477 0.0676812 0.0484527 0.0419027 0.0284889 0.0424016 0.038874 0.0245013 0.0254434 0.0288393 0.00785931 0.00788252 0.0178306 0.120575 
1993 0 0.00784493 0.0105037 0.223344 0.0866412 0.0935588 0.045049 0.087809 0.038216 0.0526203 0.0384474 0.0387704 0.028551 0.0210189 0.0315398 0.0282809 0.0117437 0.0175525 0.017798 0.0100803 0.11063 
1994 0 0.0109036 0.0258412 0.0177476 0.303445 0.0796541 0.0795002 0.0581942 0.0241379 0.0619183 0.0556181 0.0376456 0.0341444 0.0247086 0.0207252 0.0238337 0.0146516 0.0207597 0.0104378 0.0044225 0.0917111 
1995 0 0 0.0307649 0.0673694 0.0422782 0.340844 0.0661151 0.0485418 0.0596608 0.0626176 0.0244967 0.0386439 0.0242868 0.0214519 0.0139912 0.0182098 0.0138006 0.0104237 0.010834 0.0268932 0.0787759 
1996 0 0 0.0412952 0.0564103 0.108531 0.0520114 0.240185 0.0727514 0.0416302 0.052567 0.0668047 0.0313593 0.00697924 0.027724 0.0360556 0.0154912 0.0105294 0.0103538 0.00704266 0.0140105 0.108269 
1997 0 0.0220604 0.0106725 0.081066 0.101399 0.120137 0.0513977 0.245031 0.0584314 0.0308269 0.0209612 0.0148501 0.0275331 0.0283838 0.0149073 0.0246029 0.0254398 0.0105203 0.0145563 0.0106988 0.0865244 
1998 0 0.0125229 0.0737972 0.0174398 0.144334 0.106517 0.0932243 0.0279452 0.211853 0.0493307 0.041803 0.0139019 0.017333 0.0139787 0.0145053 0.024472 0.00352596 0.0102911 0 0.0154521 0.107773 
1999 0 0.0124732 0.0471454 0.182536 0.044893 0.0973635 0.0867783 0.0832936 0.00712939 0.110194 0.0668067 0.0144075 0.0207371 0.0367463 0.0222785 0.0175816 0.00701915 0.0259947 0.0291368 0.00688651 0.0805981 
2000 0 0.0101139 0.0525983 0.117623 0.206638 0.0173232 0.130976 0.04793 0.048215 0.0206468 0.120318 0.0171761 0.0239478 0.0280482 0.0320835 0.0115347 0.0151636 0.0175115 0.0110223 0.0140421 0.0570881 
2001 0 0 0.0688 0.0911809 0.198649 0.220041 0.0276645 0.0346563 0.0594364 0.0346838 0.00707919 0.0960253 0.0210525 0.0143522 0.0107766 0.00418041 0.0108484 0.00336948 0.00343247 0.00969837 0.0840732 
2002 0 0.0143677 0.0218511 0.106983 0.11401 0.214916 0.138193 0.0274856 0.0784684 0.0506658 0.0278716 0.0140219 0.0636907 0.0215685 0.0215409 0 0 0.0104783 0.00362336 0 0.0702641 
2003 0 0.0151017 0.055165 0.0341808 0.202562 0.116836 0.130897 0.131933 0.0181353 0.0668379 0.035296 0.0289387 0.0144649 0.0810817 0.00715791 0.0038335 0.0173285 0.0116461 0.00357559 0.00690277 0.0181254 
2004 0 0.0311022 0.037043 0.0769151 0.0838592 0.191407 0.136571 0.101707 0.0879511 0.0178648 0.0383877 0.0249487 0.0241077 0.00384099 0.0402348 0.0202899 0.00695915 0.00350613 0.00362634 0.00712598 0.0625524 
2005 0 0.00402304 0.110849 0.0870579 0.115011 0.0521679 0.142713 0.0767354 0.0629968 0.106458 0.0105839 0.0245542 0.0359152 0.0396893 0.0105308 0.0424768 0.0105696 0.010777 0.00715261 0 0.0497393 
2006 0 0 0.0118619 0.18319 0.113668 0.169058 0.0450078 0.0901556 0.0859146 0.0775164 0.0662292 0.0104221 0.021207 0.0180625 0.0199689 0.00338014 0.0435031 0.0034271 0 0.00350254 0.0339246 
2007 0 0.00388899 0.00780875 0.0175023 0.310978 0.0794922 0.0898367 0.0381422 0.103837 0.0632783 0.0773088 0.0389589 0.0102803 0.0146318 0.0108223 0.00746269 0.00346297 0.0394594 0.00679256 0.0140856 0.0619702 
2008 0 0.00831874 0.0409307 0.00352944 0.0536288 0.213108 0.124838 0.104436 0.0316458 0.0777301 0.0588023 0.0573693 0.0566 0.00706032 0.0351577 0.0138425 0.00361431 0 0.0424948 0.00766058 0.0592317 
2009 0 0.0147825 0.0375831 0.0690933 0.0276367 0.0342348 0.236588 0.0857904 0.117415 0.0377543 0.0935644 0.0631956 0.025292 0.0325388 0.014379 0.0284228 0.0068759 0.0107707 0 0.0177781 0.0463039 
2010 0 0 0.0629445 0.0667851 0.136667 0.0276046 0.0313171 0.253937 0.0657262 0.0893451 0.0245272 0.052084 0.0180883 0.0259891 0.0483547 0.00349044 0.0222439 0.0138027 0.00687356 0 0.0502202 
2011 0 0.0206219 0.0356053 0.12194 0.0760084 0.131147 0.0378393 0.0241166 0.15438 0.107343 0.0630444 0.00708057 0.067379 0.0306407 0.0282135 0.0313164 0 0.013875 0.0103957 0.0106868 0.0283673 
2012 0 0.0387662 0.0493367 0.0246509 0.179688 0.0795077 0.0663483 0.0102858 0.0284288 0.143692 0.0749365 0.0614045 0.0246495 0.0421304 0.0331728 0.0388843 0.0244964 0 0.00368489 0.0141807 0.0617559 
2013 0 0.00717806 0.120373 0.0982824 0.0627555 0.150716 0.0697294 0.0907367 0.0035875 0.0418599 0.134552 0.0284184 0.0420162 0.0104251 0.0400266 0.0176753 0.0180232 0.0177748 0.00352713 0.00715372 0.0351895 
end_table
table error_values
1990 300 300 300 300 300 300 300 300 300 300 300 300 300 300 300 300 300 300 300 300 300 
1991 300 300 300 300 300 300 300 300 300 300 300 300 300 300 300 300 300 300 300 300 300 
1992 300 300 300 300 300 300 300 300 300 300 300 300 300 300 300 300 300 300 300 300 300 
1993 300 300 300 300 300 300 300 300 300 300 300 300 300 300 300 300 300 300 300 300 300 
1994 300 300 300 300 300 300 300 300 300 300 300 300 300 300 300 300 300 300 300 300 300 
1995 300 300 300 300 300 300 300 300 300 300 300 300 300 300 300 300 300 300 300 300 300 
1996 300 300 300 300 300 300 300 300 300 300 300 300 300 300 300 300 300 300 300 300 300 
1997 300 300 300 300 300 300 300 300 300 300 300 300 300 300 300 300 300 300 300 300 300 
1998 300 300 300 300 300 300 300 300 300 300 300 300 300 300 300 300 300 300 300 300 300 
1999 300 300 300 300 300 300 300 300 300 300 300 300 300 300 300 300 300 300 300 300 300 
2000 300 300 300 300 300 300 300 300 300 300 300 300 300 300 300 300 300 300 300 300 300 
2001 300 300 300 300 300 300 300 300 300 300 300 300 300 300 300 300 300 300 300 300 300 
2002 300 300 300 300 300 300 300 300 300 300 300 300 300 300 300 300 300 300 300 300 300 
2003 300 300 300 300 300 300 300 300 300 300 300 300 300 300 300 300 300 300 300 300 300 
2004 300 300 300 300 300 300 300 300 300 300 300 300 300 300 300 300 300 300 300 300 300 
2005 300 300 300 300 300 300 300 300 300 300 300 300 300 300 300 300 300 300 300 300 300 
2006 300 300 300 300 300 300 300 300 300 300 300 300 300 300 300 300 300 300 300 300 300 
2007 300 300 300 300 300 300 300 300 300 300 300 300 300 300 300 300 300 300 300 300 300 
2008 300 300 300 300 300 300 300 300 300 300 300 300 300 300 300 300 300 300 300 300 300 
2009 300 300 300 300 300 300 300 300 300 300 300 300 300 300 300 300 300 300 300 300 300 
2010 300 300 300 300 300 300 300 300 300 300 300 300 300 300 300 300 300 300 300 300 300 
2011 300 300 300 300 300 300 300 300 300 300 300 300 300 300 300 300 300 300 300 300 300 
2012 300 300 300 300 300 300 300 300 300 300 300 300 300 300 300 300 300 300 300 300 300 
2013 300 300 300 300 300 300 300 300 300 300 300 300 300 300 300 300 300 300 300 300 300 
end_table

