@observation fishery_age_ALK_HG_sim
age_allocation_method proportional 
ageing_error age_error 
fishery_label Fishing_LL 
layer_of_stratum_definitions area_definition 
process_label fishing 
strata_to_include HG 
type mortality_event_biomass_scaled_age_frequency 
years 1990 1991 1992 1993 1994 1995 1996 1997 1998 1999 2000 2001 2002 2003 2004 2005 2006 2007 2008 2009 2010 2011 2012 2013 
table obs
1990 0 0.00858634 0.0348546 0.0575271 0.101264 0.0764519 0.121414 0.0481935 0.04846 0.0656497 0.0461141 0.0462163 0.0418749 0.0353071 0.0376267 0.0295921 0.0172596 0.0176172 0.0182704 0.0218401 0.125881 
1991 0 0.0116072 0.0229127 0.0793346 0.0730513 0.118745 0.10425 0.0517842 0.0636486 0.0451774 0.0608054 0.0639185 0.0398345 0.0351199 0.0184234 0.0211383 0.0234658 0.0106518 0.0145625 0.0180222 0.123547 
1992 0 0.0040272 0.0426695 0.0772451 0.0657575 0.111146 0.0587484 0.0904153 0.0704766 0.0452261 0.0605907 0.0525958 0.0347569 0.0320593 0.0281303 0.0287235 0.0212823 0.0266198 0.0106715 0.00714718 0.131711 
1993 0 0.00345728 0.0068649 0.0884768 0.0904573 0.110145 0.106903 0.0622429 0.0763786 0.0697956 0.0692608 0.0208383 0.0284024 0.0246303 0.0283938 0.0260693 0.025033 0.0143535 0.0107348 0.00716867 0.130393 
1994 0 0 0.0190527 0.024832 0.15001 0.104235 0.0687766 0.0652395 0.0687342 0.0413908 0.058307 0.0499193 0.0483948 0.0346233 0.0450699 0.0241634 0.020646 0.0242793 0.024318 0.0137173 0.114292 
1995 0 0.0148983 0.0103328 0.0787846 0.0329869 0.151249 0.0902453 0.107841 0.0453281 0.0759085 0.0454227 0.0315253 0.0313183 0.0354879 0.0209546 0.041996 0.0171939 0.0254354 0.0105341 0.021416 0.111141 
1996 0 0.0108772 0.0578553 0.0431844 0.0928188 0.031016 0.135664 0.0803427 0.0418258 0.102138 0.0452869 0.0352362 0.0634423 0.0211186 0.0282612 0.0107807 0.0179397 0.0352045 0.00705363 0.0106072 0.129346 
1997 0 0 0.0289299 0.11317 0.0897344 0.0907764 0.0307979 0.0915883 0.10855 0.0422926 0.0364294 0.0422993 0.0455887 0.0346017 0.0259273 0.0385998 0.0248767 0.0254707 0.0106692 0.0103139 0.109384 
1998 0 0.00468966 0.0172351 0.100595 0.161319 0.0732868 0.0593167 0.0245017 0.114892 0.0695559 0.0535364 0.0393768 0.0489774 0.0242953 0.03115 0.0160585 0.0217593 0.0186525 0.0157409 0.0106972 0.0943642 
1999 0 0.032482 0.0411475 0.0552624 0.0915632 0.157343 0.0696012 0.0660539 0.0211238 0.0484295 0.0667361 0.0171863 0.0527548 0.0252339 0.02813 0.0324579 0.00347457 0.0192555 0.0217348 0.0203298 0.1297 
2000 0 0.00978714 0.0850679 0.0875242 0.111838 0.107829 0.122607 0.0593545 0.0313905 0.0138129 0.0637123 0.0353801 0.0283578 0.0498647 0.0245236 0.0250462 0.0118846 0.0147371 0.0075235 0.0142433 0.0955168 
2001 0 0.012917 0.0507696 0.200801 0.094209 0.0733771 0.0631397 0.0882128 0.0602056 0.045827 0.0105625 0.053505 0.035882 0.02152 0.0251704 0.00367796 0.0150431 0.0254033 0.0184746 0.0144679 0.0868349 
2002 0 0.0303602 0.0556318 0.0939635 0.210629 0.128039 0.058666 0.0559024 0.077061 0.0248356 0.0457677 0.00349295 0.0248 0.0281112 0.0175092 0.0213177 0.0189404 0.00344469 0.0146676 0.0102112 0.0766495 
2003 0 0.014106 0.0765822 0.0916306 0.146994 0.198075 0.104539 0.0347305 0.038653 0.0593763 0.0246759 0.0214283 0.01072 0.0175648 0.0106042 0.0143127 0.0151702 0.010675 0.0106786 0.00708264 0.092401 
2004 0 0.0165455 0.0459198 0.133899 0.197254 0.0968175 0.18696 0.0733575 0.0314127 0.0242483 0.0239657 0.0209686 0.00687762 0.00343521 0.0144847 0.015687 0.0242629 0.0068665 0.00675393 0.00406804 0.0662152 
2005 0 0.0121364 0.043888 0.0978974 0.224845 0.12422 0.0969098 0.137808 0.0447674 0.0142786 0.0211486 0.0538743 0.0212587 0.00351999 0.00705941 0.0104961 0.0101335 0.00339142 0.0213499 0 0.0510178 
2006 0 0.00405862 0.0329705 0.0915579 0.12539 0.170747 0.12347 0.0862074 0.130215 0.0735191 0.0175941 0.0212951 0.0282522 0.00715473 0.0114204 0 0.0140296 0.00827643 0.0116159 0.00359446 0.0386309 
2007 0 0.00371624 0.00707125 0.067506 0.215429 0.0767706 0.174133 0.119466 0.0570526 0.0912771 0.0329727 0.0210029 0.0247847 0.0112052 0 0.00703589 0.00703802 0.0183779 0.0106802 0.00342642 0.0510539 
2008 0 0.00939065 0.0158059 0.0186409 0.0959931 0.205153 0.111705 0.100779 0.0977047 0.0605823 0.0914565 0.0178751 0.0284195 0.0142502 0.0225733 0.0176532 0.00679206 0 0.014001 0.00743844 0.0637863 
2009 0 0.0455865 0.0191236 0.0569635 0.0315962 0.0776117 0.168723 0.0867145 0.1464 0.0859507 0.0420298 0.0773549 0.029712 0.0226579 0.017413 0.0247942 0.0105569 0.0072508 0 0.00691748 0.0426436 
2010 0 0.0165565 0.131994 0.0209272 0.100815 0.0277859 0.0902102 0.158532 0.0488159 0.125604 0.0669297 0.0313032 0.049258 0.0232423 0.0139196 0.00707077 0.0138724 0.0105452 0.0118894 0.00407022 0.0466592 
2011 0 0.00407721 0.0291524 0.254595 0.0502526 0.110168 0.0315713 0.0627519 0.0976322 0.02426 0.0955826 0.0351514 0.0456329 0.0629621 0.0240835 0.00358385 0.010748 0.00344645 0.00715756 0.0033949 0.0437964 
2012 0 0.017677 0.0310278 0.0387975 0.299881 0.0760992 0.056317 0.0278411 0.0640793 0.10145 0.0383504 0.0631406 0.0412599 0.025318 0.0397973 0.0213338 0.00684416 0.00352513 0.00345061 0.00684796 0.0369623 
2013 0 0.011916 0.0629112 0.0681198 0.0879371 0.318147 0.0497755 0.0422674 0.0142311 0.028228 0.072079 0.0318376 0.0694116 0.0388932 0.0180211 0.0259076 0.01118 0.014623 0 0.00825564 0.0262584 
end_table
table error_values
1990 300 300 300 300 300 300 300 300 300 300 300 300 300 300 300 300 300 300 300 300 300 
1991 300 300 300 300 300 300 300 300 300 300 300 300 300 300 300 300 300 300 300 300 300 
1992 300 300 300 300 300 300 300 300 300 300 300 300 300 300 300 300 300 300 300 300 300 
1993 300 300 300 300 300 300 300 300 300 300 300 300 300 300 300 300 300 300 300 300 300 
1994 300 300 300 300 300 300 300 300 300 300 300 300 300 300 300 300 300 300 300 300 300 
1995 300 300 300 300 300 300 300 300 300 300 300 300 300 300 300 300 300 300 300 300 300 
1996 300 300 300 300 300 300 300 300 300 300 300 300 300 300 300 300 300 300 300 300 300 
1997 300 300 300 300 300 300 300 300 300 300 300 300 300 300 300 300 300 300 300 300 300 
1998 300 300 300 300 300 300 300 300 300 300 300 300 300 300 300 300 300 300 300 300 300 
1999 300 300 300 300 300 300 300 300 300 300 300 300 300 300 300 300 300 300 300 300 300 
2000 300 300 300 300 300 300 300 300 300 300 300 300 300 300 300 300 300 300 300 300 300 
2001 300 300 300 300 300 300 300 300 300 300 300 300 300 300 300 300 300 300 300 300 300 
2002 300 300 300 300 300 300 300 300 300 300 300 300 300 300 300 300 300 300 300 300 300 
2003 300 300 300 300 300 300 300 300 300 300 300 300 300 300 300 300 300 300 300 300 300 
2004 300 300 300 300 300 300 300 300 300 300 300 300 300 300 300 300 300 300 300 300 300 
2005 300 300 300 300 300 300 300 300 300 300 300 300 300 300 300 300 300 300 300 300 300 
2006 300 300 300 300 300 300 300 300 300 300 300 300 300 300 300 300 300 300 300 300 300 
2007 300 300 300 300 300 300 300 300 300 300 300 300 300 300 300 300 300 300 300 300 300 
2008 300 300 300 300 300 300 300 300 300 300 300 300 300 300 300 300 300 300 300 300 300 
2009 300 300 300 300 300 300 300 300 300 300 300 300 300 300 300 300 300 300 300 300 300 
2010 300 300 300 300 300 300 300 300 300 300 300 300 300 300 300 300 300 300 300 300 300 
2011 300 300 300 300 300 300 300 300 300 300 300 300 300 300 300 300 300 300 300 300 300 
2012 300 300 300 300 300 300 300 300 300 300 300 300 300 300 300 300 300 300 300 300 300 
2013 300 300 300 300 300 300 300 300 300 300 300 300 300 300 300 300 300 300 300 300 300 
end_table

