@observation fishery_age_ALK_EN_sim
age_allocation_method proportional 
ageing_error age_error 
fishery_label Fishing_LL 
layer_of_stratum_definitions area_definition 
process_label fishing 
strata_to_include EN 
type mortality_event_biomass_scaled_age_frequency 
years 1990 1991 1992 1993 1994 1995 1996 1997 1998 1999 2000 2001 2002 2003 2004 2005 2006 2007 2008 2009 2010 2011 2012 2013 
table obs
1990 0 0 0.0277401 0.0609331 0.108801 0.0973247 0.101132 0.0425258 0.0740522 0.0702991 0.0595134 0.0321898 0.0435475 0.0315033 0.0210957 0.0281028 0.0211803 0.0105045 0.0210731 0.0140186 0.134463 
1991 0 0.0342967 0.0137956 0.0525624 0.0914659 0.0737548 0.0980471 0.0910494 0.0595616 0.0592003 0.0424742 0.0397146 0.0512712 0.0171258 0.0419395 0.0355037 0.0245405 0.0212869 0.0252303 0.0107525 0.116427 
1992 0 0 0.0991992 0.0779132 0.11964 0.0800922 0.0564138 0.080374 0.0697373 0.0522679 0.0370172 0.0285869 0.0318638 0.0511082 0.0213042 0.0259341 0.0357653 0.0105979 0.0140176 0.0252224 0.0829446 
1993 0 0.00369166 0.00738062 0.219974 0.0970623 0.0655582 0.0905847 0.0662714 0.0625419 0.0385774 0.0491073 0.0352652 0.0280944 0.0503038 0.024749 0.0285729 0.0104781 0.0222253 0.00703199 0.00347103 0.0890594 
1994 0 0.00749248 0.043201 0.0458909 0.275459 0.0721157 0.0551145 0.0619019 0.0445512 0.0411434 0.0516858 0.0171787 0.0212751 0.0380921 0.0274564 0.023976 0.0252246 0.00686483 0.00699343 0.0298222 0.104561 
1995 0 0.00710565 0.0197432 0.107129 0.0244296 0.299372 0.0622444 0.0451364 0.0805724 0.0350306 0.0311915 0.0242866 0.0245778 0.0155216 0.0310551 0.0175423 0.0104238 0.00367482 0.0281838 0.0104768 0.122303 
1996 0 0 0.0376292 0.06262 0.108245 0.0696968 0.266775 0.0555529 0.0382343 0.0538139 0.0419364 0.0381292 0.0175823 0.0106089 0.010558 0.0387051 0.024751 0.0211735 0 0.0174006 0.0865874 
1997 0 0.0186672 0.00358241 0.08288 0.106867 0.109971 0.0341532 0.193282 0.0445441 0.0447156 0.0522154 0.0484223 0.0420398 0.0188375 0.0275636 0.0213845 0.0286454 0.0105232 0.00340404 0.013897 0.0944047 
1998 0 0.0207115 0.0656778 0.0241966 0.106927 0.120364 0.0998065 0.030791 0.159499 0.0634512 0.0519092 0.0245785 0.043469 0.0205529 0.0281913 0.0214418 0.0108128 0 0.0104011 0.0151596 0.0820594 
1999 0 0.0165195 0.0502912 0.154846 0.034742 0.142833 0.0762606 0.0700807 0.0138556 0.149701 0.0421755 0.0206191 0.0247201 0.0269865 0.0215327 0.0175797 0.0153635 0.00700652 0.0175987 0.0214196 0.0758682 
2000 0 0.0229447 0.032697 0.135717 0.202692 0.0310569 0.0926532 0.0754352 0.0587934 0.0242682 0.122369 0.0387489 0.0141242 0.0208252 0.0168062 0.00682233 0.0183349 0.0180804 0.00348865 0.00347524 0.0606677 
2001 0 0 0.0664465 0.134575 0.137195 0.220031 0.0243714 0.0623405 0.0490228 0.034643 0.0183638 0.0973249 0.0218113 0.0104736 0.00740027 0.0147514 0 0.0105837 0.00716385 0.0179958 0.0655059 
2002 0 0.0143677 0.0115301 0.164604 0.118532 0.15649 0.166067 0.0144428 0.0484836 0.0463955 0.0345035 0.0108735 0.0862556 0.010299 0.00705498 0.00699567 0.0139715 0.00705974 0.0111905 0.00356396 0.0673192 
2003 0 0.0109831 0.0580992 0.0417354 0.213707 0.148568 0.131045 0.103738 0.0103899 0.0637985 0.025314 0.0177326 0.0102858 0.0682713 0.00337981 0.0145607 0.0072815 0.0108995 0.0144327 0.00357559 0.0422037 
2004 0 0.0344574 0.0464032 0.0782571 0.0877272 0.170924 0.0972885 0.101269 0.0913668 0.0248406 0.0641538 0.0180864 0.0144292 0.0107915 0.0724554 0.014108 0.0180153 0.00362634 0.00349809 0.00625854 0.0420443 
2005 0 0.0111106 0.0787088 0.0910599 0.153562 0.0697756 0.118485 0.0840206 0.0660967 0.109232 0.0212989 0.0313163 0.0249438 0.0395793 0.00352797 0.0319037 0.00718615 0.00700603 0 0 0.0511876 
2006 0 0 0.0136879 0.181222 0.124434 0.147866 0.041457 0.0899333 0.0653438 0.0872417 0.0726716 0.0175079 0.0262498 0.0148776 0.0287255 0.00692965 0.0145824 0.00719692 0.00590382 0 0.0541694 
2007 0 0.00774377 0.0058453 0.0109466 0.308771 0.0727457 0.0906859 0.048774 0.137891 0.0560653 0.052177 0.0725933 0.0136565 0.0228963 0.0258879 0.010897 0 0.0251716 0.0046543 0.00346297 0.0291352 
2008 0 0.00457037 0.0525614 0.0282728 0.0386039 0.271539 0.0665596 0.0977312 0.0346084 0.0889967 0.0796822 0.0510044 0.0680546 0.00352498 0.0140436 0.0174905 0.00691797 0 0.0357613 0 0.0400768 
2009 0 0.010689 0.0491473 0.081324 0.0343947 0.047853 0.248345 0.0841313 0.0889788 0.0171682 0.0794187 0.0664382 0.0363882 0.0274888 0 0.0178961 0.00672216 0.0141308 0.00687184 0.0295248 0.0530892 
2010 0 0 0.0596129 0.0768667 0.11888 0.0207506 0.0139223 0.249904 0.0482217 0.0825543 0.0348341 0.0870991 0.0262585 0.0281469 0.0533917 0.00349044 0.010493 0.0117132 0.0115339 0.00684289 0.0554836 
2011 0 0.0168961 0.0208221 0.118515 0.114748 0.124344 0.0205479 0.0277735 0.174063 0.0448684 0.0730227 0.0211557 0.0684628 0.0420945 0.0575126 0.0191092 0 0.0138915 0.0106389 0 0.0315339 
2012 0 0.0272774 0.0713017 0.0247934 0.145314 0.10708 0.0900101 0.0209886 0.00701742 0.154475 0.0563811 0.0507101 0.0364786 0.062102 0.028855 0.0319997 0.02873 0.00338625 0.0070612 0.0106663 0.0353727 
2013 0 0.00717806 0.106719 0.115214 0.0559184 0.153666 0.0804667 0.0808395 0.00361451 0.0105907 0.139245 0.0386544 0.04208 0.01283 0.0534402 0.00686853 0.0106357 0.0212744 0 0.00684538 0.0539185 
end_table
table error_values
1990 300 300 300 300 300 300 300 300 300 300 300 300 300 300 300 300 300 300 300 300 300 
1991 300 300 300 300 300 300 300 300 300 300 300 300 300 300 300 300 300 300 300 300 300 
1992 300 300 300 300 300 300 300 300 300 300 300 300 300 300 300 300 300 300 300 300 300 
1993 300 300 300 300 300 300 300 300 300 300 300 300 300 300 300 300 300 300 300 300 300 
1994 300 300 300 300 300 300 300 300 300 300 300 300 300 300 300 300 300 300 300 300 300 
1995 300 300 300 300 300 300 300 300 300 300 300 300 300 300 300 300 300 300 300 300 300 
1996 300 300 300 300 300 300 300 300 300 300 300 300 300 300 300 300 300 300 300 300 300 
1997 300 300 300 300 300 300 300 300 300 300 300 300 300 300 300 300 300 300 300 300 300 
1998 300 300 300 300 300 300 300 300 300 300 300 300 300 300 300 300 300 300 300 300 300 
1999 300 300 300 300 300 300 300 300 300 300 300 300 300 300 300 300 300 300 300 300 300 
2000 300 300 300 300 300 300 300 300 300 300 300 300 300 300 300 300 300 300 300 300 300 
2001 300 300 300 300 300 300 300 300 300 300 300 300 300 300 300 300 300 300 300 300 300 
2002 300 300 300 300 300 300 300 300 300 300 300 300 300 300 300 300 300 300 300 300 300 
2003 300 300 300 300 300 300 300 300 300 300 300 300 300 300 300 300 300 300 300 300 300 
2004 300 300 300 300 300 300 300 300 300 300 300 300 300 300 300 300 300 300 300 300 300 
2005 300 300 300 300 300 300 300 300 300 300 300 300 300 300 300 300 300 300 300 300 300 
2006 300 300 300 300 300 300 300 300 300 300 300 300 300 300 300 300 300 300 300 300 300 
2007 300 300 300 300 300 300 300 300 300 300 300 300 300 300 300 300 300 300 300 300 300 
2008 300 300 300 300 300 300 300 300 300 300 300 300 300 300 300 300 300 300 300 300 300 
2009 300 300 300 300 300 300 300 300 300 300 300 300 300 300 300 300 300 300 300 300 300 
2010 300 300 300 300 300 300 300 300 300 300 300 300 300 300 300 300 300 300 300 300 300 
2011 300 300 300 300 300 300 300 300 300 300 300 300 300 300 300 300 300 300 300 300 300 
2012 300 300 300 300 300 300 300 300 300 300 300 300 300 300 300 300 300 300 300 300 300 
2013 300 300 300 300 300 300 300 300 300 300 300 300 300 300 300 300 300 300 300 300 300 
end_table

