@observation fishery_age_ALK_BP_sim
age_allocation_method proportional 
ageing_error age_error 
fishery_label Fishing_LL 
layer_of_stratum_definitions area_definition 
process_label fishing 
strata_to_include BP 
type mortality_event_biomass_scaled_age_frequency 
years 1990 1991 1992 1993 1994 1995 1996 1997 1998 1999 2000 2001 2002 2003 2004 2005 2006 2007 2008 2009 2010 2011 2012 2013 
table obs
1990 0 0.00527397 0.050348 0.0537436 0.0916619 0.102218 0.0775709 0.0943574 0.0593875 0.0805958 0.0457531 0.0367053 0.0381689 0.0208638 0.0353455 0.0206707 0.0292 0.0216774 0.018207 0.00373685 0.114514 
1991 0 0.00362504 0.0450683 0.082153 0.0805595 0.104219 0.094645 0.0736247 0.0519349 0.0809071 0.0353145 0.0455436 0.0368716 0.0139623 0.0210515 0.031351 0.0141075 0.0434935 0.0114968 0.0221841 0.107887 
1992 0 0 0.0318748 0.0777259 0.123842 0.0748209 0.106364 0.085059 0.0776656 0.0533286 0.0282394 0.0362711 0.0435609 0.0249755 0.028156 0.0103624 0.0286342 0.0216796 0.0149634 0.024691 0.107785 
1993 0 0 0.0271002 0.105243 0.0868655 0.0974358 0.0937979 0.0869098 0.0490261 0.0693215 0.0485931 0.0624495 0.0243801 0.0255479 0.0176586 0.017408 0.0145196 0.0234968 0.017896 0.0140109 0.118339 
1994 0 0.0309083 0.0158136 0.0472652 0.128969 0.112044 0.104573 0.0803565 0.0663335 0.0523272 0.0453483 0.0210072 0.0243265 0.0243445 0.0273799 0.0269549 0.0255178 0.0107538 0.0136762 0.0103838 0.131717 
1995 0 0.0226442 0.0932207 0.0307809 0.094222 0.121238 0.0699664 0.0830994 0.0641206 0.0345531 0.0599343 0.0360793 0.0255148 0.0405351 0.0252323 0.00698124 0.0149019 0.0241182 0.0104365 0.0252073 0.117213 
1996 0 0.0108786 0.0921587 0.219234 0.0414647 0.0799068 0.0878782 0.0523353 0.0735773 0.0496093 0.0254711 0.0279813 0.0117906 0.0316242 0.0143843 0.0175266 0.0103062 0.014535 0.0265724 0.018654 0.0941112 
1997 0 0.00986715 0.0635365 0.142499 0.308868 0.0418542 0.0626943 0.0524597 0.0387862 0.0249733 0.0210037 0.0250002 0.0292809 0.0245069 0.0217112 0.0104651 0.0186117 0.017606 0.0189022 0.0155881 0.0517855 
1998 0 0.0426098 0.0290355 0.0986151 0.201724 0.255261 0.0355912 0.0396029 0.0751295 0.0244606 0.0217577 0.013918 0.0177051 0.0256067 0.00851918 0.00680641 0.0102114 0.0144707 0.00340501 0.00713719 0.0684323 
1999 0 0.00353536 0.123114 0.0734149 0.154986 0.176991 0.219877 0.00683598 0.0357553 0.0327489 0.0221496 0.00695084 0.0144791 0.0243458 0.00396679 0.00345036 0.0178967 0.00381184 0 0.0111615 0.0645296 
2000 0 0.0106348 0.0393132 0.237774 0.101529 0.147504 0.146792 0.140661 0.0105991 0.0220399 0.0177583 0.00698286 0.0221476 0.0181482 0.00370632 0.00343649 0.00749144 0.0110688 0.00657758 0.00716738 0.0386674 
2001 0 0.0219067 0.0392438 0.0568176 0.30006 0.124478 0.121371 0.0802071 0.100254 0.0137048 0.017661 0.0109181 0.00699216 0.0106101 0.0144194 0.0146593 0.00359002 0.00763815 0.0108185 0.00346123 0.041188 
2002 0 0.01188 0.0880857 0.090849 0.111712 0.25496 0.0632321 0.0561461 0.0839441 0.0912031 0.0104313 0.0068655 0.025956 0.0208403 0.0108005 0.00707992 0.00352658 0.00362196 0.0143532 0 0.0445132 
2003 0 0.0132164 0.0474844 0.125984 0.138947 0.0899609 0.233274 0.0765677 0.0523129 0.0471474 0.0734799 0 0.0189435 0.0143809 0.00699379 0.00778516 0.00353126 0.0123215 0.00345527 0.0069302 0.027285 
2004 0 0.0233206 0.0662963 0.069735 0.179797 0.12368 0.0701939 0.22701 0.0278683 0.0320842 0.0840587 0.0367596 0.003522 0.0140268 0 0.010516 0 0.0155591 0 0 0.0155728 
2005 0 0.0114841 0.0664589 0.0975627 0.0974892 0.18967 0.141983 0.041646 0.122316 0.0351823 0.0284793 0.0469136 0.0431877 0.00711191 0.010713 0.00689533 0.0143509 0 0.00344973 0 0.0351059 
2006 0 0.00906227 0.0313451 0.101337 0.184667 0.153143 0.084506 0.0700175 0.0594293 0.129909 0.0402941 0.0360219 0.0106752 0.0281168 0.00742987 0 0.00913469 0.0118576 0 0.0034923 0.0295609 
2007 0 0.00443755 0.0178259 0.0846343 0.203929 0.174293 0.0765068 0.0767776 0.10815 0.048305 0.0858077 0.0252268 0.0149255 0.00443978 0.0166653 0 0 0.00355021 0.0180091 0.00355021 0.0329662 
2008 0 0.00376055 0.021138 0.0760908 0.165657 0.162774 0.121321 0.0625354 0.0985624 0.0664139 0.0284042 0.0881668 0.0171711 0.00710261 0.0239648 0.0179161 0.0111042 0.00338633 0 0.00352568 0.021005 
2009 0 0.00896771 0.0144638 0.0556102 0.14233 0.15577 0.145752 0.152697 0.0457977 0.0588558 0.0451868 0.0179396 0.06671 0.0220329 0.00448385 0.0140289 0.00706863 0.00447457 0.00358237 0 0.0342491 
2010 0 0.0505596 0.0159321 0.0860417 0.0466842 0.129729 0.119153 0.100899 0.119242 0.0732243 0.0629158 0.0487926 0.0210237 0.05557 0.0206574 0.0211815 0.0141199 0.00352731 0.00339735 0 0.00734991 
2011 0 0.0295052 0.103831 0.0595347 0.102109 0.0561092 0.119777 0.099737 0.111096 0.0843337 0.0456011 0.0392485 0.0388275 0.0212008 0.0447188 0.0105566 0 0.0104127 0.00740512 0 0.0159951 
2012 0 0.0197987 0.115464 0.173959 0.0462234 0.117179 0.0142443 0.0715402 0.117682 0.0715557 0.0466735 0.028293 0.0490361 0.0218427 0 0.0213966 0.0142399 0.00704758 0.0154746 0.0119193 0.0364294 
2013 0 0.00470927 0.0703528 0.238975 0.229238 0.0527039 0.0416701 0.0332094 0.052295 0.0805364 0.0495056 0.0388808 0.0176344 0.0299534 0.00369897 0.00373735 0.0142186 0.0101865 0.0108001 0.00345755 0.0142367 
end_table
table error_values
1990 300 300 300 300 300 300 300 300 300 300 300 300 300 300 300 300 300 300 300 300 300 
1991 300 300 300 300 300 300 300 300 300 300 300 300 300 300 300 300 300 300 300 300 300 
1992 300 300 300 300 300 300 300 300 300 300 300 300 300 300 300 300 300 300 300 300 300 
1993 300 300 300 300 300 300 300 300 300 300 300 300 300 300 300 300 300 300 300 300 300 
1994 300 300 300 300 300 300 300 300 300 300 300 300 300 300 300 300 300 300 300 300 300 
1995 300 300 300 300 300 300 300 300 300 300 300 300 300 300 300 300 300 300 300 300 300 
1996 300 300 300 300 300 300 300 300 300 300 300 300 300 300 300 300 300 300 300 300 300 
1997 300 300 300 300 300 300 300 300 300 300 300 300 300 300 300 300 300 300 300 300 300 
1998 300 300 300 300 300 300 300 300 300 300 300 300 300 300 300 300 300 300 300 300 300 
1999 300 300 300 300 300 300 300 300 300 300 300 300 300 300 300 300 300 300 300 300 300 
2000 300 300 300 300 300 300 300 300 300 300 300 300 300 300 300 300 300 300 300 300 300 
2001 300 300 300 300 300 300 300 300 300 300 300 300 300 300 300 300 300 300 300 300 300 
2002 300 300 300 300 300 300 300 300 300 300 300 300 300 300 300 300 300 300 300 300 300 
2003 300 300 300 300 300 300 300 300 300 300 300 300 300 300 300 300 300 300 300 300 300 
2004 300 300 300 300 300 300 300 300 300 300 300 300 300 300 300 300 300 300 300 300 300 
2005 300 300 300 300 300 300 300 300 300 300 300 300 300 300 300 300 300 300 300 300 300 
2006 300 300 300 300 300 300 300 300 300 300 300 300 300 300 300 300 300 300 300 300 300 
2007 300 300 300 300 300 300 300 300 300 300 300 300 300 300 300 300 300 300 300 300 300 
2008 300 300 300 300 300 300 300 300 300 300 300 300 300 300 300 300 300 300 300 300 300 
2009 300 300 300 300 300 300 300 300 300 300 300 300 300 300 300 300 300 300 300 300 300 
2010 300 300 300 300 300 300 300 300 300 300 300 300 300 300 300 300 300 300 300 300 300 
2011 300 300 300 300 300 300 300 300 300 300 300 300 300 300 300 300 300 300 300 300 300 
2012 300 300 300 300 300 300 300 300 300 300 300 300 300 300 300 300 300 300 300 300 300 
2013 300 300 300 300 300 300 300 300 300 300 300 300 300 300 300 300 300 300 300 300 300 
end_table

