@observation fishery_age_ALK_EN_sim
age_allocation_method proportional 
ageing_error age_error 
fishery_label Fishing_LL 
layer_of_stratum_definitions area_definition 
process_label fishing 
strata_to_include EN 
type mortality_event_biomass_scaled_age_frequency 
years 1990 1991 1992 1993 1994 1995 1996 1997 1998 1999 2000 2001 2002 2003 2004 2005 2006 2007 2008 2009 2010 2011 2012 2013 
table obs
1990 0 0 0.0373543 0.0434634 0.0954162 0.093798 0.108932 0.0521776 0.0670067 0.0843512 0.0279298 0.0523299 0.0491 0.0495955 0.0324211 0.0140937 0.0318906 0.0141164 0.0211073 0.0172966 0.10762 
1991 0 0.0342967 0.0278373 0.0386098 0.10514 0.104697 0.0874364 0.0486908 0.0522416 0.0773489 0.052762 0.0533164 0.0388036 0.0245721 0.0241953 0.042823 0.0177806 0.0211032 0.0173447 0.0105337 0.120468 
1992 0 0.00472117 0.108583 0.0885363 0.0913033 0.0770418 0.0673 0.0625135 0.0654361 0.0852561 0.0351843 0.0393243 0.0533337 0.0325858 0.00689975 0.0177863 0.0254259 0.0298454 0.0140054 0.0253016 0.0696164 
1993 0 0.0113474 0.021356 0.20568 0.0659224 0.107419 0.0243359 0.0591058 0.0627083 0.0486266 0.0458503 0.0629828 0.0214319 0.0104369 0.0282781 0.0175586 0.0288216 0.0184797 0.0139927 0.0149263 0.13074 
1994 0 0 0.0434156 0.0213612 0.261898 0.0929637 0.0865039 0.0621549 0.0719424 0.0345759 0.0238766 0.0423364 0.0272837 0.0170117 0.0310658 0.0352083 0.0181175 0.0189672 0.0104416 0.0107688 0.0901068 
1995 0 0.00857657 0.0254262 0.0783848 0.0249108 0.334506 0.0801487 0.0696767 0.0502212 0.0384467 0.0349962 0.0176587 0.035531 0.0284192 0.0314123 0.0234464 0.0143921 0.0188627 0.0070236 0.00698235 0.070978 
1996 0 0 0.0238395 0.0632292 0.111582 0.0350049 0.281689 0.0592245 0.0493402 0.0594525 0.0420247 0.0420705 0.0140239 0.031492 0.0207397 0.024518 0.0067913 0.0173052 0.0122419 0.0104214 0.09501 
1997 0 0.00837319 0.0170805 0.0836367 0.0931648 0.137385 0.0340858 0.217029 0.0480945 0.0378227 0.0446139 0.0240255 0.0386968 0.0102842 0.025016 0.0139067 0.0173475 0.0237005 0.0289103 0.00681278 0.0900132 
1998 0 0.0125229 0.0670171 0.020506 0.120723 0.133894 0.0926474 0.0485126 0.173281 0.0347082 0.0503306 0.0356784 0.0172847 0.0103116 0.0244307 0.0104892 0.0218476 0.0232933 0.0253705 0.0241316 0.0530188 
1999 0 0.00844739 0.0476278 0.158296 0.0480133 0.135878 0.0699988 0.0623658 0.0106067 0.149583 0.0324496 0.0493022 0.0432416 0.0184723 0.0387448 0.0288126 0.0139659 0.0105669 0.0107699 0 0.0628564 
2000 0 0.0229447 0.0532785 0.100513 0.185962 0.0583204 0.096492 0.0659406 0.0757997 0.0105439 0.124596 0.0173484 0.0105951 0.0105692 0.0107261 0.0140653 0.0248098 0.0174735 0.00444854 0.0135893 0.0819843 
2001 0 0.00392988 0.0588668 0.131221 0.150764 0.178618 0.0276656 0.0838086 0.0486921 0.0421004 0.0245172 0.102551 0.0111386 0.0164906 0.00706293 0.00698693 0.0143363 0.015542 0 0.0112215 0.0644865 
2002 0 0.0143677 0.010709 0.145765 0.131329 0.149112 0.179994 0.00705365 0.0726719 0.0567654 0.0285527 0.00698665 0.0709723 0.0189354 0.0174016 0.0104765 0.0045051 0.00812846 0.00359166 0.0115441 0.0511385 
2003 0 0.00409064 0.0405593 0.049753 0.195403 0.167986 0.155488 0.114793 0.00740067 0.0453103 0.0352634 0.0284429 0 0.0432236 0.0109667 0.0106803 0.00347138 0.0119806 0.00971244 0.0108405 0.054634 
2004 0 0.0344574 0.0293702 0.101252 0.0693804 0.182494 0.10599 0.100892 0.132578 0.00699773 0.0344694 0.039225 0.033475 0.0140651 0.0436788 0.0177961 0.0110616 0 0.00346894 0.0035828 0.0357644 
2005 0 0 0.0967111 0.0907458 0.153457 0.0490068 0.142647 0.0665087 0.0842655 0.104677 0.00352797 0.0175842 0.0210226 0.0140882 0.00715261 0.048919 0.0217762 0.014449 0.0118829 0.0110286 0.0405499 
2006 0 0 0.00449345 0.185387 0.129047 0.124311 0.0758601 0.113752 0.0519029 0.0619482 0.0729948 0.0105179 0.0372244 0.0148309 0.0176021 0 0.0366207 0.00346468 0.00928396 0.00346468 0.0472947 
2007 0 0.00774377 0 0.0316186 0.286859 0.089898 0.114528 0.0453767 0.127924 0.0555112 0.0335586 0.027924 0.0164193 0.0137937 0.0177561 0.0153522 0 0.0431763 0.010945 0.00789666 0.0537192 
2008 0 0.00812511 0.035023 0.0173894 0.0276035 0.271354 0.10795 0.101285 0.0452339 0.0695351 0.0534577 0.0585821 0.0572349 0.014297 0.0174387 0.0141754 0.0105193 0.00406509 0.0433093 0.00766058 0.0357614 
2009 0 0.00659559 0.0533409 0.074479 0.0414078 0.0378932 0.272015 0.0584029 0.0862567 0.0451343 0.0778733 0.0594779 0.0211612 0.0565162 0.00365407 0.0244039 0 0.00343561 0 0.0347025 0.04325 
2010 0 0 0.0668795 0.0735591 0.0943472 0.0245235 0.00695501 0.273258 0.055805 0.0823865 0.0310231 0.0733395 0.0426541 0.0471501 0.067726 0.00349044 0 0.0101791 0.0171401 0 0.0295841 
2011 0 0.0206219 0.0146844 0.135637 0.096522 0.117322 0.0276403 0.0138496 0.218981 0.0805498 0.034617 0.0383411 0.0602701 0.0254997 0.0174348 0.0256849 0.00340004 0.0109372 0.0141605 0.00753269 0.0363136 
2012 0 0.0350462 0.0772203 0.0175665 0.138669 0.111338 0.0553345 0.0278591 0.00691534 0.157706 0.0493168 0.0533351 0.0304234 0.0490647 0.0337397 0.0389962 0.0498718 0.00363097 0.00363097 0.0177349 0.0425996 
2013 0 0.0113743 0.130545 0.108146 0.0487976 0.199393 0.0559618 0.0735786 0.0219868 0.0173446 0.0997476 0.013857 0.0460735 0.00755991 0.0426517 0.0141736 0.0315369 0.030413 0 0.0187037 0.0281552 
end_table
table error_values
1990 300 300 300 300 300 300 300 300 300 300 300 300 300 300 300 300 300 300 300 300 300 
1991 300 300 300 300 300 300 300 300 300 300 300 300 300 300 300 300 300 300 300 300 300 
1992 300 300 300 300 300 300 300 300 300 300 300 300 300 300 300 300 300 300 300 300 300 
1993 300 300 300 300 300 300 300 300 300 300 300 300 300 300 300 300 300 300 300 300 300 
1994 300 300 300 300 300 300 300 300 300 300 300 300 300 300 300 300 300 300 300 300 300 
1995 300 300 300 300 300 300 300 300 300 300 300 300 300 300 300 300 300 300 300 300 300 
1996 300 300 300 300 300 300 300 300 300 300 300 300 300 300 300 300 300 300 300 300 300 
1997 300 300 300 300 300 300 300 300 300 300 300 300 300 300 300 300 300 300 300 300 300 
1998 300 300 300 300 300 300 300 300 300 300 300 300 300 300 300 300 300 300 300 300 300 
1999 300 300 300 300 300 300 300 300 300 300 300 300 300 300 300 300 300 300 300 300 300 
2000 300 300 300 300 300 300 300 300 300 300 300 300 300 300 300 300 300 300 300 300 300 
2001 300 300 300 300 300 300 300 300 300 300 300 300 300 300 300 300 300 300 300 300 300 
2002 300 300 300 300 300 300 300 300 300 300 300 300 300 300 300 300 300 300 300 300 300 
2003 300 300 300 300 300 300 300 300 300 300 300 300 300 300 300 300 300 300 300 300 300 
2004 300 300 300 300 300 300 300 300 300 300 300 300 300 300 300 300 300 300 300 300 300 
2005 300 300 300 300 300 300 300 300 300 300 300 300 300 300 300 300 300 300 300 300 300 
2006 300 300 300 300 300 300 300 300 300 300 300 300 300 300 300 300 300 300 300 300 300 
2007 300 300 300 300 300 300 300 300 300 300 300 300 300 300 300 300 300 300 300 300 300 
2008 300 300 300 300 300 300 300 300 300 300 300 300 300 300 300 300 300 300 300 300 300 
2009 300 300 300 300 300 300 300 300 300 300 300 300 300 300 300 300 300 300 300 300 300 
2010 300 300 300 300 300 300 300 300 300 300 300 300 300 300 300 300 300 300 300 300 300 
2011 300 300 300 300 300 300 300 300 300 300 300 300 300 300 300 300 300 300 300 300 300 
2012 300 300 300 300 300 300 300 300 300 300 300 300 300 300 300 300 300 300 300 300 300 
2013 300 300 300 300 300 300 300 300 300 300 300 300 300 300 300 300 300 300 300 300 300 
end_table

