@observation fishery_age_ALK_EN_sim
age_allocation_method proportional 
ageing_error age_error 
fishery_label Fishing_LL 
layer_of_stratum_definitions area_definition 
process_label fishing 
strata_to_include EN 
type mortality_event_biomass_scaled_age_frequency 
years 1990 1991 1992 1993 1994 1995 1996 1997 1998 1999 2000 2001 2002 2003 2004 2005 2006 2007 2008 2009 2010 2011 2012 2013 
table obs
1990 0 0.0117917 0.0336228 0.053137 0.0876023 0.0941031 0.0916572 0.0666642 0.0736975 0.0811243 0.0453587 0.0705505 0.0318209 0.0352572 0.0209502 0.0279897 0.010452 0.0242874 0.021012 0.00698671 0.111935 
1991 0 0.0297672 0.0183882 0.0665252 0.136937 0.0873043 0.080082 0.0871275 0.0524155 0.0701652 0.0385295 0.0242924 0.0248442 0.0315317 0.0247079 0.0167674 0.0215446 0.0173714 0.0207606 0.0106941 0.140244 
1992 0 0.00472117 0.0837677 0.0568312 0.10563 0.0907247 0.108016 0.0628146 0.0285959 0.0564478 0.0281837 0.0422513 0.0317442 0.0358879 0.0254651 0.0359351 0.0210833 0.0251094 0.0108456 0.00797613 0.13797 
1993 0 0.00415327 0.0175842 0.237185 0.0832352 0.100934 0.0589943 0.0596021 0.0594839 0.0423009 0.0209121 0.0588976 0.0176054 0.0385871 0.0293083 0.0176244 0.0174675 0.0175589 0.014801 0.0177906 0.0859747 
1994 0 0.00408136 0.0178073 0.0283496 0.293116 0.104273 0.0445594 0.0618316 0.0685575 0.051425 0.0287128 0.0298867 0.0384537 0.0240135 0.0414697 0.0147947 0.0103787 0 0.0177426 0 0.120548 
1995 0 0.00857657 0.043479 0.0750227 0.034994 0.295124 0.0760982 0.0622267 0.0529133 0.0390244 0.0312382 0.0531561 0.0252099 0.0072141 0.010389 0.0137572 0.0315323 0.0201197 0.0103904 0.0106842 0.0988504 
1996 0 0 0.0480727 0.0705506 0.101539 0.0453321 0.236433 0.0831477 0.0392118 0.0381459 0.0351945 0.0417682 0.0140681 0.0449332 0.0141101 0.0355024 0.0299261 0.00696213 0.0107054 0.00349449 0.100902 
1997 0 0.0121163 0.00356569 0.110231 0.0928631 0.141214 0.00686362 0.216408 0.0826016 0.0412089 0.0208077 0.0494772 0.0349127 0.0367404 0.0244844 0.0139493 0.00345431 0.00683558 0.00718008 0.00782756 0.0872584 
1998 0 0.00915282 0.0774277 0.0310932 0.116781 0.11321 0.103296 0.0207855 0.197548 0.0172802 0.0388683 0.0288036 0.0247599 0.0276199 0.0313909 0.0252238 0.013907 0.0119753 0.00678692 0.00339411 0.100696 
1999 0 0.0124937 0.0541256 0.16122 0.0380992 0.121186 0.0803499 0.0698794 0.0380974 0.136809 0.0316397 0.0176963 0.0399479 0.0178937 0.0289179 0.00354773 0.017964 0.018108 0.011824 0.00354647 0.0966539 
2000 0 0.0101139 0.0588942 0.103841 0.221395 0.0273326 0.103872 0.0652723 0.0461185 0.0103296 0.124152 0.0276265 0.0170554 0.0289151 0.0139747 0.0241064 0.00377272 0.0139156 0.00343656 0.00369617 0.0921795 
2001 0 0.00380305 0.0560134 0.102464 0.165171 0.189986 0.0274614 0.0869523 0.069408 0.0487593 0.00734542 0.0840407 0.0246126 0.00719465 0.00688062 0.0177037 0.0105612 0.00712849 0.00343247 0.0070973 0.0739842 
2002 0 0.0143677 0.0151732 0.134327 0.142538 0.170111 0.155394 0.0382856 0.0491334 0.0395307 0.0282236 0.00712791 0.0883149 0.0248605 0.01055 0.00849726 0.00698665 0.0139121 0 0.00674277 0.0459243 
2003 0 0.0075852 0.0595307 0.0410789 0.205502 0.162225 0.145585 0.115955 0.0139117 0.0527641 0.0140647 0.0180991 0.00705371 0.0464654 0.0140266 0.0110243 0.00724288 0.00711577 0.0110804 0.00697156 0.0527183 
2004 0 0.0317038 0.0370976 0.0766496 0.0801144 0.163511 0.133231 0.153199 0.0955784 0.0106995 0.046062 0.0138035 0.0222089 0.00707312 0.0346461 0.0181398 0.00774213 0.0148504 0.0106652 0 0.0430249 
2005 0 0 0.107702 0.0662485 0.146197 0.0314239 0.175777 0.0733402 0.101295 0.0911513 0.00345637 0.0314359 0.0342517 0.00749385 0.00710427 0.0312502 0.0107516 0.0143406 0 0.0039243 0.0628567 
2006 0 0.004701 0.0124979 0.157166 0.13825 0.151934 0.0444485 0.0912285 0.0552321 0.0626984 0.11876 0.0110425 0.0207288 0.0175237 0.0255221 0.00682025 0.0281558 0.00714195 0.00709679 0.00426939 0.0347815 
2007 0 0.00774377 0.0058453 0.0106181 0.280988 0.0728672 0.149897 0.05227 0.130138 0.0524499 0.0632305 0.0634987 0.00344304 0.0137432 0.00358453 0 0.00346297 0.0216523 0.00519178 0 0.059375 
2008 0 0.00457037 0.0351098 0.0288555 0.0381357 0.302063 0.082934 0.0836429 0.034541 0.0629812 0.084736 0.0502856 0.0539151 0.00684102 0.0184974 0.0217145 0.018372 0 0.0252903 0 0.0475142 
2009 0 0.0250365 0.0273735 0.0791448 0.0342842 0.0443127 0.202998 0.117507 0.104057 0.0342404 0.0662574 0.0590865 0.0432087 0.0453339 0.014355 0.0287243 0.00696287 0.0105445 0.00342883 0.0245474 0.0285973 
2010 0 0 0.0629356 0.084267 0.0944325 0.0311259 0.0379841 0.270355 0.0761948 0.076353 0.0170857 0.0395521 0.0432891 0.0448948 0.0427744 0 0.0223431 0 0.00693104 0.00684289 0.0426387 
2011 0 0.0159368 0.0410251 0.114125 0.0927772 0.12831 0.0137288 0.0274927 0.185838 0.0699253 0.0638596 0.0242903 0.0463679 0.0316692 0.0494541 0.0279775 0.00352487 0.0109527 0.0139464 0 0.0387985 
2012 0 0.0350462 0.0639137 0.0174431 0.138506 0.0900611 0.0863657 0.0103762 0.0244108 0.190342 0.0564686 0.0561149 0.0208288 0.053012 0.0361945 0.0291492 0.0179278 0.00714315 0.00709823 0.0142674 0.045331 
2013 0 0.00758288 0.106009 0.10909 0.0661294 0.178033 0.0731227 0.0699077 0.0104528 0.03481 0.145015 0.0210622 0.0354881 0.0215615 0.0283577 0.00699274 0.0287767 0.0163678 0 0.010667 0.0305741 
end_table
table error_values
1990 300 300 300 300 300 300 300 300 300 300 300 300 300 300 300 300 300 300 300 300 300 
1991 300 300 300 300 300 300 300 300 300 300 300 300 300 300 300 300 300 300 300 300 300 
1992 300 300 300 300 300 300 300 300 300 300 300 300 300 300 300 300 300 300 300 300 300 
1993 300 300 300 300 300 300 300 300 300 300 300 300 300 300 300 300 300 300 300 300 300 
1994 300 300 300 300 300 300 300 300 300 300 300 300 300 300 300 300 300 300 300 300 300 
1995 300 300 300 300 300 300 300 300 300 300 300 300 300 300 300 300 300 300 300 300 300 
1996 300 300 300 300 300 300 300 300 300 300 300 300 300 300 300 300 300 300 300 300 300 
1997 300 300 300 300 300 300 300 300 300 300 300 300 300 300 300 300 300 300 300 300 300 
1998 300 300 300 300 300 300 300 300 300 300 300 300 300 300 300 300 300 300 300 300 300 
1999 300 300 300 300 300 300 300 300 300 300 300 300 300 300 300 300 300 300 300 300 300 
2000 300 300 300 300 300 300 300 300 300 300 300 300 300 300 300 300 300 300 300 300 300 
2001 300 300 300 300 300 300 300 300 300 300 300 300 300 300 300 300 300 300 300 300 300 
2002 300 300 300 300 300 300 300 300 300 300 300 300 300 300 300 300 300 300 300 300 300 
2003 300 300 300 300 300 300 300 300 300 300 300 300 300 300 300 300 300 300 300 300 300 
2004 300 300 300 300 300 300 300 300 300 300 300 300 300 300 300 300 300 300 300 300 300 
2005 300 300 300 300 300 300 300 300 300 300 300 300 300 300 300 300 300 300 300 300 300 
2006 300 300 300 300 300 300 300 300 300 300 300 300 300 300 300 300 300 300 300 300 300 
2007 300 300 300 300 300 300 300 300 300 300 300 300 300 300 300 300 300 300 300 300 300 
2008 300 300 300 300 300 300 300 300 300 300 300 300 300 300 300 300 300 300 300 300 300 
2009 300 300 300 300 300 300 300 300 300 300 300 300 300 300 300 300 300 300 300 300 300 
2010 300 300 300 300 300 300 300 300 300 300 300 300 300 300 300 300 300 300 300 300 300 
2011 300 300 300 300 300 300 300 300 300 300 300 300 300 300 300 300 300 300 300 300 300 
2012 300 300 300 300 300 300 300 300 300 300 300 300 300 300 300 300 300 300 300 300 300 
2013 300 300 300 300 300 300 300 300 300 300 300 300 300 300 300 300 300 300 300 300 300 
end_table

