@observation fishery_age_ALK_EN_sim
age_allocation_method proportional 
ageing_error age_error 
fishery_label Fishing_LL 
layer_of_stratum_definitions area_definition 
process_label fishing 
strata_to_include EN 
type mortality_event_biomass_scaled_age_frequency 
years 1990 1991 1992 1993 1994 1995 1996 1997 1998 1999 2000 2001 2002 2003 2004 2005 2006 2007 2008 2009 2010 2011 2012 2013 
table obs
1990 0 0 0.030547 0.0536396 0.12634 0.112603 0.0984839 0.0770658 0.0558723 0.0739124 0.0352435 0.0457029 0.0279845 0.0247595 0.0384804 0.017534 0.0137746 0.0248886 0.0174889 0.0140254 0.111655 
1991 0 0.0303432 0.0320608 0.0484883 0.119728 0.0875387 0.0767905 0.0662699 0.0565063 0.0665689 0.0455808 0.0385215 0.0351431 0.0287906 0.0350397 0.0352549 0.0209711 0.028188 0.0123964 0.0175498 0.11827 
1992 0 0.0036883 0.0956174 0.0532281 0.0906712 0.0982406 0.0847244 0.0560559 0.0763976 0.0207044 0.0829465 0.0590963 0.0312938 0.0317538 0.0256343 0.0291315 0.0207226 0.0223486 0 0.0212358 0.0965087 
1993 0 0.0076557 0.0219195 0.198391 0.0971394 0.0834382 0.0627738 0.0554914 0.0558593 0.0485455 0.0522779 0.0421543 0.031604 0.0245072 0.0382616 0.0327525 0.0139101 0.025683 0.0217929 0.0184875 0.0673546 
1994 0 0.00792233 0.0214504 0.0394122 0.310408 0.0759987 0.0652865 0.0375284 0.0582811 0.0481593 0.0385054 0.0307901 0.0278954 0.024921 0.0419386 0.0172276 0.0242153 0.0141108 0 0.0216773 0.0942718 
1995 0 0.00502375 0.029262 0.0715825 0.049042 0.326119 0.0696151 0.0588423 0.0419744 0.0457575 0.0277265 0.0255903 0.0223954 0.0176917 0.017244 0.0282306 0.01754 0.0268732 0.0189349 0.0179317 0.082623 
1996 0 0 0.0344309 0.0670628 0.125287 0.0521338 0.243562 0.0315 0.0526243 0.0522963 0.0593146 0.0521903 0.0282807 0.0260868 0.0291085 0.0109148 0.0176271 0.0252413 0.021454 0.0184102 0.0524738 
1997 0 0.0284265 0.00358241 0.0836894 0.0791858 0.096433 0.0342998 0.219321 0.0582796 0.0312495 0.0592394 0.041469 0.0215035 0.0310896 0.0391608 0.0291351 0.0183739 0.00687721 0.0170857 0.0109768 0.0906218 
1998 0 0.00447277 0.0784798 0.024364 0.116835 0.103258 0.106365 0.0346504 0.167719 0.0348923 0.0344961 0.0315623 0.0182015 0.0349691 0.0216811 0.0202075 0.0284983 0.014471 0.0145285 0.00721869 0.10313 
1999 0 0.0124937 0.0687101 0.167991 0.0210867 0.121721 0.079821 0.0595637 0.0352708 0.129175 0.03996 0.0454907 0.0430149 0.0220881 0.0184589 0.0250519 0.0154756 0.00731085 0.00694834 0.0154394 0.0649285 
2000 0 0.026504 0.0254738 0.135171 0.18944 0.0585322 0.097276 0.0687717 0.0485465 0.0276105 0.114649 0.0142462 0.0105889 0.0277889 0.0102835 0.0219055 0.0176121 0.0211356 0.0106814 0.00369617 0.0700868 
2001 0 0.00380305 0.0658234 0.100197 0.17877 0.198966 0.0275008 0.0693828 0.0487901 0.0425103 0.0174965 0.0808274 0.0156182 0.0255106 0.0175714 0.0104325 0.00703624 0 0.00351538 0.0112215 0.075027 
2002 0 0.010294 0.0179664 0.173446 0.12839 0.127838 0.167403 0.0139285 0.0867127 0.0625163 0.0339372 0 0.0547304 0.00763456 0.0104668 0.0069635 0.0102848 0.0107622 0.00359166 0.0114672 0.0616675 
2003 0 0.00791119 0.0517112 0.0478703 0.182508 0.140986 0.159514 0.117933 0.0177276 0.0492243 0.028292 0.0216317 0.0142482 0.0532373 0.00338437 0.00696669 0.0108805 0.00346761 0.0072759 0.0103913 0.0648384 
2004 0 0.0347108 0.0492572 0.0785826 0.0625436 0.177672 0.118787 0.150009 0.0807335 0.0142389 0.0419495 0.0220684 0.0424562 0.0106386 0.0433409 0.0179416 0.0151303 0 0.0149384 0.0035828 0.0214193 
2005 0 0 0.0929413 0.0664251 0.185033 0.0380068 0.143835 0.0837827 0.0703327 0.0926054 0.00698377 0.028003 0.0384412 0.021947 0.00783509 0.0312394 0.010362 0.0102765 0.0106806 0 0.0612693 
2006 0 0 0.0115849 0.155827 0.096557 0.134839 0.0723888 0.141873 0.0619258 0.0832926 0.0816768 0.0175317 0.017464 0.0184188 0.00940636 0.00676651 0.0357699 0.00813209 0.00356787 0.00426939 0.038708 
2007 0 0.00388898 0 0.0387724 0.270532 0.130861 0.140859 0.0242385 0.106122 0.0529037 0.0174268 0.050086 0 0.0138772 0.0325438 0.0189986 0.00519178 0.031652 0.00337862 0.00726897 0.051398 
2008 0 0.00812511 0.0237831 0.0072393 0.0247045 0.299613 0.115324 0.097759 0.0557177 0.0982267 0.0522745 0.0469107 0.0317653 0.00353533 0.0216617 0.0137727 0.010386 0 0.0378907 0.00739204 0.0439188 
2009 0 0.0217182 0.0420372 0.0701924 0.034756 0.0309349 0.202904 0.0861868 0.107649 0.0171799 0.12291 0.0799992 0.0570076 0.0311944 0.0112015 0.0210166 0.00344301 0.01097 0.00342883 0.0240586 0.0212113 
2010 0 0 0.0657194 0.0748442 0.097658 0.0380559 0.0520595 0.238733 0.048218 0.107173 0.0277509 0.0541629 0.0173256 0.0320907 0.0378615 0 0.0213255 0.0084205 0.0278403 0.00347668 0.0472849 
2011 0 0.027898 0.0217541 0.110788 0.121523 0.110177 0.0139588 0.0243483 0.16283 0.0601026 0.0868712 0.0207324 0.0501557 0.0173461 0.0244694 0.0313337 0.0107635 0.0291779 0.0106345 0 0.0651356 
2012 0 0.0275511 0.0532373 0.0282398 0.145977 0.131416 0.107765 0.0175427 0.0175745 0.127189 0.0245767 0.0489186 0.0319053 0.0577575 0.0357925 0.0175876 0.0357449 0.00363097 0.00731585 0.022686 0.0575916 
2013 0 0.0109695 0.0995575 0.146871 0.0315353 0.188401 0.0698665 0.0523263 0.0247451 0.0210766 0.154301 0.0246118 0.0315862 0.0105175 0.0221541 0.00685392 0.0285604 0.0291467 0 0.0070638 0.0398556 
end_table
table error_values
1990 300 300 300 300 300 300 300 300 300 300 300 300 300 300 300 300 300 300 300 300 300 
1991 300 300 300 300 300 300 300 300 300 300 300 300 300 300 300 300 300 300 300 300 300 
1992 300 300 300 300 300 300 300 300 300 300 300 300 300 300 300 300 300 300 300 300 300 
1993 300 300 300 300 300 300 300 300 300 300 300 300 300 300 300 300 300 300 300 300 300 
1994 300 300 300 300 300 300 300 300 300 300 300 300 300 300 300 300 300 300 300 300 300 
1995 300 300 300 300 300 300 300 300 300 300 300 300 300 300 300 300 300 300 300 300 300 
1996 300 300 300 300 300 300 300 300 300 300 300 300 300 300 300 300 300 300 300 300 300 
1997 300 300 300 300 300 300 300 300 300 300 300 300 300 300 300 300 300 300 300 300 300 
1998 300 300 300 300 300 300 300 300 300 300 300 300 300 300 300 300 300 300 300 300 300 
1999 300 300 300 300 300 300 300 300 300 300 300 300 300 300 300 300 300 300 300 300 300 
2000 300 300 300 300 300 300 300 300 300 300 300 300 300 300 300 300 300 300 300 300 300 
2001 300 300 300 300 300 300 300 300 300 300 300 300 300 300 300 300 300 300 300 300 300 
2002 300 300 300 300 300 300 300 300 300 300 300 300 300 300 300 300 300 300 300 300 300 
2003 300 300 300 300 300 300 300 300 300 300 300 300 300 300 300 300 300 300 300 300 300 
2004 300 300 300 300 300 300 300 300 300 300 300 300 300 300 300 300 300 300 300 300 300 
2005 300 300 300 300 300 300 300 300 300 300 300 300 300 300 300 300 300 300 300 300 300 
2006 300 300 300 300 300 300 300 300 300 300 300 300 300 300 300 300 300 300 300 300 300 
2007 300 300 300 300 300 300 300 300 300 300 300 300 300 300 300 300 300 300 300 300 300 
2008 300 300 300 300 300 300 300 300 300 300 300 300 300 300 300 300 300 300 300 300 300 
2009 300 300 300 300 300 300 300 300 300 300 300 300 300 300 300 300 300 300 300 300 300 
2010 300 300 300 300 300 300 300 300 300 300 300 300 300 300 300 300 300 300 300 300 300 
2011 300 300 300 300 300 300 300 300 300 300 300 300 300 300 300 300 300 300 300 300 300 
2012 300 300 300 300 300 300 300 300 300 300 300 300 300 300 300 300 300 300 300 300 300 
2013 300 300 300 300 300 300 300 300 300 300 300 300 300 300 300 300 300 300 300 300 300 
end_table

