@observation fishery_age_ALK_HG_sim
age_allocation_method proportional 
ageing_error age_error 
fishery_label Fishing_LL 
layer_of_stratum_definitions area_definition 
process_label fishing 
strata_to_include HG 
type mortality_event_biomass_scaled_age_frequency 
years 1990 1991 1992 1993 1994 1995 1996 1997 1998 1999 2000 2001 2002 2003 2004 2005 2006 2007 2008 2009 2010 2011 2012 2013 
table obs
1990 0 0 0.0439202 0.0533914 0.0944481 0.083405 0.13201 0.0525848 0.0657855 0.0382987 0.0312168 0.0521301 0.0557077 0.0424626 0.0296477 0.0139772 0.0248106 0.0180669 0.0212148 0.0185238 0.128398 
1991 0 0.00800946 0.0451213 0.0462414 0.11204 0.121919 0.0763618 0.090415 0.0561038 0.0518782 0.0454579 0.0461032 0.0211085 0.0369507 0.0140085 0.0252142 0.021925 0.0142914 0.025715 0.0141289 0.127007 
1992 0 0 0.0212429 0.0497935 0.122699 0.107397 0.0762529 0.0592701 0.0451418 0.0736725 0.0275673 0.059818 0.0280127 0.0214857 0.03167 0.028393 0.026846 0.0140335 0.0285294 0.0182185 0.159957 
1993 0 0.00345728 0.010493 0.0607236 0.124656 0.0932485 0.07931 0.0869683 0.0657796 0.0591051 0.0556205 0.0241668 0.0318601 0.0472943 0.017545 0.0323799 0.0257196 0.0210685 0.00700282 0.0180712 0.13553 
1994 0 0.00467146 0.0144083 0.0213675 0.110648 0.124736 0.0972834 0.065367 0.0859557 0.0727425 0.0515687 0.0446518 0.0384501 0.0207483 0.0378236 0.038361 0.0104228 0.031906 0.0137961 0.0105454 0.104547 
1995 0 0.0115008 0.0178344 0.0693262 0.0289997 0.143011 0.107949 0.0695862 0.0555142 0.0659347 0.0549118 0.0482732 0.0278922 0.032542 0.0148406 0.0173912 0.0255487 0.0103274 0.0255613 0.0108468 0.162209 
1996 0 0.00781658 0.0346907 0.0623879 0.0716041 0.0423509 0.135083 0.062806 0.0525511 0.0661425 0.0704271 0.0560235 0.0420926 0.0352661 0.0362182 0.0178241 0.0319514 0.014315 0.0139201 0.0245619 0.121967 
1997 0 0 0.0340902 0.105403 0.0933637 0.0835086 0.0350857 0.115361 0.0619768 0.0598318 0.0527741 0.0459329 0.0211204 0.018059 0.0320828 0.0417958 0.0210465 0.0247761 0.0216105 0.0104637 0.121718 
1998 0 0.0146992 0.0107566 0.0821198 0.155511 0.0593367 0.0766449 0.0314551 0.0838884 0.0555962 0.0594642 0.0559377 0.058623 0.0313383 0.0358718 0.0293015 0.0259099 0.0268244 0.00338256 0.0104555 0.0928837 
1999 0 0.0324735 0.0340985 0.0692651 0.106081 0.153004 0.051974 0.0662564 0.0554523 0.0605597 0.0459929 0.0458056 0.0355092 0.0142763 0.0103652 0.0300839 0.032413 0.0110831 0.0144517 0.00781621 0.123039 
2000 0 0.0122108 0.114247 0.0815867 0.0870231 0.13183 0.115047 0.0382211 0.0562021 0 0.0427336 0.0351947 0.0279254 0.0292375 0.0324992 0.0183058 0.0249225 0.0210252 0.0106654 0.0189949 0.102128 
2001 0 0.0170811 0.0264698 0.192836 0.121904 0.0944652 0.0735442 0.119557 0.0316078 0.0315212 0.0106156 0.0400423 0.0359779 0.0181531 0.0211332 0.0108161 0.0148925 0.0110886 0.0219447 0.0110059 0.0953439 
2002 0 0.0226539 0.0452503 0.0556086 0.292068 0.111344 0.0589872 0.069069 0.0560429 0.0243588 0.0416388 0.00365905 0.0281397 0.0287533 0.0146525 0.0103582 0.0179702 0.0206148 0 0.00343482 0.0953962 
2003 0 0.0102761 0.0878066 0.084449 0.111811 0.233139 0.097798 0.0489827 0.0390758 0.0773973 0.0275635 0.0034899 0.00714228 0.0278732 0.0178872 0.0107088 0.0176649 0.00350098 0 0.00719566 0.0862381 
2004 0 0.0207433 0.0143343 0.188819 0.14842 0.114512 0.198102 0.0378126 0.0416499 0.017336 0.0520354 0.0103185 0.0130806 0 0.0226574 0.0243533 0.0107816 0.0112732 0.00337696 0.0104694 0.0599245 
2005 0 0.0117197 0.0648202 0.0492805 0.235526 0.137881 0.0725147 0.152026 0.055258 0.0253529 0.0244779 0.0357593 0.0104496 0.0177424 0.00703073 0.0110511 0.00929649 0.0162008 0.00337102 0.0141928 0.0460488 
2006 0 0 0.0231417 0.147539 0.10077 0.230563 0.0768011 0.0492673 0.141622 0.0558312 0.0144915 0.0354701 0.0326031 0.00715 0.00344996 0 0.0142254 0.0104076 0.0042657 0 0.0524011 
2007 0 0.00371624 0.00697439 0.105602 0.170616 0.128389 0.153034 0.0918008 0.0420678 0.128504 0.0528653 0.0217984 0.0174041 0.0145966 0.0117051 0.00707225 0.0034925 0.00727723 0.00700618 0.00354553 0.0225327 
2008 0 0.003717 0.0255321 0.0282946 0.155187 0.180301 0.0694864 0.126006 0.0699082 0.0560687 0.0888977 0.0215201 0.0181583 0.0214036 0.0207284 0.00352451 0.0106931 0.0109263 0.0149524 0.0187935 0.0559014 
2009 0 0.037847 0.0224589 0.0854704 0.0354697 0.129138 0.168695 0.0595371 0.126938 0.062764 0.0557864 0.0715828 0.0242239 0.0143365 0.0210374 0.00706372 0.0179777 0.00702995 0 0.00688853 0.0457552 
2010 0 0.00576118 0.131692 0.0528313 0.0870228 0.0140658 0.103646 0.145531 0.0696477 0.121939 0.0421427 0.0289188 0.0789262 0.00690701 0.0139582 0.0230401 0.0140558 0.00722797 0 0.0034535 0.0492337 
2011 0 0.00811602 0.0254362 0.212345 0.0468928 0.110624 0.0351518 0.0971641 0.0797666 0.0517898 0.0957772 0.06949 0.0207079 0.0402318 0.00710969 0.00681286 0.0350108 0.0146619 0 0.00748103 0.0354303 
2012 0 0.017677 0.0384602 0.0319732 0.310037 0.0654329 0.0521936 0.034562 0.0773068 0.0886245 0.0530136 0.0700736 0.0249588 0.0211314 0.0500435 0.021036 0.00711817 0.00684416 0.00824033 0.00370274 0.0175703 
2013 0 0.011916 0.0563047 0.0607847 0.0841938 0.290545 0.0628241 0.0350376 0.0246225 0.0315527 0.0604668 0.0434365 0.0686242 0.032189 0.017857 0.039604 0.0194237 0.0200449 0.00695096 0.00731513 0.0263068 
end_table
table error_values
1990 300 300 300 300 300 300 300 300 300 300 300 300 300 300 300 300 300 300 300 300 300 
1991 300 300 300 300 300 300 300 300 300 300 300 300 300 300 300 300 300 300 300 300 300 
1992 300 300 300 300 300 300 300 300 300 300 300 300 300 300 300 300 300 300 300 300 300 
1993 300 300 300 300 300 300 300 300 300 300 300 300 300 300 300 300 300 300 300 300 300 
1994 300 300 300 300 300 300 300 300 300 300 300 300 300 300 300 300 300 300 300 300 300 
1995 300 300 300 300 300 300 300 300 300 300 300 300 300 300 300 300 300 300 300 300 300 
1996 300 300 300 300 300 300 300 300 300 300 300 300 300 300 300 300 300 300 300 300 300 
1997 300 300 300 300 300 300 300 300 300 300 300 300 300 300 300 300 300 300 300 300 300 
1998 300 300 300 300 300 300 300 300 300 300 300 300 300 300 300 300 300 300 300 300 300 
1999 300 300 300 300 300 300 300 300 300 300 300 300 300 300 300 300 300 300 300 300 300 
2000 300 300 300 300 300 300 300 300 300 300 300 300 300 300 300 300 300 300 300 300 300 
2001 300 300 300 300 300 300 300 300 300 300 300 300 300 300 300 300 300 300 300 300 300 
2002 300 300 300 300 300 300 300 300 300 300 300 300 300 300 300 300 300 300 300 300 300 
2003 300 300 300 300 300 300 300 300 300 300 300 300 300 300 300 300 300 300 300 300 300 
2004 300 300 300 300 300 300 300 300 300 300 300 300 300 300 300 300 300 300 300 300 300 
2005 300 300 300 300 300 300 300 300 300 300 300 300 300 300 300 300 300 300 300 300 300 
2006 300 300 300 300 300 300 300 300 300 300 300 300 300 300 300 300 300 300 300 300 300 
2007 300 300 300 300 300 300 300 300 300 300 300 300 300 300 300 300 300 300 300 300 300 
2008 300 300 300 300 300 300 300 300 300 300 300 300 300 300 300 300 300 300 300 300 300 
2009 300 300 300 300 300 300 300 300 300 300 300 300 300 300 300 300 300 300 300 300 300 
2010 300 300 300 300 300 300 300 300 300 300 300 300 300 300 300 300 300 300 300 300 300 
2011 300 300 300 300 300 300 300 300 300 300 300 300 300 300 300 300 300 300 300 300 300 
2012 300 300 300 300 300 300 300 300 300 300 300 300 300 300 300 300 300 300 300 300 300 
2013 300 300 300 300 300 300 300 300 300 300 300 300 300 300 300 300 300 300 300 300 300 
end_table

