@observation fishery_age_ALK_HG_sim
age_allocation_method proportional 
ageing_error age_error 
fishery_label Fishing_LL 
layer_of_stratum_definitions area_definition 
process_label fishing 
strata_to_include HG 
type mortality_event_biomass_scaled_age_frequency 
years 1990 1991 1992 1993 1994 1995 1996 1997 1998 1999 2000 2001 2002 2003 2004 2005 2006 2007 2008 2009 2010 2011 2012 2013 
table obs
1990 0 0.00858634 0.0292175 0.0692398 0.0912556 0.0973097 0.0968955 0.0524062 0.0626224 0.0379704 0.03472 0.0521101 0.0413558 0.0358787 0.035204 0.053065 0.0146335 0.0219577 0.0123767 0.0141104 0.139085 
1991 0 0.00800946 0.041099 0.0856224 0.094205 0.0660149 0.0731463 0.0900809 0.0451367 0.0773977 0.0528411 0.0455695 0.0357942 0.0434132 0.0249679 0.0253783 0.0171773 0.00703832 0.0106706 0.0110663 0.145371 
1992 0 0.0040272 0.0209736 0.0636711 0.118497 0.0968617 0.0836306 0.0658246 0.0625105 0.0669555 0.0460368 0.0597882 0.0190703 0.0391177 0.0321225 0.0432514 0.0245657 0.011063 0.0174514 0.0181108 0.106471 
1993 0 0 0.0137693 0.0782342 0.103802 0.0796827 0.0864151 0.104723 0.0591243 0.0802227 0.0521911 0.0350994 0.0278492 0.0209097 0.0212131 0.0210331 0.0251081 0.0286963 0.0210045 0.0226207 0.118301 
1994 0 0 0.0225537 0.0318579 0.133016 0.0999037 0.0722313 0.0997125 0.075869 0.0723548 0.0413329 0.0413654 0.0277534 0.0171741 0.0278107 0.0211261 0.0137708 0.0241812 0.0242454 0.0190671 0.134674 
1995 0 0.0115008 0.0151763 0.0399116 0.0713211 0.146636 0.107673 0.0971819 0.059034 0.0589169 0.0418221 0.0346957 0.0249321 0.0284162 0.0290215 0.0358117 0.0104088 0.010378 0.0358913 0.0141236 0.127147 
1996 0 0.0143301 0.047355 0.0502137 0.110211 0.0420004 0.118141 0.0797002 0.0665601 0.0623646 0.0352282 0.0426266 0.0568446 0.0426301 0.0296403 0.0282685 0.0141246 0.0211689 0.0141242 0.0285956 0.0958719 
1997 0 0.0106619 0.016424 0.105574 0.0765509 0.0731927 0.0619199 0.111045 0.0555054 0.0704655 0.0599101 0.0543259 0.0351441 0.0281711 0.0263539 0.0222666 0.0106831 0.0218559 0.0142199 0.0246752 0.121055 
1998 0 0.00468966 0.0351248 0.0994513 0.183375 0.0455735 0.0837083 0.0209169 0.0487674 0.0557729 0.0459782 0.0523524 0.03903 0.0281183 0.0159221 0.0316341 0.0104691 0.0175019 0.0295357 0.0207886 0.13129 
1999 0 0.0209309 0.0378354 0.0688921 0.109911 0.160459 0.0416891 0.0731464 0.0314209 0.0562399 0.0487548 0.045762 0.0599593 0.0420689 0.030419 0.0173731 0.0217657 0.0105752 0.0165956 0.0219597 0.0842423 
2000 0 0.00929641 0.106039 0.088703 0.0696519 0.125243 0.104167 0.0770601 0.0279193 0.0253365 0.0841027 0.0320858 0.0248925 0.0260781 0.0314043 0.00354926 0.0105171 0.0179886 0.0110588 0.00743332 0.117473 
2001 0 0.0218964 0.0396929 0.192657 0.0977767 0.0596195 0.0910211 0.097811 0.0533374 0.0319255 0.00724773 0.0494577 0.0252248 0.0176736 0.0288687 0.0147302 0.0174747 0.0180592 0.0106047 0.0140404 0.110881 
2002 0 0.0268361 0.033503 0.0843987 0.267423 0.0894085 0.0735625 0.0454045 0.0764487 0.0347485 0.0278398 0.0202554 0.0486695 0.0317289 0.0178024 0.0139636 0.011224 0.010898 0.0140284 0.0104934 0.0613633 
2003 0 0.014106 0.0659101 0.105965 0.132984 0.247364 0.0769731 0.0209988 0.0525628 0.0522084 0.0283432 0.0197907 0.00707444 0.0283671 0.017545 0.0175761 0.0180929 0.0112383 0 0.0148475 0.068053 
2004 0 0.0218067 0.0252346 0.141456 0.166103 0.107796 0.169589 0.055648 0.0558681 0.0276439 0.0658623 0.0140782 0.0280532 0.00697884 0.0116583 0.0209714 0.0138554 0.0144024 0.00373569 0.0142764 0.0349821 
2005 0 0.00434706 0.0586152 0.0632706 0.231625 0.113713 0.107929 0.145434 0.067019 0.0301333 0.0141335 0.0240698 0 0.010559 0.00336275 0.0213092 0.0225021 0.00348571 0.0108165 0.0105208 0.0571545 
2006 0 0 0.0334588 0.11297 0.0867709 0.198497 0.122186 0.0599084 0.116235 0.088628 0.0210925 0.0283237 0.0178641 0.0138935 0.0161154 0.00355522 0.010754 0.00978878 0.00701911 0 0.0529396 
2007 0 0.00785907 0.00353563 0.0807037 0.19104 0.0968672 0.226526 0.0702667 0.046791 0.0914574 0.025545 0.0175395 0.0245947 0.0145298 0.00718196 0.00739494 0 0.0142362 0.0140124 0.00794461 0.0519734 
2008 0 0.0117211 0.02918 0.0180997 0.105509 0.163625 0.115226 0.138168 0.0788469 0.0816695 0.112808 0.0181848 0.0178901 0.0106959 0.0249484 0 0.0106533 0.00740933 0.0142643 0.00406294 0.0370379 
2009 0 0.0372713 0.0240176 0.0710648 0.0252444 0.122056 0.118434 0.0908629 0.16408 0.0681859 0.0329328 0.0921918 0.0454959 0.0139739 0.0210111 0.0194664 0.00720497 0.0106654 0 0 0.035841 
2010 0 0.00576118 0.128127 0.0532198 0.0940399 0.020879 0.0798299 0.17647 0.0592699 0.112259 0.0417299 0.0208382 0.0846092 0.0142174 0.0143226 0.0137564 0.0279933 0.00853671 0.0118894 0.00353322 0.0287183 
2011 0 0.0127913 0.029701 0.202253 0.0934079 0.082478 0.0209148 0.0661895 0.131079 0.0667379 0.0721254 0.0398658 0.0283907 0.0281183 0.010604 0.00700181 0.0143223 0.0256114 0.00358385 0.00357878 0.0612454 
2012 0 0.0228397 0.0293516 0.0575978 0.277425 0.0554184 0.066197 0.0178192 0.0590835 0.109333 0.0358834 0.0787138 0.0425477 0.0245502 0.0471957 0.0173642 0.0151538 0.00781645 0 0.00342588 0.0322829 
2013 0 0.00355328 0.0790075 0.0744341 0.0873225 0.300947 0.0457052 0.0492866 0.0143154 0.0318848 0.0677368 0.0176758 0.0696472 0.0575056 0.0105757 0.0357579 0.0152778 0 0.00487375 0.00729488 0.0271988 
end_table
table error_values
1990 300 300 300 300 300 300 300 300 300 300 300 300 300 300 300 300 300 300 300 300 300 
1991 300 300 300 300 300 300 300 300 300 300 300 300 300 300 300 300 300 300 300 300 300 
1992 300 300 300 300 300 300 300 300 300 300 300 300 300 300 300 300 300 300 300 300 300 
1993 300 300 300 300 300 300 300 300 300 300 300 300 300 300 300 300 300 300 300 300 300 
1994 300 300 300 300 300 300 300 300 300 300 300 300 300 300 300 300 300 300 300 300 300 
1995 300 300 300 300 300 300 300 300 300 300 300 300 300 300 300 300 300 300 300 300 300 
1996 300 300 300 300 300 300 300 300 300 300 300 300 300 300 300 300 300 300 300 300 300 
1997 300 300 300 300 300 300 300 300 300 300 300 300 300 300 300 300 300 300 300 300 300 
1998 300 300 300 300 300 300 300 300 300 300 300 300 300 300 300 300 300 300 300 300 300 
1999 300 300 300 300 300 300 300 300 300 300 300 300 300 300 300 300 300 300 300 300 300 
2000 300 300 300 300 300 300 300 300 300 300 300 300 300 300 300 300 300 300 300 300 300 
2001 300 300 300 300 300 300 300 300 300 300 300 300 300 300 300 300 300 300 300 300 300 
2002 300 300 300 300 300 300 300 300 300 300 300 300 300 300 300 300 300 300 300 300 300 
2003 300 300 300 300 300 300 300 300 300 300 300 300 300 300 300 300 300 300 300 300 300 
2004 300 300 300 300 300 300 300 300 300 300 300 300 300 300 300 300 300 300 300 300 300 
2005 300 300 300 300 300 300 300 300 300 300 300 300 300 300 300 300 300 300 300 300 300 
2006 300 300 300 300 300 300 300 300 300 300 300 300 300 300 300 300 300 300 300 300 300 
2007 300 300 300 300 300 300 300 300 300 300 300 300 300 300 300 300 300 300 300 300 300 
2008 300 300 300 300 300 300 300 300 300 300 300 300 300 300 300 300 300 300 300 300 300 
2009 300 300 300 300 300 300 300 300 300 300 300 300 300 300 300 300 300 300 300 300 300 
2010 300 300 300 300 300 300 300 300 300 300 300 300 300 300 300 300 300 300 300 300 300 
2011 300 300 300 300 300 300 300 300 300 300 300 300 300 300 300 300 300 300 300 300 300 
2012 300 300 300 300 300 300 300 300 300 300 300 300 300 300 300 300 300 300 300 300 300 
2013 300 300 300 300 300 300 300 300 300 300 300 300 300 300 300 300 300 300 300 300 300 
end_table

