@observation fishery_age_ALK_HG_sim
age_allocation_method proportional 
ageing_error age_error 
fishery_label Fishing_LL 
layer_of_stratum_definitions area_definition 
process_label fishing 
strata_to_include HG 
type mortality_event_biomass_scaled_age_frequency 
years 1990 1991 1992 1993 1994 1995 1996 1997 1998 1999 2000 2001 2002 2003 2004 2005 2006 2007 2008 2009 2010 2011 2012 2013 
table obs
1990 0 0.0132334 0.0267884 0.0748701 0.0838322 0.131794 0.0798746 0.0696293 0.0385027 0.056213 0.0519011 0.0349469 0.0349171 0.0457148 0.0456019 0.0291261 0.013369 0.0306239 0.00355944 0.0253169 0.110185 
1991 0 0.0119761 0.0302317 0.060478 0.087218 0.0904736 0.0904646 0.0875593 0.0626545 0.0557559 0.0568872 0.0561576 0.0246203 0.0247453 0.0218368 0.0174874 0.0246413 0.0180675 0.0255641 0.0109318 0.142249 
1992 0 0 0.0361463 0.0631933 0.103883 0.0765383 0.0910768 0.0765645 0.0799667 0.0668669 0.0453089 0.045712 0.0386974 0.043164 0.00700634 0.0279542 0.0116966 0.0179528 0.0251698 0.023117 0.119985 
1993 0 0.00345728 0.00867592 0.0696253 0.10747 0.0999882 0.0826168 0.0692547 0.0626864 0.0555886 0.0486324 0.0524097 0.0278149 0.0247218 0.0355875 0.0460094 0.0217708 0.0318736 0.0107729 0.0106938 0.13035 
1994 0 0 0.0227317 0.0319712 0.0876787 0.100666 0.110074 0.0824328 0.0859544 0.0346352 0.0481269 0.044746 0.0414696 0.0272524 0.0312604 0.0278359 0.0251768 0.0240024 0.0293676 0.0172172 0.127401 
1995 0 0.0115008 0.0150415 0.0718563 0.0326225 0.116054 0.094025 0.0903065 0.0626877 0.0447298 0.0550852 0.0528167 0.0382434 0.0349418 0.0177948 0.0451758 0.0241374 0.0425095 0.0154922 0.0314683 0.103511 
1996 0 0.00781658 0.045828 0.0543238 0.0718227 0.0420194 0.118356 0.0732986 0.0768912 0.0626542 0.0427014 0.0497136 0.0492308 0.0390325 0.0175515 0.021037 0.0289013 0.0354696 0.0141749 0.0105133 0.138663 
1997 0 0.00496866 0.0205549 0.0966772 0.0662833 0.104196 0.0314161 0.124969 0.0589203 0.0559944 0.0667435 0.06463 0.0320018 0.031284 0.0249208 0.0324481 0.0141558 0.0150905 0.00364373 0.0177549 0.133347 
1998 0 0.0102725 0.0267691 0.0851614 0.154693 0.0872273 0.0593519 0.0208636 0.108355 0.0280782 0.0713677 0.0245424 0.0314038 0.0424045 0.0175902 0.0143516 0.0371647 0.0479095 0.00688882 0.0289057 0.0966993 
1999 0 0.0246362 0.0569317 0.0464704 0.0912901 0.161466 0.0628432 0.0522422 0.0349251 0.0594796 0.067016 0.0499002 0.0383837 0.039036 0.0104889 0.0310193 0.0073021 0.0187197 0.017736 0.0141906 0.115923 
2000 0 0.00342824 0.0903657 0.0922175 0.0877432 0.0935457 0.129032 0.0451532 0.0596599 0.0140378 0.0495202 0.0388691 0.0456541 0.0358055 0.0360873 0.0179837 0.00683142 0.010708 0.0144254 0.00368569 0.125246 
2001 0 0.0177324 0.0466601 0.221423 0.0734379 0.0837787 0.0663588 0.0979567 0.0430572 0.0389683 0.0216769 0.0459617 0.0217854 0.0148098 0.0109037 0.0355133 0.0329866 0.0221422 0.0216144 0.00693708 0.0762956 
2002 0 0.0181866 0.0663627 0.0938718 0.260595 0.0903477 0.0556526 0.0731908 0.0734413 0.013886 0.0490938 0.0172759 0.0279621 0.0105572 0.0104068 0.0114547 0.00681646 0.0145772 0.0106557 0.00724616 0.0884192 
2003 0 0.01419 0.105097 0.0880396 0.100843 0.201815 0.0837435 0.0453378 0.0810649 0.0493286 0.0213423 0.0210867 0 0.020838 0.0141961 0.00687152 0.022108 0.0113423 0.0167186 0.0140862 0.081951 
2004 0 0.021275 0.0233891 0.141043 0.141934 0.128143 0.17686 0.0765753 0.0310766 0.0346307 0.0483976 0.017558 0.0207918 0.00676204 0.017269 0.0212196 0.00353271 0 0.0179824 0.00779327 0.0637667 
2005 0 0.0124026 0.072508 0.0590918 0.217321 0.106886 0.109913 0.117559 0.0695362 0.0244976 0.0139614 0.0310214 0.0332511 0.0209658 0 0.0179214 0.0142684 0.00689102 0.00687713 0.00966128 0.055466 
2006 0 0 0.0443523 0.108324 0.0944278 0.18797 0.126258 0.0738019 0.145283 0.0424716 0.017479 0.0246656 0.0140243 0.014275 0.0151097 0.00344996 0.0143957 0 0 0.00374524 0.0699674 
2007 0 0.00725187 0 0.0813468 0.192077 0.0796104 0.19167 0.0773257 0.0563298 0.10964 0.0415782 0.0354171 0.0319366 0.0184842 0.0148941 0.00354339 0 0.0139954 0.0138901 0.00340308 0.0276068 
2008 0 0.00939065 0.0271197 0.0280725 0.120509 0.201427 0.0733677 0.121512 0.0489595 0.0605279 0.11294 0.0291651 0.017506 0.0107254 0.0411526 0.00708371 0.0069497 0.00373644 0.0220803 0.00707261 0.0507025 
2009 0 0.04561 0.0150186 0.0749563 0.0218672 0.122565 0.174741 0.0899919 0.111958 0.0604066 0.0593691 0.0913183 0.0108497 0.0109161 0.0209966 0.0178774 0.00352691 0.00705383 0 0.0140779 0.0468996 
2010 0 0.0107953 0.108995 0.053155 0.104651 0.017222 0.0862484 0.103962 0.0760775 0.134767 0.0785277 0.0418936 0.0620377 0.0252142 0.0210276 0.00344168 0.0280401 0.0070553 0.00362617 0 0.0332628 
2011 0 0.00811602 0.0414863 0.249914 0.0654878 0.0897435 0.0417987 0.0388956 0.118155 0.0665466 0.0921051 0.0534254 0.0147073 0.0290541 0.0101918 0 0.00705755 0.0201661 0 0.0108469 0.0423023 
2012 0 0.0263386 0.0256918 0.0568192 0.306295 0.0624102 0.0420609 0.0280822 0.0662581 0.105354 0.04551 0.0572909 0.0189464 0.0104264 0.0784514 0.0266212 0 0.00345061 0 0.0105063 0.0294869 
2013 0 0.00790082 0.0605714 0.0534717 0.108324 0.280167 0.0420875 0.0529034 0.0174502 0.0461651 0.0720595 0.0396632 0.0779592 0.0256143 0.0180528 0.0359043 0 0.00581496 0.0108732 0.0191705 0.0258467 
end_table
table error_values
1990 300 300 300 300 300 300 300 300 300 300 300 300 300 300 300 300 300 300 300 300 300 
1991 300 300 300 300 300 300 300 300 300 300 300 300 300 300 300 300 300 300 300 300 300 
1992 300 300 300 300 300 300 300 300 300 300 300 300 300 300 300 300 300 300 300 300 300 
1993 300 300 300 300 300 300 300 300 300 300 300 300 300 300 300 300 300 300 300 300 300 
1994 300 300 300 300 300 300 300 300 300 300 300 300 300 300 300 300 300 300 300 300 300 
1995 300 300 300 300 300 300 300 300 300 300 300 300 300 300 300 300 300 300 300 300 300 
1996 300 300 300 300 300 300 300 300 300 300 300 300 300 300 300 300 300 300 300 300 300 
1997 300 300 300 300 300 300 300 300 300 300 300 300 300 300 300 300 300 300 300 300 300 
1998 300 300 300 300 300 300 300 300 300 300 300 300 300 300 300 300 300 300 300 300 300 
1999 300 300 300 300 300 300 300 300 300 300 300 300 300 300 300 300 300 300 300 300 300 
2000 300 300 300 300 300 300 300 300 300 300 300 300 300 300 300 300 300 300 300 300 300 
2001 300 300 300 300 300 300 300 300 300 300 300 300 300 300 300 300 300 300 300 300 300 
2002 300 300 300 300 300 300 300 300 300 300 300 300 300 300 300 300 300 300 300 300 300 
2003 300 300 300 300 300 300 300 300 300 300 300 300 300 300 300 300 300 300 300 300 300 
2004 300 300 300 300 300 300 300 300 300 300 300 300 300 300 300 300 300 300 300 300 300 
2005 300 300 300 300 300 300 300 300 300 300 300 300 300 300 300 300 300 300 300 300 300 
2006 300 300 300 300 300 300 300 300 300 300 300 300 300 300 300 300 300 300 300 300 300 
2007 300 300 300 300 300 300 300 300 300 300 300 300 300 300 300 300 300 300 300 300 300 
2008 300 300 300 300 300 300 300 300 300 300 300 300 300 300 300 300 300 300 300 300 300 
2009 300 300 300 300 300 300 300 300 300 300 300 300 300 300 300 300 300 300 300 300 300 
2010 300 300 300 300 300 300 300 300 300 300 300 300 300 300 300 300 300 300 300 300 300 
2011 300 300 300 300 300 300 300 300 300 300 300 300 300 300 300 300 300 300 300 300 300 
2012 300 300 300 300 300 300 300 300 300 300 300 300 300 300 300 300 300 300 300 300 300 
2013 300 300 300 300 300 300 300 300 300 300 300 300 300 300 300 300 300 300 300 300 300 
end_table

