@observation fishery_age_ALK_BP_sim
age_allocation_method proportional 
ageing_error age_error 
fishery_label Fishing_LL 
layer_of_stratum_definitions area_definition 
process_label fishing 
strata_to_include BP 
type mortality_event_biomass_scaled_age_frequency 
years 1990 1991 1992 1993 1994 1995 1996 1997 1998 1999 2000 2001 2002 2003 2004 2005 2006 2007 2008 2009 2010 2011 2012 2013 
table obs
1990 0 0.00527398 0.0397342 0.0465079 0.102943 0.119049 0.0843214 0.0906658 0.0523409 0.0491618 0.0454756 0.0380742 0.0279153 0.0390542 0.0364906 0.0213771 0.0138719 0.0184527 0.0184433 0.0141182 0.136729 
1991 0 0.0089053 0.0215694 0.0715325 0.102057 0.0985255 0.0977976 0.0701167 0.0452484 0.0418898 0.0705926 0.0517327 0.0381156 0.0316722 0.0246366 0.0394319 0.0264387 0.0103553 0.0175915 0.0154037 0.116387 
1992 0 0 0.0315209 0.0585088 0.108201 0.12396 0.0778264 0.0673425 0.0738725 0.0566246 0.0249262 0.0255669 0.0353575 0.0428753 0.0351301 0.0214152 0.0367571 0.0246403 0.00774941 0.0218327 0.125893 
1993 0 0 0.0174598 0.0800861 0.139415 0.0970607 0.0551691 0.0732926 0.0552447 0.0872887 0.0524131 0.065987 0.028721 0.0402272 0 0.0210365 0.0179624 0.0182459 0.0171459 0.0189151 0.11433 
1994 0 0.0309083 0.0228713 0.0608515 0.0980041 0.0942101 0.101257 0.0875307 0.0664417 0.0453631 0.0277986 0.04903 0.0554932 0.0209071 0.0348975 0.0387241 0.0233711 0.0172874 0.00686818 0.0192899 0.0988948 
1995 0 0.0297904 0.106313 0.0459285 0.103935 0.111396 0.055373 0.0765384 0.0737384 0.0475929 0.0327924 0.0360832 0.0248631 0.0237995 0.0340435 0.0180307 0.0252378 0.00362297 0.0290011 0.0034849 0.118435 
1996 0 0.0144359 0.0715306 0.215177 0.0488089 0.0729194 0.0664278 0.0843783 0.0703296 0.038327 0.0471499 0.0313801 0.0437546 0.0213447 0.0292585 0.017217 0.0115974 0.0179576 0.00706195 0.00739378 0.0835496 
1997 0 0.0134074 0.0428827 0.173504 0.269845 0.0277772 0.0381895 0.0808291 0.0391176 0.046562 0.0286398 0.0179608 0.0429706 0.021032 0.0222404 0.0221009 0.0107797 0.0188659 0.00705005 0.0071395 0.0691059 
1998 0 0.0384454 0.0397506 0.0738057 0.216214 0.262423 0.0280911 0.0536413 0.0431357 0.0321252 0.031877 0.0179045 0.0278789 0.0251204 0.0168231 0.0206681 0.00715405 0.00731078 0.00454388 0.0037095 0.0493782 
1999 0 0.00422648 0.101526 0.121179 0.131748 0.16628 0.185312 0.0103381 0.0457087 0.0327858 0.0445439 0.00780336 0.00690072 0.024916 0.0155999 0.0148222 0.00383426 0.0156101 0 0.0114804 0.0553847 
2000 0 0.00652233 0.0298958 0.237249 0.102467 0.147115 0.127129 0.136668 0.0246279 0.021616 0.0174987 0.0228487 0.0186506 0.011023 0.00370632 0 0.0158439 0.00366415 0.0113722 0.00356637 0.0585364 
2001 0 0.0171473 0.0603856 0.0745155 0.290016 0.0935463 0.0860455 0.132275 0.116038 0.01758 0.010215 0.00346798 0.00346412 0 0.00685202 0.00725878 0.0118157 0.00719439 0.0109429 0.00340215 0.0478375 
2002 0 0.0140135 0.0583756 0.108097 0.0977803 0.32132 0.0563096 0.0808229 0.0770933 0.0886515 0.00340754 0.0141171 0.021254 0.00814408 0.00722043 0 0.0125897 0.00350105 0 0 0.0273024 
2003 0 0.0245447 0.014473 0.126903 0.159044 0.0485731 0.288716 0.0598154 0.0502088 0.0719275 0.0625343 0.00732756 0.00494191 0.00707459 0.0104804 0.00345527 0 0.0034868 0.00356759 0 0.052925 
2004 0 0.019706 0.0523954 0.0836695 0.159409 0.155197 0.0532204 0.218869 0.0502141 0.0350449 0.0456034 0.0407727 0.0107671 0.0034263 0.0143608 0.00689735 0 0.00779006 0.00725868 0.00346543 0.0319325 
2005 0 0.00740172 0.0743952 0.113609 0.118296 0.152509 0.114695 0.0729656 0.134061 0.0385147 0.0243474 0.0316161 0.0429279 0.00690441 0.0106176 0.00748923 0.00386348 0.00363463 0.00336521 0.00355596 0.0352311 
2006 0 0.0127209 0.0426301 0.118929 0.177353 0.0973324 0.110751 0.111504 0.0355952 0.120753 0.0422681 0.0324783 0.0286842 0.035837 0 0.00362641 0.00418248 0.00342238 0 0.00780593 0.0141273 
2007 0 0 0.0328947 0.0886349 0.167743 0.129751 0.0869673 0.104245 0.0840457 0.0521931 0.120763 0.0291765 0.0150266 0.0110568 0.0355507 0 0 0.00735703 0 0 0.0345944 
2008 0 0.00376055 0.0135219 0.117563 0.145452 0.139004 0.135183 0.0382869 0.108753 0.0496757 0.038434 0.0579751 0.0350123 0.020824 0.0247399 0.0347949 0 0.00352568 0.0101629 0.00351564 0.0198155 
2009 0 0.00896771 0.0391758 0.0418805 0.131506 0.128281 0.176778 0.118576 0.0797811 0.0838413 0.0350979 0.0149676 0.0693554 0.0146597 0 0.015075 0.0110399 0.00448275 0.0143365 0 0.0121971 
2010 0 0.0509003 0.0265196 0.0721709 0.0312213 0.154815 0.115662 0.121815 0.108834 0.0483383 0.0560548 0.0381687 0.0285512 0.0801759 0.0137185 0.00694404 0.0177899 0.0141927 0 0.00353961 0.0105882 
2011 0 0.0368481 0.104037 0.0352295 0.133004 0.0633902 0.116313 0.131212 0.0818056 0.0770982 0.0181484 0.0424329 0.0375798 0.0247542 0.035047 0.0104386 0.00690181 0.0220727 0.00359283 0 0.0200939 
2012 0 0.0238491 0.107715 0.199055 0.0531879 0.102974 0.0141365 0.0896208 0.0676489 0.0919896 0.0501378 0.0391891 0.0487036 0.0396081 0.00339662 0.0253041 0.00354121 0.0108698 0.018615 0.00692745 0.00353084 
2013 0 0.0195402 0.0868239 0.156156 0.293655 0.0451732 0.0814605 0.0102273 0.0492273 0.0491902 0.052932 0.0216823 0.0183127 0.0211174 0.0141214 0.0113577 0.0254802 0.00373735 0.00695982 0 0.0328451 
end_table
table error_values
1990 300 300 300 300 300 300 300 300 300 300 300 300 300 300 300 300 300 300 300 300 300 
1991 300 300 300 300 300 300 300 300 300 300 300 300 300 300 300 300 300 300 300 300 300 
1992 300 300 300 300 300 300 300 300 300 300 300 300 300 300 300 300 300 300 300 300 300 
1993 300 300 300 300 300 300 300 300 300 300 300 300 300 300 300 300 300 300 300 300 300 
1994 300 300 300 300 300 300 300 300 300 300 300 300 300 300 300 300 300 300 300 300 300 
1995 300 300 300 300 300 300 300 300 300 300 300 300 300 300 300 300 300 300 300 300 300 
1996 300 300 300 300 300 300 300 300 300 300 300 300 300 300 300 300 300 300 300 300 300 
1997 300 300 300 300 300 300 300 300 300 300 300 300 300 300 300 300 300 300 300 300 300 
1998 300 300 300 300 300 300 300 300 300 300 300 300 300 300 300 300 300 300 300 300 300 
1999 300 300 300 300 300 300 300 300 300 300 300 300 300 300 300 300 300 300 300 300 300 
2000 300 300 300 300 300 300 300 300 300 300 300 300 300 300 300 300 300 300 300 300 300 
2001 300 300 300 300 300 300 300 300 300 300 300 300 300 300 300 300 300 300 300 300 300 
2002 300 300 300 300 300 300 300 300 300 300 300 300 300 300 300 300 300 300 300 300 300 
2003 300 300 300 300 300 300 300 300 300 300 300 300 300 300 300 300 300 300 300 300 300 
2004 300 300 300 300 300 300 300 300 300 300 300 300 300 300 300 300 300 300 300 300 300 
2005 300 300 300 300 300 300 300 300 300 300 300 300 300 300 300 300 300 300 300 300 300 
2006 300 300 300 300 300 300 300 300 300 300 300 300 300 300 300 300 300 300 300 300 300 
2007 300 300 300 300 300 300 300 300 300 300 300 300 300 300 300 300 300 300 300 300 300 
2008 300 300 300 300 300 300 300 300 300 300 300 300 300 300 300 300 300 300 300 300 300 
2009 300 300 300 300 300 300 300 300 300 300 300 300 300 300 300 300 300 300 300 300 300 
2010 300 300 300 300 300 300 300 300 300 300 300 300 300 300 300 300 300 300 300 300 300 
2011 300 300 300 300 300 300 300 300 300 300 300 300 300 300 300 300 300 300 300 300 300 
2012 300 300 300 300 300 300 300 300 300 300 300 300 300 300 300 300 300 300 300 300 300 
2013 300 300 300 300 300 300 300 300 300 300 300 300 300 300 300 300 300 300 300 300 300 
end_table

