@observation fishery_age_ALK_BP_sim
age_allocation_method proportional 
ageing_error age_error 
fishery_label Fishing_LL 
layer_of_stratum_definitions area_definition 
process_label fishing 
strata_to_include BP 
type mortality_event_biomass_scaled_age_frequency 
years 1990 1991 1992 1993 1994 1995 1996 1997 1998 1999 2000 2001 2002 2003 2004 2005 2006 2007 2008 2009 2010 2011 2012 2013 
table obs
1990 0 0.0067882 0.0381119 0.0676845 0.127703 0.0842529 0.0706177 0.0624256 0.0527998 0.0873734 0.0349028 0.0601912 0.0330484 0.0423124 0.0328636 0.0215267 0.0177567 0.0215152 0.0178821 0.014284 0.10596 
1991 0 0.0155249 0.0291416 0.0567862 0.0881316 0.116648 0.0837432 0.0796917 0.0697702 0.0386293 0.07389 0.0385705 0.0174149 0.0432437 0.0341339 0.0360326 0.0329065 0.0188992 0.00704153 0.0173252 0.102475 
1992 0 0 0.0401814 0.0833216 0.08542 0.1093 0.0787427 0.0673222 0.0492438 0.0635997 0.0647946 0.0370727 0.0612557 0.0283467 0.028312 0.00725561 0.0282542 0.0140163 0.0106497 0.00701342 0.135898 
1993 0 0 0.027095 0.0803961 0.107976 0.0939627 0.0972442 0.0799198 0.0553265 0.0556936 0.0483451 0.0518744 0.0379338 0.0243755 0.038201 0.0252694 0.0139719 0.0182896 0.0070558 0.0070808 0.129989 
1994 0 0.0265399 0.0204497 0.0637056 0.115903 0.0980737 0.0875404 0.0724458 0.0698911 0.0561135 0.0384615 0.0423367 0.0394768 0.0316553 0.0146538 0.0272581 0.0138147 0.0067929 0.0106006 0.00702993 0.157257 
1995 0 0.0305207 0.0985477 0.020852 0.0662107 0.11497 0.0942505 0.0835773 0.0616759 0.0667319 0.0457891 0.046536 0.0139219 0.0293661 0.0185618 0.0266052 0.0184094 0.0178856 0.0180222 0.0176535 0.109913 
1996 0 0.0179932 0.0572877 0.257005 0.0486035 0.084655 0.0877251 0.045406 0.0740449 0.0699089 0.0333444 0.0248393 0.0247482 0.0117989 0.0207373 0 0.0250483 0.010514 0.0176683 0.00365952 0.0850124 
1997 0 0.00986715 0.0529984 0.16387 0.242411 0.0312519 0.0525818 0.0556566 0.0705015 0.0602859 0.0318021 0.0247484 0.025021 0.0399829 0.0252995 0.0287184 0.0178096 0.0180336 0.00352801 0 0.0456322 
1998 0 0.035323 0.0436057 0.0905903 0.192418 0.262451 0.0430818 0.0320821 0.0752116 0.0251787 0.0363612 0.03037 0.0146954 0.0279898 0.0140007 0.0109038 0.00359864 0.0182465 0 0.00704353 0.036849 
1999 0 0 0.10632 0.0897775 0.13493 0.170039 0.206422 0.0382354 0.0358294 0.047151 0.0144568 0.0201079 0.0221086 0.0184091 0.0115758 0.0167043 0.00740767 0.00768984 0.00741715 0.00385558 0.0415628 
2000 0 0.0106348 0.0369227 0.223251 0.147057 0.115167 0.113721 0.141643 0.0244223 0.0145529 0.0329954 0.0070814 0.0159371 0.0143809 0.0103987 0.00343649 0.0103728 0.00720745 0.00729082 0.00758191 0.0559463 
2001 0 0.0181343 0.0359134 0.0742382 0.324143 0.113664 0.0827902 0.115584 0.116104 0.00343068 0.0143428 0.010884 0.00772488 0.0106272 0 0.0106895 0.00346123 0.00717447 0 0.00715946 0.0439356 
2002 0 0.0102569 0.0658647 0.0625791 0.118452 0.274145 0.0878519 0.0630078 0.0949856 0.0897015 0.0139814 0.0176078 0.0176746 0.0188709 0.0190465 0.00691592 0.0068795 0.00345796 0 0 0.0287212 
2003 0 0.0124902 0.056281 0.104488 0.159438 0.0692017 0.227258 0.0870151 0.0419019 0.0928157 0.0745991 0.00353126 0.0106288 0.00696226 0.00353126 0.00702286 0.00345527 0.00848636 0.00713519 0 0.0237572 
2004 0 0.019706 0.062515 0.0770938 0.193635 0.145133 0.0585589 0.195806 0.0344436 0.0320615 0.0509326 0.0504664 0.00720299 0.0159972 0.0106284 0.00689171 0.00342118 0 0 0.00343192 0.0320751 
2005 0 0.00764111 0.0596643 0.108275 0.148859 0.135265 0.0789609 0.074048 0.121942 0.0532786 0.0350409 0.0391169 0.0731693 0 0 0.0106147 0.00690487 0.00386348 0.00344973 0.00386348 0.0360418 
2006 0 0.0127209 0.0391488 0.128933 0.155476 0.0915247 0.124875 0.103229 0.0596585 0.145624 0.0322425 0.0366041 0.0175754 0.017604 0 0 0.00349261 0.0103374 0.00697415 0.00342238 0.0105587 
2007 0 0 0.0258391 0.0744368 0.189815 0.154598 0.0626366 0.0799626 0.108295 0.0418737 0.08846 0.0468815 0.010407 0.0323137 0.0298704 0.00342331 0 0.00355021 0.00754696 0.00355021 0.0365402 
2008 0 0.00376055 0.0107665 0.110341 0.162676 0.127802 0.126977 0.0944612 0.062729 0.0665698 0.0353492 0.0860324 0.0209373 0.0146785 0.0204142 0.0143311 0.00376089 0.00352568 0.00339027 0 0.0314976 
2009 0 0.00896771 0.0417492 0.0499679 0.113974 0.152725 0.166208 0.101441 0.0520983 0.0799128 0.0417824 0.0244835 0.0739445 0.0145571 0.00448385 0.0240561 0.0107203 0.00895732 0.00358237 0 0.026389 
2010 0 0.0509003 0.0115557 0.0869777 0.0560067 0.122925 0.127073 0.128959 0.083649 0.0381724 0.0874357 0.0595874 0.0280244 0.0241658 0.0138565 0.0347825 0.0243748 0.00360987 0.00352731 0 0.0144178 
2011 0 0.0410158 0.109851 0.0734294 0.0982326 0.0317245 0.067163 0.12102 0.111835 0.0695404 0.0435786 0.0390186 0.0524814 0.0209021 0.0615758 0.0157231 0.00692544 0.00365244 0.0192951 0.00342547 0.00961088 
2012 0 0.0283168 0.124234 0.188097 0.0425367 0.0994936 0.0141133 0.0925053 0.081997 0.0684599 0.0638775 0.0212696 0.043468 0.0242258 0.0225938 0.0249839 0.00394827 0.0246402 0.0120656 0.00473402 0.01444 
2013 0 0.0115609 0.073902 0.196988 0.249546 0.0592961 0.0494505 0.0533127 0.052401 0.0485179 0.0637426 0.0425725 0.015012 0.0288071 0 0.00733037 0.018156 0.0187294 0 0.00373735 0.00693746 
end_table
table error_values
1990 300 300 300 300 300 300 300 300 300 300 300 300 300 300 300 300 300 300 300 300 300 
1991 300 300 300 300 300 300 300 300 300 300 300 300 300 300 300 300 300 300 300 300 300 
1992 300 300 300 300 300 300 300 300 300 300 300 300 300 300 300 300 300 300 300 300 300 
1993 300 300 300 300 300 300 300 300 300 300 300 300 300 300 300 300 300 300 300 300 300 
1994 300 300 300 300 300 300 300 300 300 300 300 300 300 300 300 300 300 300 300 300 300 
1995 300 300 300 300 300 300 300 300 300 300 300 300 300 300 300 300 300 300 300 300 300 
1996 300 300 300 300 300 300 300 300 300 300 300 300 300 300 300 300 300 300 300 300 300 
1997 300 300 300 300 300 300 300 300 300 300 300 300 300 300 300 300 300 300 300 300 300 
1998 300 300 300 300 300 300 300 300 300 300 300 300 300 300 300 300 300 300 300 300 300 
1999 300 300 300 300 300 300 300 300 300 300 300 300 300 300 300 300 300 300 300 300 300 
2000 300 300 300 300 300 300 300 300 300 300 300 300 300 300 300 300 300 300 300 300 300 
2001 300 300 300 300 300 300 300 300 300 300 300 300 300 300 300 300 300 300 300 300 300 
2002 300 300 300 300 300 300 300 300 300 300 300 300 300 300 300 300 300 300 300 300 300 
2003 300 300 300 300 300 300 300 300 300 300 300 300 300 300 300 300 300 300 300 300 300 
2004 300 300 300 300 300 300 300 300 300 300 300 300 300 300 300 300 300 300 300 300 300 
2005 300 300 300 300 300 300 300 300 300 300 300 300 300 300 300 300 300 300 300 300 300 
2006 300 300 300 300 300 300 300 300 300 300 300 300 300 300 300 300 300 300 300 300 300 
2007 300 300 300 300 300 300 300 300 300 300 300 300 300 300 300 300 300 300 300 300 300 
2008 300 300 300 300 300 300 300 300 300 300 300 300 300 300 300 300 300 300 300 300 300 
2009 300 300 300 300 300 300 300 300 300 300 300 300 300 300 300 300 300 300 300 300 300 
2010 300 300 300 300 300 300 300 300 300 300 300 300 300 300 300 300 300 300 300 300 300 
2011 300 300 300 300 300 300 300 300 300 300 300 300 300 300 300 300 300 300 300 300 300 
2012 300 300 300 300 300 300 300 300 300 300 300 300 300 300 300 300 300 300 300 300 300 
2013 300 300 300 300 300 300 300 300 300 300 300 300 300 300 300 300 300 300 300 300 300 
end_table

