@observation fishery_age_ALK_HG_sim
age_allocation_method proportional 
ageing_error age_error 
fishery_label Fishing_LL 
layer_of_stratum_definitions area_definition 
process_label fishing 
strata_to_include HG 
type mortality_event_biomass_scaled_age_frequency 
years 1990 1991 1992 1993 1994 1995 1996 1997 1998 1999 2000 2001 2002 2003 2004 2005 2006 2007 2008 2009 2010 2011 2012 2013 
table obs
1990 0 0.00858634 0.038163 0.0576513 0.0736127 0.103833 0.086435 0.0940654 0.0659315 0.0505582 0.0314805 0.0775705 0.0239758 0.0363836 0.0426099 0.020937 0.0288983 0.0286115 0.00697508 0.0213951 0.102326 
1991 0 0.00800946 0.0340747 0.0788847 0.0909135 0.0766165 0.107775 0.0796935 0.0662843 0.0597388 0.0424847 0.0358014 0.0529555 0.0216671 0.0212646 0.0351322 0.0254372 0.0181758 0.0183995 0.0121621 0.11453 
1992 0 0 0.0399664 0.0632026 0.118263 0.0864442 0.086727 0.0624356 0.070324 0.0595354 0.042684 0.0242137 0.0490073 0.0357646 0.0317035 0.0352202 0.0255403 0.0215486 0.0175811 0.0191097 0.110729 
1993 0 0.00345728 0.00701535 0.0573307 0.0690911 0.141505 0.0759928 0.0516727 0.0623833 0.0584092 0.0912455 0.0494861 0.0384597 0.0294395 0.0397595 0.0354733 0.0360856 0.0210218 0.0108813 0.01566 0.10563 
1994 0 0.00467146 0.0215342 0.0324899 0.125209 0.0793562 0.0894188 0.0722626 0.0859782 0.0726354 0.0383739 0.048437 0.0384414 0.0481264 0.0394341 0.0140858 0.0242409 0.0105608 0.0244146 0.0173621 0.112968 
1995 0 0.0148983 0.0154089 0.0653868 0.0637728 0.107845 0.114341 0.065697 0.0414379 0.0553311 0.0523853 0.0310096 0.0453745 0.0321518 0.0249265 0.0399946 0.0149181 0.0221892 0.017574 0.0326844 0.142673 
1996 0 0.00436371 0.0534136 0.0506871 0.116499 0.0311174 0.119159 0.0596495 0.0663044 0.070073 0.0459162 0.0417704 0.0495606 0.049612 0.0282077 0.0355543 0.0360323 0.014705 0.0210052 0.0106186 0.0957508 
1997 0 0 0.0299218 0.109421 0.0801278 0.0931934 0.0243715 0.0976276 0.0636052 0.0695385 0.0591592 0.0493313 0.0213685 0.0392498 0.0284295 0.032084 0.0112217 0.0178064 0.0285749 0.0146201 0.130348 
1998 0 0.0191258 0.0180368 0.0572064 0.169176 0.076817 0.0734904 0.0209588 0.108298 0.0761107 0.0415776 0.0421093 0.0348616 0.032746 0.0223084 0.0326794 0.0293048 0.00358878 0.0179721 0.0339435 0.0896886 
1999 0 0.0250627 0.0222855 0.0803247 0.105727 0.178638 0.0593799 0.0631378 0.0103248 0.109584 0.0244561 0.0209705 0.0352535 0.0215686 0.0357387 0.0511058 0.0286232 0.0185826 0.0177055 0.0181146 0.0734168 
2000 0 0.00978714 0.081002 0.109373 0.0662488 0.0974114 0.143132 0.0348248 0.0813166 0.00697177 0.0779364 0.0634447 0.0141482 0.0252505 0.0180983 0.0250093 0.0348596 0.0112161 0.00729976 0.0144688 0.0782003 
2001 0 0.0177324 0.045949 0.221725 0.111659 0.0736645 0.0808981 0.0770705 0.0313804 0.0464493 0.00345138 0.0318694 0.0214924 0.0187889 0.0295917 0.0396907 0.0250168 0.00339489 0.0254805 0.0072212 0.0874741 
2002 0 0.0184716 0.0556009 0.091906 0.283708 0.0693081 0.0550013 0.0625789 0.0652078 0.0422431 0.024314 0.00356993 0.0354555 0.006972 0.0353362 0.0175497 0.0251307 0.015003 0.00344469 0.0106524 0.0785463 
2003 0 0.0179359 0.0870647 0.0804993 0.111811 0.247735 0.0730412 0.0422017 0.0349837 0.0735809 0.0316474 0.0138384 0.0139458 0.0323756 0.028361 0.014025 0.0104282 0.00709373 0.00359274 0.0150048 0.060834 
2004 0 0.0174815 0.0374479 0.148093 0.173043 0.117251 0.173604 0.0697839 0.0454769 0.0309258 0.0347262 0.010139 0.0107324 0.00337696 0.00763258 0.0127534 0.0171188 0.0180008 0.00779327 0 0.0646194 
2005 0 0.0121364 0.0506611 0.0773982 0.187208 0.131141 0.096359 0.15507 0.044869 0.0487862 0.0348814 0.0245526 0.00829769 0.00827128 0.0107792 0.0141844 0.00929649 0.0339385 0.00676245 0.0119738 0.0334326 
2006 0 0 0.0331171 0.133924 0.0594177 0.177062 0.108096 0.0947059 0.127169 0.0564874 0.0217115 0.0281386 0.0322913 0.0104727 0.014139 0.00350771 0.00359692 0.00359446 0.011227 0 0.0813419 
2007 0 0.00371624 0.00687753 0.102158 0.198531 0.111274 0.160175 0.0841155 0.0626621 0.052473 0.0386625 0.0214534 0.0244541 0.0192209 0.00715129 0.0141891 0.00697195 0.010527 0.00357976 0.0186601 0.0531485 
2008 0 0.00939065 0.0195429 0.0468878 0.0777294 0.201672 0.0732864 0.183817 0.0804036 0.0494473 0.0797787 0.0540353 0.0111113 0.0179413 0.0410191 0.00352451 0.00348361 0 0.00340728 0 0.0435219 
2009 0 0.0297849 0.031336 0.0856123 0.0211432 0.0984761 0.152869 0.0938835 0.135475 0.0486291 0.0527246 0.0739976 0.0280707 0.0212728 0.0208416 0.0180424 0.00706878 0.00701272 0.00339057 0.0160675 0.0543016 
2010 0 0.00576118 0.128742 0.0418091 0.0867016 0.0245314 0.135099 0.131236 0.0518679 0.0876136 0.0601337 0.0210664 0.0633559 0.0312312 0.0174401 0.0195285 0.00353322 0.014199 0.0210424 0 0.0551075 
2011 0 0.0127913 0.0180142 0.227419 0.0796428 0.0549739 0.0350089 0.076231 0.146947 0.0727845 0.0530785 0.0488051 0.0278298 0.0251127 0.0179725 0.0182904 0.0210513 0.00692074 0 0.00352759 0.0535995 
2012 0 0.0220078 0.033047 0.0465239 0.32087 0.0898919 0.0452723 0.0248661 0.0417328 0.09198 0.0419141 0.0749783 0.0295332 0.0174274 0.0222132 0.0107794 0.010554 0.0116662 0.0105945 0.00798269 0.0461653 
2013 0 0.0156354 0.0376052 0.0787421 0.0842788 0.332588 0.0315921 0.0456031 0.0174278 0.0638571 0.0641803 0.0292012 0.0459124 0.021434 0.0262521 0.0408835 0.00729488 0.00581496 0.00377456 0.014533 0.0333896 
end_table
table error_values
1990 300 300 300 300 300 300 300 300 300 300 300 300 300 300 300 300 300 300 300 300 300 
1991 300 300 300 300 300 300 300 300 300 300 300 300 300 300 300 300 300 300 300 300 300 
1992 300 300 300 300 300 300 300 300 300 300 300 300 300 300 300 300 300 300 300 300 300 
1993 300 300 300 300 300 300 300 300 300 300 300 300 300 300 300 300 300 300 300 300 300 
1994 300 300 300 300 300 300 300 300 300 300 300 300 300 300 300 300 300 300 300 300 300 
1995 300 300 300 300 300 300 300 300 300 300 300 300 300 300 300 300 300 300 300 300 300 
1996 300 300 300 300 300 300 300 300 300 300 300 300 300 300 300 300 300 300 300 300 300 
1997 300 300 300 300 300 300 300 300 300 300 300 300 300 300 300 300 300 300 300 300 300 
1998 300 300 300 300 300 300 300 300 300 300 300 300 300 300 300 300 300 300 300 300 300 
1999 300 300 300 300 300 300 300 300 300 300 300 300 300 300 300 300 300 300 300 300 300 
2000 300 300 300 300 300 300 300 300 300 300 300 300 300 300 300 300 300 300 300 300 300 
2001 300 300 300 300 300 300 300 300 300 300 300 300 300 300 300 300 300 300 300 300 300 
2002 300 300 300 300 300 300 300 300 300 300 300 300 300 300 300 300 300 300 300 300 300 
2003 300 300 300 300 300 300 300 300 300 300 300 300 300 300 300 300 300 300 300 300 300 
2004 300 300 300 300 300 300 300 300 300 300 300 300 300 300 300 300 300 300 300 300 300 
2005 300 300 300 300 300 300 300 300 300 300 300 300 300 300 300 300 300 300 300 300 300 
2006 300 300 300 300 300 300 300 300 300 300 300 300 300 300 300 300 300 300 300 300 300 
2007 300 300 300 300 300 300 300 300 300 300 300 300 300 300 300 300 300 300 300 300 300 
2008 300 300 300 300 300 300 300 300 300 300 300 300 300 300 300 300 300 300 300 300 300 
2009 300 300 300 300 300 300 300 300 300 300 300 300 300 300 300 300 300 300 300 300 300 
2010 300 300 300 300 300 300 300 300 300 300 300 300 300 300 300 300 300 300 300 300 300 
2011 300 300 300 300 300 300 300 300 300 300 300 300 300 300 300 300 300 300 300 300 300 
2012 300 300 300 300 300 300 300 300 300 300 300 300 300 300 300 300 300 300 300 300 300 
2013 300 300 300 300 300 300 300 300 300 300 300 300 300 300 300 300 300 300 300 300 300 
end_table

