@observation fishery_age_ALK_BP_sim
age_allocation_method proportional 
ageing_error age_error 
fishery_label Fishing_LL 
layer_of_stratum_definitions area_definition 
process_label fishing 
strata_to_include BP 
type mortality_event_biomass_scaled_age_frequency 
years 1990 1991 1992 1993 1994 1995 1996 1997 1998 1999 2000 2001 2002 2003 2004 2005 2006 2007 2008 2009 2010 2011 2012 2013 
table obs
1990 0 0.0033941 0.0413959 0.0464489 0.0923934 0.0949072 0.0909722 0.0625944 0.0593335 0.0839722 0.0454033 0.0558097 0.0174494 0.0348827 0.025284 0.0255477 0.0184984 0.0140472 0.0217455 0.0213855 0.144535 
1991 0 0.0155249 0.0327338 0.0677083 0.0886703 0.0731422 0.11222 0.0766685 0.090545 0.0605402 0.0493629 0.0454304 0.0256232 0.0420797 0.0312857 0.0211087 0.0186542 0.010482 0.0176173 0.0143657 0.106237 
1992 0 0.00340053 0.0347748 0.102884 0.0789422 0.0987042 0.0851858 0.0991469 0.0456042 0.0671454 0.0394483 0.0488377 0.0354027 0.021384 0.0247781 0.0284452 0.0180667 0.0143289 0.0147868 0.0106268 0.128107 
1993 0 0 0.0203185 0.0737903 0.111749 0.121588 0.058873 0.069343 0.0728272 0.0459951 0.0695513 0.0619222 0.0279893 0.031039 0.0386514 0.0380812 0.0138797 0.0226164 0.0120476 0.00348926 0.106248 
1994 0 0.0309083 0.0198285 0.0571017 0.101181 0.126139 0.0907413 0.0834479 0.0625824 0.0629069 0.041887 0.049326 0.0490944 0.0241869 0.0281804 0.0236464 0.0242991 0.0197269 0.0104721 0.00698045 0.0873634 
1995 0 0.0150898 0.11758 0.0457109 0.0734675 0.127741 0.0690001 0.0908168 0.0658628 0.0388953 0.0565176 0.0180541 0.0430737 0.0220914 0.0261341 0.0211492 0.00344142 0.0254406 0.0287077 0 0.111226 
1996 0 0.0144359 0.0641835 0.254385 0.0451928 0.0557703 0.0731325 0.0733526 0.0424622 0.0591155 0.0354465 0.0530586 0.0256002 0.0380237 0.0223011 0.0363954 0.00716375 0.0036122 0.0187519 0.00343624 0.0741804 
1997 0 0.0135611 0.0636134 0.135916 0.307746 0.0171 0.0665615 0.0527213 0.0630687 0.0359864 0.0143938 0.0315344 0.0210541 0.0252459 0.0113537 0.033146 0.0219254 0.0264511 0.00356806 0.00685829 0.0481948 
1998 0 0.0460336 0.0146363 0.0994089 0.216181 0.2503 0.0320287 0.0458388 0.0392867 0.0463172 0.0268771 0.0315016 0.0118984 0.00736489 0.0146554 0.0182947 0.011105 0.0180568 0.0128737 0.0107926 0.0465483 
1999 0 0.00422648 0.128369 0.0880817 0.0824236 0.22895 0.21034 0.00345036 0.0247631 0.0280999 0.0296643 0.0541087 0.00730594 0.010485 0.0152331 0.0109015 0.00341355 0.00762367 0.0117678 0.00490645 0.0458856 
2000 0 0.0106348 0.0435141 0.223347 0.105266 0.139929 0.116223 0.16644 0.010483 0.0259418 0.0283039 0.0296704 0.00341066 0.00775562 0.0106113 0.0103224 0.00731665 0.00366415 0.00784227 0 0.049324 
2001 0 0.0171473 0.0376914 0.0589319 0.362973 0.0791837 0.0834647 0.0928438 0.134194 0.0103057 0.0144143 0.00722008 0.0103381 0.0215096 0.00752382 0.00688544 0.0105154 0 0.00386583 0.00703778 0.033954 
2002 0 0.0142309 0.0708398 0.0989247 0.111546 0.267944 0.076953 0.0806304 0.0808526 0.0703117 0.0144218 0.0210141 0.0179786 0.00702764 0.00693302 0 0.015481 0.0155594 0 0.00691592 0.0224352 
2003 0 0.0132164 0.0366031 0.115535 0.153014 0.082767 0.247335 0.0729639 0.0381883 0.0779699 0.0581387 0 0.0034868 0.0178314 0.0119416 0.00339894 0.00839718 0.0146336 0 0 0.0445794 
2004 0 0.0189075 0.0336913 0.0960423 0.165656 0.117395 0.0729717 0.190098 0.0542996 0.0604629 0.0669945 0.0665766 0.00714454 0.00779006 0 0.00417254 0.00769455 0 0 0.00685256 0.0232502 
2005 0 0.0114841 0.0450934 0.111818 0.131683 0.128338 0.128564 0.0451354 0.170168 0.0282203 0.0422566 0.0174317 0.0499508 0.00698481 0.00386348 0.00698893 0.00707087 0.0182727 0.00699097 0 0.0396838 
2006 0 0.00761764 0.0436157 0.13979 0.156249 0.100553 0.120544 0.0665449 0.0775735 0.135415 0.0425552 0.0177469 0.0138218 0.0285523 0.00352691 0.00362641 0.00557802 0.0115204 0 0.00390296 0.0212659 
2007 0 0 0.029385 0.0847956 0.19647 0.146665 0.0713404 0.0914122 0.0703242 0.0494459 0.124496 0.0213251 0.0143184 0.0245253 0.0407399 0.0071037 0 0.00977172 0.00355021 0.00710967 0.00722164 
2008 0 0.00376055 0.0139056 0.124145 0.130832 0.13915 0.125572 0.0867232 0.0999972 0.0748657 0.0102772 0.0929813 0.0177722 0.0180034 0.0069131 0.0286016 0 0.00352568 0 0 0.0229757 
2009 0 0.00896771 0.0255081 0.0486165 0.10715 0.138642 0.186941 0.122523 0.0547544 0.0733112 0.0552254 0.0249316 0.0699204 0.0109579 0.00448275 0.0372936 0.00732135 0 0 0 0.0234527 
2010 0 0.0463115 0.0201802 0.104465 0.0314781 0.102011 0.139869 0.139224 0.122128 0.0626725 0.0529843 0.0246482 0.0318597 0.0627748 0.00705286 0.00679223 0.0242863 0.00360987 0 0 0.0176526 
2011 0 0.0373194 0.0994418 0.0561431 0.10948 0.0736488 0.084144 0.105591 0.0857792 0.0827243 0.0349753 0.0675932 0.041424 0.00698303 0.0426177 0.0086433 0.0105283 0.0112982 0.0182533 0.0146711 0.00874082 
2012 0 0.0277416 0.114575 0.205297 0.0675407 0.0634331 0.0179516 0.0748934 0.0718811 0.121618 0.046775 0.0143807 0.0575246 0.0175968 0.0177873 0.0247759 0.00394827 0.00735305 0.0154623 0.00824344 0.0212218 
2013 0 0.00922033 0.128062 0.214725 0.205042 0.0426288 0.0702856 0.0209873 0.0422372 0.0420326 0.0572185 0.0287031 0.0315803 0.0286387 0.00716319 0.00701414 0.0141772 0.0210301 0.00347991 0.0106972 0.015077 
end_table
table error_values
1990 300 300 300 300 300 300 300 300 300 300 300 300 300 300 300 300 300 300 300 300 300 
1991 300 300 300 300 300 300 300 300 300 300 300 300 300 300 300 300 300 300 300 300 300 
1992 300 300 300 300 300 300 300 300 300 300 300 300 300 300 300 300 300 300 300 300 300 
1993 300 300 300 300 300 300 300 300 300 300 300 300 300 300 300 300 300 300 300 300 300 
1994 300 300 300 300 300 300 300 300 300 300 300 300 300 300 300 300 300 300 300 300 300 
1995 300 300 300 300 300 300 300 300 300 300 300 300 300 300 300 300 300 300 300 300 300 
1996 300 300 300 300 300 300 300 300 300 300 300 300 300 300 300 300 300 300 300 300 300 
1997 300 300 300 300 300 300 300 300 300 300 300 300 300 300 300 300 300 300 300 300 300 
1998 300 300 300 300 300 300 300 300 300 300 300 300 300 300 300 300 300 300 300 300 300 
1999 300 300 300 300 300 300 300 300 300 300 300 300 300 300 300 300 300 300 300 300 300 
2000 300 300 300 300 300 300 300 300 300 300 300 300 300 300 300 300 300 300 300 300 300 
2001 300 300 300 300 300 300 300 300 300 300 300 300 300 300 300 300 300 300 300 300 300 
2002 300 300 300 300 300 300 300 300 300 300 300 300 300 300 300 300 300 300 300 300 300 
2003 300 300 300 300 300 300 300 300 300 300 300 300 300 300 300 300 300 300 300 300 300 
2004 300 300 300 300 300 300 300 300 300 300 300 300 300 300 300 300 300 300 300 300 300 
2005 300 300 300 300 300 300 300 300 300 300 300 300 300 300 300 300 300 300 300 300 300 
2006 300 300 300 300 300 300 300 300 300 300 300 300 300 300 300 300 300 300 300 300 300 
2007 300 300 300 300 300 300 300 300 300 300 300 300 300 300 300 300 300 300 300 300 300 
2008 300 300 300 300 300 300 300 300 300 300 300 300 300 300 300 300 300 300 300 300 300 
2009 300 300 300 300 300 300 300 300 300 300 300 300 300 300 300 300 300 300 300 300 300 
2010 300 300 300 300 300 300 300 300 300 300 300 300 300 300 300 300 300 300 300 300 300 
2011 300 300 300 300 300 300 300 300 300 300 300 300 300 300 300 300 300 300 300 300 300 
2012 300 300 300 300 300 300 300 300 300 300 300 300 300 300 300 300 300 300 300 300 300 
2013 300 300 300 300 300 300 300 300 300 300 300 300 300 300 300 300 300 300 300 300 300 
end_table

