@observation fishery_age_ALK_BP_sim
age_allocation_method proportional 
ageing_error age_error 
fishery_label Fishing_LL 
layer_of_stratum_definitions area_definition 
process_label fishing 
strata_to_include BP 
type mortality_event_biomass_scaled_age_frequency 
years 1990 1991 1992 1993 1994 1995 1996 1997 1998 1999 2000 2001 2002 2003 2004 2005 2006 2007 2008 2009 2010 2011 2012 2013 
table obs
1990 0 0.0033941 0.040599 0.0784882 0.0999533 0.0845005 0.104995 0.0455005 0.055917 0.06344 0.0487466 0.0558817 0.0246784 0.0208534 0.0499946 0.0212789 0.0075204 0.0069689 0.00835777 0.0216973 0.157235 
1991 0 0.0155249 0.0257033 0.0709625 0.119879 0.0947801 0.0670163 0.0703197 0.0801352 0.0277834 0.0555392 0.034668 0.027746 0.0380859 0.0427773 0.0207547 0.0322931 0.0169665 0.0306355 0.0152483 0.113181 
1992 0 0 0.0258936 0.0733418 0.0988796 0.0887132 0.0925737 0.106505 0.0709444 0.05287 0.0396715 0.0394641 0.0385515 0.0336461 0.031478 0.0177337 0.0329796 0.0103696 0.0175552 0.0294177 0.0994115 
1993 0 0.00629687 0.0105801 0.0731766 0.147034 0.117805 0.107274 0.0417004 0.0482124 0.0593835 0.0558101 0.0209446 0.0389953 0.0138153 0.0175916 0.0103462 0.0187194 0.0457686 0.020838 0.0138022 0.131906 
1994 0 0.0393531 0.0151911 0.0566181 0.136443 0.0977329 0.0698756 0.100955 0.0700006 0.0314425 0.0454335 0.0518887 0.0455554 0.0454531 0.0188916 0.0105883 0.0141401 0.0218034 0.0103257 0.00340098 0.114908 
1995 0 0.0263999 0.0886048 0.0344315 0.0804494 0.150335 0.0834294 0.0522197 0.0828693 0.0456097 0.0421772 0.0508056 0.0350435 0.0176617 0.0254555 0.0225656 0.0148276 0.0110834 0.0107602 0.00752658 0.117745 
1996 0 0.0140826 0.0825682 0.239848 0.0415952 0.0626108 0.097839 0.0628742 0.0385731 0.0285094 0.0389976 0.0518417 0.0343056 0.0219754 0.0326034 0.0224454 0.00340244 0.00365952 0.0142107 0.0231117 0.0849461 
1997 0 0.00709155 0.0523215 0.177293 0.228635 0.0449303 0.0772297 0.0884778 0.0527864 0.0285761 0.0316814 0.0174367 0.021021 0.0252654 0.0141869 0.0148631 0.0140892 0.0260431 0.00390898 0.0118188 0.0623434 
1998 0 0.0389664 0.0254095 0.104965 0.212471 0.255951 0.0386672 0.0429805 0.0524709 0.043075 0.025002 0.0195111 0.0179493 0.0207188 0.0107162 0 0.0118916 0.0146883 0.00852625 0.0120312 0.0440088 
1999 0 0.00776184 0.115588 0.0730265 0.127191 0.211212 0.192561 0.0139977 0.0392767 0.0287014 0.0337936 0.00685179 0.0213924 0.0115905 0.0109128 0.0110346 0.0185118 0.00810305 0.00777863 0.0112589 0.0494564 
2000 0 0.0185741 0.0364997 0.222419 0.133287 0.0981641 0.136588 0.145695 0.0144087 0.0401288 0.0148154 0.0189424 0.0328307 0.0245957 0.0035515 0 0.00341066 0.0150839 0.00348073 0.00408078 0.0334436 
2001 0 0.0171473 0.0434563 0.0586888 0.329697 0.100147 0.104087 0.0871783 0.107303 0.0206981 0.0248189 0.0137887 0 0.0149808 0.00715514 0.0072236 0.0118741 0 0 0.0107986 0.0409576 
2002 0 0.0142309 0.0718729 0.083407 0.0730027 0.291474 0.102126 0.0597287 0.09817 0.077247 0.0174342 0.0107122 0 0.0292914 0.0139746 0.00371938 0.00935895 0 0.00695901 0.00849157 0.0287994 
2003 0 0.0204316 0.0288953 0.120432 0.148675 0.0833239 0.250075 0.0664436 0.0533707 0.091539 0.0507301 0.00349191 0.0113265 0.0187914 0.0141042 0 0.0108982 0.00699387 0.00383566 0 0.016642 
2004 0 0.0148401 0.0501264 0.0743609 0.189494 0.151744 0.0660786 0.178591 0.046979 0.0782616 0.0399828 0.0507566 0.00342628 0.00346543 0.0111715 0.0068926 0.0088553 0.0100997 0 0.00343192 0.0114414 
2005 0 0.0112447 0.0492555 0.138657 0.108351 0.17266 0.135627 0.0555512 0.144348 0.028085 0.0244561 0.0286691 0.0524309 0.00380164 0.00346386 0.00740268 0.00704803 0.00715703 0 0 0.0217921 
2006 0 0.0124973 0.0460489 0.111908 0.180126 0.107989 0.0977624 0.0838624 0.042588 0.127307 0.0232875 0.0430724 0.024733 0.0390617 0 0.00362641 0.0106232 0.00453516 0.00352691 0 0.0374444 
2007 0 0 0.0471475 0.11003 0.150395 0.140452 0.0596068 0.0837045 0.0837286 0.0466832 0.15274 0.0317082 0.00689953 0.018881 0.0496832 0 0 0 0.00384833 0.00355021 0.0109423 
2008 0 0.00376055 0.0106255 0.121078 0.124667 0.169963 0.159834 0.0695871 0.0767215 0.0875445 0.024573 0.0707751 0.0131643 0.0110134 0.017414 0.0142155 0 0.00376089 0.00338633 0 0.017916 
2009 0 0.00896771 0.0452688 0.0351836 0.134636 0.153124 0.12496 0.128688 0.0945313 0.0700131 0.0548926 0.021228 0.0415711 0.0180224 0.00448275 0.0295292 0.00358469 0.00448275 0.00716474 0 0.0196695 
2010 0 0.0430316 0.0347021 0.0787301 0.066543 0.130291 0.136047 0.100892 0.063262 0.0491355 0.0562963 0.0487914 0.0315745 0.0807045 0.00339646 0.0169818 0.0315986 0.013753 0.00352731 0.00353961 0.00720226 
2011 0 0.0406479 0.114271 0.0453727 0.101957 0.0702756 0.084557 0.101683 0.114703 0.0767896 0.0317792 0.0568134 0.0350621 0.010758 0.0499213 0.0104386 0.0163645 0.0149579 0.0036029 0 0.0200444 
2012 0 0.0237438 0.0903562 0.190861 0.0710477 0.113944 0.0142349 0.0964812 0.0711496 0.0609215 0.0532083 0.024834 0.0607736 0.032001 0.0284541 0.0231731 0.0141123 0.00382221 0.012895 0.00716783 0.00681856 
2013 0 0.00470927 0.0944034 0.21817 0.224873 0.0459238 0.095307 0.0381666 0.0214333 0.049232 0.0656573 0.0353087 0.0243263 0.0284377 0.00687541 0.00386662 0.0178021 0.0082106 0.00347991 0 0.0138167 
end_table
table error_values
1990 300 300 300 300 300 300 300 300 300 300 300 300 300 300 300 300 300 300 300 300 300 
1991 300 300 300 300 300 300 300 300 300 300 300 300 300 300 300 300 300 300 300 300 300 
1992 300 300 300 300 300 300 300 300 300 300 300 300 300 300 300 300 300 300 300 300 300 
1993 300 300 300 300 300 300 300 300 300 300 300 300 300 300 300 300 300 300 300 300 300 
1994 300 300 300 300 300 300 300 300 300 300 300 300 300 300 300 300 300 300 300 300 300 
1995 300 300 300 300 300 300 300 300 300 300 300 300 300 300 300 300 300 300 300 300 300 
1996 300 300 300 300 300 300 300 300 300 300 300 300 300 300 300 300 300 300 300 300 300 
1997 300 300 300 300 300 300 300 300 300 300 300 300 300 300 300 300 300 300 300 300 300 
1998 300 300 300 300 300 300 300 300 300 300 300 300 300 300 300 300 300 300 300 300 300 
1999 300 300 300 300 300 300 300 300 300 300 300 300 300 300 300 300 300 300 300 300 300 
2000 300 300 300 300 300 300 300 300 300 300 300 300 300 300 300 300 300 300 300 300 300 
2001 300 300 300 300 300 300 300 300 300 300 300 300 300 300 300 300 300 300 300 300 300 
2002 300 300 300 300 300 300 300 300 300 300 300 300 300 300 300 300 300 300 300 300 300 
2003 300 300 300 300 300 300 300 300 300 300 300 300 300 300 300 300 300 300 300 300 300 
2004 300 300 300 300 300 300 300 300 300 300 300 300 300 300 300 300 300 300 300 300 300 
2005 300 300 300 300 300 300 300 300 300 300 300 300 300 300 300 300 300 300 300 300 300 
2006 300 300 300 300 300 300 300 300 300 300 300 300 300 300 300 300 300 300 300 300 300 
2007 300 300 300 300 300 300 300 300 300 300 300 300 300 300 300 300 300 300 300 300 300 
2008 300 300 300 300 300 300 300 300 300 300 300 300 300 300 300 300 300 300 300 300 300 
2009 300 300 300 300 300 300 300 300 300 300 300 300 300 300 300 300 300 300 300 300 300 
2010 300 300 300 300 300 300 300 300 300 300 300 300 300 300 300 300 300 300 300 300 300 
2011 300 300 300 300 300 300 300 300 300 300 300 300 300 300 300 300 300 300 300 300 300 
2012 300 300 300 300 300 300 300 300 300 300 300 300 300 300 300 300 300 300 300 300 300 
2013 300 300 300 300 300 300 300 300 300 300 300 300 300 300 300 300 300 300 300 300 300 
end_table

