@observation fishery_age_ALK_HG_sim
age_allocation_method proportional 
ageing_error age_error 
fishery_label Fishing_LL 
layer_of_stratum_definitions area_definition 
process_label fishing 
strata_to_include HG 
type mortality_event_biomass_scaled_age_frequency 
years 1990 1991 1992 1993 1994 1995 1996 1997 1998 1999 2000 2001 2002 2003 2004 2005 2006 2007 2008 2009 2010 2011 2012 2013 
table obs
1990 0 0.00858634 0.0379701 0.0678255 0.0913854 0.0831068 0.0903987 0.0865555 0.0738423 0.0761358 0.0420971 0.0454799 0.0495067 0.0504509 0.0216062 0.0141091 0.0141169 0.0406557 0.00707739 0.020785 0.0783089 
1991 0 0.00837836 0.0333169 0.0922309 0.0871129 0.111707 0.0588912 0.0628486 0.0560185 0.0636113 0.0358898 0.053026 0.0499871 0.024723 0.0296246 0.0284553 0.0291649 0.0146171 0.0210788 0.0143775 0.12494 
1992 0 0 0.0261282 0.0696925 0.118249 0.0829727 0.0659367 0.069496 0.0800035 0.0487937 0.0770404 0.049568 0.0384124 0.0320644 0.032958 0.0140105 0.0106066 0.0335611 0.011454 0.0289544 0.110098 
1993 0 0.00345728 0.00344163 0.0952824 0.104311 0.110425 0.0759168 0.0657631 0.0549437 0.0490696 0.0697872 0.0413661 0.0353324 0.038631 0.0441974 0.0140662 0.0285509 0.0146146 0.0175559 0.0108941 0.122394 
1994 0 0.00467146 0.0143632 0.024974 0.115393 0.0830883 0.0864831 0.068667 0.0997482 0.0726528 0.0285965 0.0341843 0.0620934 0.024066 0.0590712 0.0344532 0.0241865 0.017318 0.0241783 0.00686816 0.114944 
1995 0 0.0120669 0.0153024 0.0536049 0.0500415 0.132106 0.119119 0.0864538 0.0662668 0.046765 0.0381254 0.0520577 0.0556694 0.046866 0.0105402 0.0283845 0.0194607 0.016922 0.0139834 0.0104251 0.125839 
1996 0 0.00436371 0.0533629 0.0540337 0.0958778 0.0449672 0.0836916 0.0733531 0.0975822 0.0351946 0.0462309 0.0703609 0.0352194 0.0142225 0.0315703 0.0458877 0.0189588 0.0105627 0.0242283 0.01062 0.149712 
1997 0 0.0106619 0.0329037 0.113531 0.065633 0.101186 0.0448694 0.0799456 0.0764542 0.0457309 0.0596072 0.0455251 0.0465462 0.0316667 0.028691 0.0212094 0.0293385 0.0245186 0 0.0035174 0.138464 
1998 0 0.0102725 0.0233591 0.0461402 0.166481 0.10114 0.0867729 0.0139533 0.0976399 0.0281419 0.05318 0.0562311 0.0419945 0.0173064 0.0255179 0.0291259 0.0282238 0.0103648 0.00694958 0.0212198 0.135985 
1999 0 0.0208403 0.0347977 0.0620232 0.116929 0.139781 0.0521173 0.0453369 0.0206827 0.0839135 0.0423841 0.0524155 0.0490301 0.0356749 0.0347484 0.0214122 0.0145664 0.0284718 0.0103973 0.00761069 0.126867 
2000 0 0.00978714 0.0920011 0.112371 0.0980354 0.0834138 0.107889 0.0632013 0.045743 0.0314022 0.0640467 0.0244325 0.0362487 0.0285517 0.024947 0.0240552 0.0192714 0.00756917 0.0105585 0.0221696 0.0943061 
2001 0 0.0178456 0.040867 0.205707 0.111971 0.076836 0.0745712 0.0774821 0.039734 0.0494656 0.0142111 0.0562303 0.0313869 0.0361228 0.036342 0.00367796 0.00359526 0.0187036 0.0109595 0.0070201 0.0872707 
2002 0 0.0229389 0.0442105 0.0873279 0.287238 0.0831603 0.0524208 0.0767496 0.0521383 0.0282878 0.0386172 0.0176056 0.017736 0.0107243 0.0212346 0.0281338 0.0214159 0.0202691 0.00747433 0.00704394 0.0752729 
2003 0 0.021585 0.0800539 0.0740533 0.139523 0.250481 0.0807703 0.0522479 0.0496182 0.0559684 0.0178413 0.0284815 0 0.0246731 0.0216043 0.0206914 0.00796136 0.00360813 0.00704084 0.00730558 0.0564917 
2004 0 0.0212158 0.0310764 0.143536 0.169325 0.096541 0.169743 0.0628794 0.038047 0.031537 0.0556492 0.0174239 0.0107324 0 0.0293777 0.013848 0.0207277 0.00347998 0.0208377 0 0.0640237 
2005 0 0.00824171 0.0443284 0.0634879 0.235429 0.117007 0.0968501 0.152039 0.0653865 0.0308897 0.0319018 0.0239671 0.0178117 0.00351999 0 0 0.0102764 0.0230286 0.0177941 0.00350042 0.05454 
2006 0 0.00405862 0.0329922 0.134035 0.104653 0.194862 0.0941972 0.0628597 0.136894 0.041835 0.0264522 0.0316436 0.0141679 0.0213479 0.00707909 0.00733928 0.0107892 0.0141565 0.00350771 0.00716946 0.0499614 
2007 0 0.00785907 0.0106069 0.0563011 0.20485 0.0904231 0.132709 0.128833 0.0666914 0.0799657 0.0438222 0.0278396 0.0174874 0.0187748 0 0.00718196 0 0.0247449 0.0104681 0.0150101 0.0564315 
2008 0 0.0133422 0.0274457 0.017554 0.129931 0.166151 0.0769865 0.139401 0.068138 0.0678396 0.0739065 0.0543102 0.0176109 0.0144727 0.0401811 0.0245545 0.00355126 0.0036729 0.0105286 0.00714943 0.0432727 
2009 0 0.0417285 0.0154789 0.0891697 0.0181672 0.101826 0.195568 0.11581 0.108549 0.059538 0.0417088 0.0685743 0.0103034 0.0420629 0.0178269 0.010602 0.00358963 0.00349797 0.00339057 0.0103034 0.0423048 
2010 0 0.00938645 0.117739 0.0596625 0.0977906 0.0206725 0.0930517 0.137672 0.0518855 0.129903 0.0605001 0.0347487 0.0639956 0.0201035 0.0034559 0.00718759 0.035113 0.00362617 0.0075119 0 0.0459947 
2011 0 0.00407721 0.0268935 0.230756 0.10761 0.0792616 0.0310957 0.0695997 0.114839 0.0595254 0.0634213 0.0581901 0.0216931 0.0354743 0.0152567 0.0109486 0.00736473 0.0192568 0 0.0033949 0.0413426 
2012 0 0.017677 0.0293536 0.0398066 0.313625 0.0527301 0.066159 0.0279994 0.0599826 0.106778 0.0419487 0.0853788 0.0262627 0.0071027 0.039241 0.00341091 0.00345129 0.0142776 0.00686152 0.00685177 0.0511015 
2013 0 0.00355328 0.0825713 0.0392144 0.0845842 0.346325 0.0665641 0.0560605 0.00717287 0.0390566 0.0609153 0.0272799 0.0281411 0.0359728 0.0319408 0.0364607 0.00788241 0 0.0107928 0.0119536 0.0235581 
end_table
table error_values
1990 300 300 300 300 300 300 300 300 300 300 300 300 300 300 300 300 300 300 300 300 300 
1991 300 300 300 300 300 300 300 300 300 300 300 300 300 300 300 300 300 300 300 300 300 
1992 300 300 300 300 300 300 300 300 300 300 300 300 300 300 300 300 300 300 300 300 300 
1993 300 300 300 300 300 300 300 300 300 300 300 300 300 300 300 300 300 300 300 300 300 
1994 300 300 300 300 300 300 300 300 300 300 300 300 300 300 300 300 300 300 300 300 300 
1995 300 300 300 300 300 300 300 300 300 300 300 300 300 300 300 300 300 300 300 300 300 
1996 300 300 300 300 300 300 300 300 300 300 300 300 300 300 300 300 300 300 300 300 300 
1997 300 300 300 300 300 300 300 300 300 300 300 300 300 300 300 300 300 300 300 300 300 
1998 300 300 300 300 300 300 300 300 300 300 300 300 300 300 300 300 300 300 300 300 300 
1999 300 300 300 300 300 300 300 300 300 300 300 300 300 300 300 300 300 300 300 300 300 
2000 300 300 300 300 300 300 300 300 300 300 300 300 300 300 300 300 300 300 300 300 300 
2001 300 300 300 300 300 300 300 300 300 300 300 300 300 300 300 300 300 300 300 300 300 
2002 300 300 300 300 300 300 300 300 300 300 300 300 300 300 300 300 300 300 300 300 300 
2003 300 300 300 300 300 300 300 300 300 300 300 300 300 300 300 300 300 300 300 300 300 
2004 300 300 300 300 300 300 300 300 300 300 300 300 300 300 300 300 300 300 300 300 300 
2005 300 300 300 300 300 300 300 300 300 300 300 300 300 300 300 300 300 300 300 300 300 
2006 300 300 300 300 300 300 300 300 300 300 300 300 300 300 300 300 300 300 300 300 300 
2007 300 300 300 300 300 300 300 300 300 300 300 300 300 300 300 300 300 300 300 300 300 
2008 300 300 300 300 300 300 300 300 300 300 300 300 300 300 300 300 300 300 300 300 300 
2009 300 300 300 300 300 300 300 300 300 300 300 300 300 300 300 300 300 300 300 300 300 
2010 300 300 300 300 300 300 300 300 300 300 300 300 300 300 300 300 300 300 300 300 300 
2011 300 300 300 300 300 300 300 300 300 300 300 300 300 300 300 300 300 300 300 300 300 
2012 300 300 300 300 300 300 300 300 300 300 300 300 300 300 300 300 300 300 300 300 300 
2013 300 300 300 300 300 300 300 300 300 300 300 300 300 300 300 300 300 300 300 300 300 
end_table

