@observation fishery_age_ALK_HG_sim
age_allocation_method proportional 
ageing_error age_error 
fishery_label Fishing_LL 
layer_of_stratum_definitions area_definition 
process_label fishing 
strata_to_include HG 
type mortality_event_biomass_scaled_age_frequency 
years 1990 1991 1992 1993 1994 1995 1996 1997 1998 1999 2000 2001 2002 2003 2004 2005 2006 2007 2008 2009 2010 2011 2012 2013 
table obs
1990 0 0.0035216 0.0400157 0.0567667 0.084206 0.110951 0.100513 0.069927 0.0553031 0.0635205 0.026151 0.0523262 0.0495115 0.0281424 0.034767 0.0311789 0.0139891 0.0320622 0.0105992 0.0202994 0.116249 
1991 0 0.0116072 0.033998 0.0823529 0.0733963 0.0796493 0.0967754 0.0732818 0.0697597 0.0745799 0.0500959 0.0279072 0.0419505 0.0283661 0.0467198 0.0221224 0.0265188 0.021623 0.021899 0.0103995 0.106997 
1992 0 0.0040272 0.0394069 0.0696724 0.100816 0.0832637 0.0836056 0.0765839 0.0800906 0.0699507 0.0400024 0.0423183 0.0285333 0.0492592 0.0365401 0.018031 0.011024 0.0214107 0.0211926 0.0234088 0.100863 
1993 0 0.00345728 0.0137407 0.0953531 0.110589 0.0967005 0.0587848 0.0796408 0.0762326 0.0796769 0.0523872 0.0284763 0.0352789 0.0282763 0.0216772 0.0177848 0.0321879 0.0187519 0.00724311 0.0255591 0.118201 
1994 0 0 0.0335515 0.0283589 0.132577 0.100325 0.0930832 0.0786449 0.0619769 0.0589002 0.0486552 0.0379873 0.0415108 0.0312916 0.0342449 0.0208464 0.0103014 0.0275596 0.0172481 0.028114 0.114823 
1995 0 0.0184022 0.0194065 0.0481374 0.0450501 0.13257 0.1285 0.0799981 0.0558759 0.0520978 0.0372301 0.0561161 0.0460263 0.0254105 0.0384927 0.0257244 0.0139494 0.02105 0.0205766 0.0112559 0.12413 
1996 0 0.00781659 0.0499861 0.0584152 0.0774925 0.0311933 0.0945809 0.0872296 0.0696971 0.0454789 0.0492272 0.0703058 0.0245402 0.0279408 0.0463999 0.038859 0.0192913 0.0427688 0.00709426 0.027318 0.124365 
1997 0 0 0.0346347 0.108239 0.0911905 0.0656923 0.0241743 0.128894 0.0833092 0.0279362 0.080292 0.0384994 0.0286718 0.0351415 0.0258276 0.0178563 0.0180798 0.00749503 0.0144949 0.0139567 0.155615 
1998 0 0.0146992 0.0116523 0.078681 0.155178 0.101283 0.06275 0.0242389 0.0629461 0.0564275 0.0486921 0.051883 0.0473063 0.028195 0.0297545 0.0276899 0.0283623 0.0225987 0.00350668 0.0285184 0.115637 
1999 0 0.0250627 0.0298861 0.0695571 0.109793 0.171324 0.0553479 0.0623787 0.0316179 0.073708 0.059542 0.0349096 0.0281082 0.0255215 0.0327989 0.0129567 0.0353356 0.0180289 0.0145196 0.0144215 0.0951817 
2000 0 0.0053897 0.117162 0.0992415 0.076583 0.0970129 0.132186 0.0346792 0.0671671 0.0143137 0.0456382 0.0387008 0.0321795 0.0281578 0.0241841 0.0176284 0.0280734 0.0142739 0.0246785 0.0153057 0.0874447 
2001 0 0.0170811 0.0479651 0.189199 0.122732 0.0939526 0.0701297 0.0946116 0.045883 0.0315233 0.00707682 0.0546828 0.0294131 0.0327313 0.0247229 0.00715524 0.0177452 0.0182283 0.0111961 0.00711114 0.0768595 
2002 0 0.0338843 0.029462 0.0704605 0.257072 0.134469 0.0480208 0.0455234 0.0842268 0.0455341 0.0349546 0.0104924 0.030416 0.028415 0.0143302 0.0142314 0.0238471 0.00363476 0.0281582 0.00338163 0.0594862 
2003 0 0.00391391 0.0831639 0.119521 0.104654 0.212483 0.080754 0.0347616 0.0719951 0.0559187 0.0317923 0.0400848 0.00701851 0.0323856 0.01756 0.0173623 0.0107693 0.00352721 0.00350098 0.00710912 0.0617243 
2004 0 0.0255411 0.0335225 0.154017 0.138216 0.107197 0.194666 0.0590427 0.0417004 0.0311217 0.0598684 0.0171078 0.0103539 0.00338508 0.0137596 0.0179199 0.00753756 0.00696608 0.0140502 0.00745378 0.0565727 
2005 0 0.0204581 0.0468847 0.073111 0.221366 0.106895 0.0651021 0.166168 0.0621902 0.0143435 0.0538604 0.0424116 0.0138658 0.00728232 0 0.0248567 0.00339142 0.025221 0.00691126 0.00691142 0.0387693 
2006 0 0 0.0295893 0.113369 0.111875 0.155898 0.132742 0.0711333 0.114043 0.0597426 0.0070505 0.0493523 0.0320966 0.0107126 0.0145162 0 0.0214326 0.0105327 0.0107892 0.0108207 0.0443049 
2007 0 0.00785907 0.00707126 0.0599207 0.194487 0.118834 0.149888 0.127094 0.045266 0.0840855 0.0361039 0.0402179 0.0357546 0.00681786 0.00780256 0.00706499 0.00703802 0.0141256 0.00700618 0.00713106 0.0364319 
2008 0 0.0134433 0.0118544 0.033236 0.0914816 0.198049 0.10441 0.157418 0.0761276 0.0597366 0.0850188 0.0209615 0.0144097 0.0215662 0.0279722 0 0 0 0.0105002 0.0109947 0.0628205 
2009 0 0.04561 0.0198665 0.0625043 0.026036 0.112358 0.182288 0.0838596 0.125525 0.076619 0.0385238 0.0719799 0.0104085 0.0310298 0.0313081 0.018282 0.0182637 0.00358963 0 0.003433 0.0385157 
2010 0 0.0165565 0.106943 0.0495889 0.0907607 0.0139234 0.0999938 0.14884 0.0903794 0.0698468 0.0631672 0.0347468 0.071485 0.0282772 0.0210949 0.00370844 0.0172171 0.00697189 0.00360716 0.00720359 0.0556888 
2011 0 0.00908029 0.0398743 0.233073 0.0763712 0.113508 0.0211524 0.048452 0.10362 0.0452998 0.0657834 0.0788588 0.0206387 0.0361044 0.0152802 0.0111332 0.0184871 0.0158834 0 0 0.0473995 
2012 0 0.0228397 0.0224123 0.0347618 0.356318 0.0727942 0.0556812 0.0357537 0.0563581 0.085025 0.0248804 0.0711195 0.0248904 0.0209814 0.041583 0.0183551 0.0115528 0.0111756 0.00341091 0.0036277 0.0264791 
2013 0 0.0158871 0.0558005 0.0534245 0.0949579 0.297143 0.0527009 0.0349409 0.0175584 0.0355204 0.068134 0.0211452 0.04973 0.0771969 0.0286161 0.0320485 0.0214198 0.00702677 0.00360434 0.0108123 0.0223325 
end_table
table error_values
1990 300 300 300 300 300 300 300 300 300 300 300 300 300 300 300 300 300 300 300 300 300 
1991 300 300 300 300 300 300 300 300 300 300 300 300 300 300 300 300 300 300 300 300 300 
1992 300 300 300 300 300 300 300 300 300 300 300 300 300 300 300 300 300 300 300 300 300 
1993 300 300 300 300 300 300 300 300 300 300 300 300 300 300 300 300 300 300 300 300 300 
1994 300 300 300 300 300 300 300 300 300 300 300 300 300 300 300 300 300 300 300 300 300 
1995 300 300 300 300 300 300 300 300 300 300 300 300 300 300 300 300 300 300 300 300 300 
1996 300 300 300 300 300 300 300 300 300 300 300 300 300 300 300 300 300 300 300 300 300 
1997 300 300 300 300 300 300 300 300 300 300 300 300 300 300 300 300 300 300 300 300 300 
1998 300 300 300 300 300 300 300 300 300 300 300 300 300 300 300 300 300 300 300 300 300 
1999 300 300 300 300 300 300 300 300 300 300 300 300 300 300 300 300 300 300 300 300 300 
2000 300 300 300 300 300 300 300 300 300 300 300 300 300 300 300 300 300 300 300 300 300 
2001 300 300 300 300 300 300 300 300 300 300 300 300 300 300 300 300 300 300 300 300 300 
2002 300 300 300 300 300 300 300 300 300 300 300 300 300 300 300 300 300 300 300 300 300 
2003 300 300 300 300 300 300 300 300 300 300 300 300 300 300 300 300 300 300 300 300 300 
2004 300 300 300 300 300 300 300 300 300 300 300 300 300 300 300 300 300 300 300 300 300 
2005 300 300 300 300 300 300 300 300 300 300 300 300 300 300 300 300 300 300 300 300 300 
2006 300 300 300 300 300 300 300 300 300 300 300 300 300 300 300 300 300 300 300 300 300 
2007 300 300 300 300 300 300 300 300 300 300 300 300 300 300 300 300 300 300 300 300 300 
2008 300 300 300 300 300 300 300 300 300 300 300 300 300 300 300 300 300 300 300 300 300 
2009 300 300 300 300 300 300 300 300 300 300 300 300 300 300 300 300 300 300 300 300 300 
2010 300 300 300 300 300 300 300 300 300 300 300 300 300 300 300 300 300 300 300 300 300 
2011 300 300 300 300 300 300 300 300 300 300 300 300 300 300 300 300 300 300 300 300 300 
2012 300 300 300 300 300 300 300 300 300 300 300 300 300 300 300 300 300 300 300 300 300 
2013 300 300 300 300 300 300 300 300 300 300 300 300 300 300 300 300 300 300 300 300 300 
end_table

