@observation fishery_age_ALK_HG_sim
age_allocation_method proportional 
ageing_error age_error 
fishery_label Fishing_LL 
layer_of_stratum_definitions area_definition 
process_label fishing 
strata_to_include HG 
type mortality_event_biomass_scaled_age_frequency 
years 1990 1991 1992 1993 1994 1995 1996 1997 1998 1999 2000 2001 2002 2003 2004 2005 2006 2007 2008 2009 2010 2011 2012 2013 
table obs
1990 0 0.00749931 0.0333681 0.0737007 0.104842 0.0520721 0.0898468 0.0759108 0.0735096 0.0448688 0.0503402 0.0211 0.0244681 0.0321655 0.0383662 0.0227141 0.0347655 0.0250153 0.0177878 0.0256367 0.152022 
1991 0 0.00441169 0.0297353 0.0617922 0.136481 0.0975677 0.0757798 0.058922 0.0593743 0.0524252 0.0489211 0.0710553 0.0215978 0.0250795 0.0183679 0.0317717 0.0147526 0.0322539 0.0334935 0.0179778 0.10824 
1992 0 0.0040272 0.0392378 0.0633304 0.100657 0.104384 0.111027 0.0520371 0.0730682 0.0529301 0.0528625 0.0390091 0.0274072 0.0462689 0.0216469 0.0286927 0.00693319 0.017563 0.033418 0.0122935 0.113207 
1993 0 0 0.0138884 0.0920475 0.103695 0.103476 0.0865578 0.0657796 0.052444 0.0726578 0.0523058 0.0528824 0.0361933 0.0356146 0.0173551 0.0214183 0.014366 0.00708785 0.0208184 0.0423706 0.109041 
1994 0 0.00806988 0.0254667 0.0184772 0.104168 0.110814 0.0898508 0.082572 0.0581324 0.0625045 0.0552598 0.0620645 0.0241051 0.0377643 0.0386921 0.0328219 0.0172007 0.0171888 0.0170163 0.0102244 0.127606 
1995 0 0.00799687 0.0296265 0.0614031 0.0359258 0.101071 0.118372 0.0898769 0.0624428 0.0454102 0.038521 0.0524663 0.0382195 0.0348661 0.0283869 0.0396131 0.0173874 0.0341184 0.0208551 0.028076 0.115365 
1996 0 0.00790579 0.0460203 0.0331384 0.0857388 0.0526969 0.115081 0.0526208 0.0876295 0.0766036 0.0566808 0.0458458 0.0428304 0.0528037 0.0140877 0.0364112 0.00700244 0.0319333 0.0178209 0.0139774 0.123172 
1997 0 0.00569328 0.0167911 0.116093 0.0634238 0.0971167 0.027831 0.0975734 0.0844963 0.0633533 0.0384975 0.0529159 0.0427228 0.0346299 0.0422591 0.0212724 0.0279743 0.0249671 0.00712612 0 0.135263 
1998 0 0.00468966 0.0380615 0.0838693 0.129921 0.0906725 0.0771986 0.0311544 0.0697302 0.0419054 0.0383742 0.0450927 0.0277216 0.036271 0.0209553 0.0175804 0.0175013 0.0241079 0.0317268 0.0230433 0.150423 
1999 0 0.0250627 0.0422962 0.0608416 0.0991785 0.143024 0.0551759 0.0908898 0.0310552 0.0837794 0.0562722 0.0320697 0.0216708 0.0285167 0.0256343 0.0179692 0.0175382 0.0253095 0.0162114 0.0149685 0.112535 
2000 0 0.00978714 0.0800942 0.102682 0.0948468 0.0697632 0.13976 0.0486984 0.0660286 0.0215963 0.0627719 0.0424147 0.0366192 0.0290494 0.0211797 0.0279075 0.0139051 0.0290791 0.00967545 0.0110567 0.0830849 
2001 0 0.0212111 0.0480696 0.19547 0.136197 0.0629934 0.0734284 0.105722 0.045077 0.0423369 0.0177301 0.0399982 0.0214233 0.017822 0.0141201 0.0115238 0.00389471 0.0139501 0.0217209 0.00345138 0.10386 
2002 0 0.0140043 0.0533366 0.108573 0.252916 0.0765292 0.0866157 0.055912 0.0939048 0.0390223 0.0313461 0.0178267 0.0236866 0.0285583 0.0103063 0.0207752 0.00706959 0.00338163 0.0186802 0.0069126 0.0506421 
2003 0 0.0102761 0.0840206 0.10204 0.115687 0.229883 0.0942369 0.0420291 0.0314003 0.0738214 0.0207127 0.0175371 0.00424853 0.0252352 0.025153 0.0103757 0.024632 0.00708668 0.00350098 0.00688261 0.0712401 
2004 0 0.0174815 0.0188997 0.134735 0.214891 0.0867038 0.149121 0.0770122 0.0313259 0.0414563 0.0518844 0.0243702 0.0207321 0.0104209 0.0239001 0.0139897 0.0142616 0.00746425 0.0106738 0 0.0506769 
2005 0 0.00850795 0.0582245 0.0769293 0.193894 0.123899 0.100241 0.134783 0.0704233 0.0391599 0.0208186 0.0381013 0.027941 0.0104876 0.00339142 0.00702041 0.00698612 0.017832 0 0.00816912 0.0531905 
2006 0 0 0.0545088 0.112129 0.104853 0.160249 0.146779 0.0668571 0.0890768 0.0387404 0.0210614 0.0309615 0.0657344 0.0180794 0.0140456 0 0.0194695 0.0139285 0.00345358 0.00722438 0.0328492 
2007 0 0.00785907 0.00701264 0.0808351 0.177612 0.115324 0.167053 0.100712 0.045454 0.0876655 0.0315196 0.0324272 0.0254943 0.028864 0.012327 0.00363857 0.00342642 0.0151324 0.0210126 0.00697195 0.0296595 
2008 0 0.003717 0.0249916 0.025179 0.113641 0.207733 0.0800327 0.139875 0.0877076 0.0500605 0.104211 0.0355501 0.0254806 0.0104026 0.0178927 0.0106174 0.00747021 0 0.00391393 0.00352451 0.0479993 
2009 0 0.0339655 0.0307472 0.0718595 0.0149569 0.129578 0.16423 0.0596026 0.149759 0.0750877 0.0177636 0.0977151 0.0314449 0.0229575 0.0154717 0.0138647 0.0140285 0.003433 0 0.00696331 0.0465709 
2010 0 0.0129312 0.11421 0.0665262 0.0872363 0.0278144 0.0799027 0.155831 0.0549054 0.0912373 0.0724511 0.047355 0.0739181 0.0138302 0.00708095 0.0172275 0.0320578 0 0 0.00344168 0.0420433 
2011 0 0.0131191 0.0293731 0.226525 0.0791579 0.0858611 0.0241354 0.0559245 0.111262 0.0457051 0.0746891 0.0354355 0.0562566 0.0431769 0.0303815 0.0220499 0.0174812 0.0103482 0.00396983 0.00412562 0.0310229 
2012 0 0.0106791 0.0595008 0.0569895 0.287954 0.0517736 0.0453652 0.0139833 0.0773675 0.132112 0.010424 0.086546 0.0429447 0.0176519 0.0396998 0.0144591 0.00348884 0 0.0105305 0.00365508 0.0348749 
2013 0 0.0149634 0.0567998 0.0671276 0.113267 0.254917 0.0384162 0.0670096 0.00696875 0.0635299 0.0776848 0.0178757 0.0440284 0.043036 0.0140603 0.0544311 0.0191425 0.0149294 0.0035301 0.0129878 0.0152945 
end_table
table error_values
1990 300 300 300 300 300 300 300 300 300 300 300 300 300 300 300 300 300 300 300 300 300 
1991 300 300 300 300 300 300 300 300 300 300 300 300 300 300 300 300 300 300 300 300 300 
1992 300 300 300 300 300 300 300 300 300 300 300 300 300 300 300 300 300 300 300 300 300 
1993 300 300 300 300 300 300 300 300 300 300 300 300 300 300 300 300 300 300 300 300 300 
1994 300 300 300 300 300 300 300 300 300 300 300 300 300 300 300 300 300 300 300 300 300 
1995 300 300 300 300 300 300 300 300 300 300 300 300 300 300 300 300 300 300 300 300 300 
1996 300 300 300 300 300 300 300 300 300 300 300 300 300 300 300 300 300 300 300 300 300 
1997 300 300 300 300 300 300 300 300 300 300 300 300 300 300 300 300 300 300 300 300 300 
1998 300 300 300 300 300 300 300 300 300 300 300 300 300 300 300 300 300 300 300 300 300 
1999 300 300 300 300 300 300 300 300 300 300 300 300 300 300 300 300 300 300 300 300 300 
2000 300 300 300 300 300 300 300 300 300 300 300 300 300 300 300 300 300 300 300 300 300 
2001 300 300 300 300 300 300 300 300 300 300 300 300 300 300 300 300 300 300 300 300 300 
2002 300 300 300 300 300 300 300 300 300 300 300 300 300 300 300 300 300 300 300 300 300 
2003 300 300 300 300 300 300 300 300 300 300 300 300 300 300 300 300 300 300 300 300 300 
2004 300 300 300 300 300 300 300 300 300 300 300 300 300 300 300 300 300 300 300 300 300 
2005 300 300 300 300 300 300 300 300 300 300 300 300 300 300 300 300 300 300 300 300 300 
2006 300 300 300 300 300 300 300 300 300 300 300 300 300 300 300 300 300 300 300 300 300 
2007 300 300 300 300 300 300 300 300 300 300 300 300 300 300 300 300 300 300 300 300 300 
2008 300 300 300 300 300 300 300 300 300 300 300 300 300 300 300 300 300 300 300 300 300 
2009 300 300 300 300 300 300 300 300 300 300 300 300 300 300 300 300 300 300 300 300 300 
2010 300 300 300 300 300 300 300 300 300 300 300 300 300 300 300 300 300 300 300 300 300 
2011 300 300 300 300 300 300 300 300 300 300 300 300 300 300 300 300 300 300 300 300 300 
2012 300 300 300 300 300 300 300 300 300 300 300 300 300 300 300 300 300 300 300 300 300 
2013 300 300 300 300 300 300 300 300 300 300 300 300 300 300 300 300 300 300 300 300 300 
end_table

