@observation fishery_age_ALK_BP_sim
age_allocation_method proportional 
ageing_error age_error 
fishery_label Fishing_LL 
layer_of_stratum_definitions area_definition 
process_label fishing 
strata_to_include BP 
type mortality_event_biomass_scaled_age_frequency 
years 1990 1991 1992 1993 1994 1995 1996 1997 1998 1999 2000 2001 2002 2003 2004 2005 2006 2007 2008 2009 2010 2011 2012 2013 
table obs
1990 0 0.00866807 0.0364543 0.042709 0.102798 0.0921409 0.0910933 0.101597 0.073583 0.0532793 0.0379822 0.0485347 0.0459657 0.0280566 0.0177637 0.0212215 0.0228049 0.0220982 0.0112417 0.0143773 0.12763 
1991 0 0.00528026 0.0284666 0.0679031 0.137698 0.087347 0.0948757 0.0919842 0.0589526 0.0603226 0.0348323 0.0344833 0.035425 0.0463653 0.0211234 0.0209602 0.0140421 0.0282364 0.0140405 0.012571 0.10509 
1992 0 0 0.0316159 0.0529914 0.142457 0.0996884 0.119598 0.0989863 0.034762 0.0463467 0.0677043 0.0139152 0.0318599 0.0211721 0.0176631 0.0110063 0.0117533 0.0144884 0.0263029 0.0106325 0.147056 
1993 0 0 0.0245077 0.0867228 0.125393 0.104599 0.0799009 0.0553018 0.0484547 0.0625775 0.041261 0.0593019 0.0253812 0.0241561 0.0174961 0.0174283 0.0102737 0.0256586 0.025002 0.0139499 0.152634 
1994 0 0.0309083 0.00362166 0.0700174 0.133231 0.0836873 0.108471 0.0520623 0.0798719 0.0535117 0.03519 0.0314573 0.0489055 0.0323446 0.0140907 0.0244456 0.0105697 0.0260031 0.0139259 0.0105915 0.137094 
1995 0 0.0343195 0.101679 0.0179261 0.0869265 0.146142 0.0910304 0.0769809 0.0665494 0.0350341 0.0420693 0.0277657 0.0218818 0.0354678 0.0147735 0.0326526 0.0295483 0.0073049 0.0139545 0.0111282 0.106866 
1996 0 0.00341073 0.103661 0.208089 0.0348395 0.0732396 0.0771692 0.0910522 0.0596058 0.0459512 0.027852 0.0314882 0.0456186 0.028488 0.0261723 0.0174358 0.0104869 0.0148671 0.02012 0.00836228 0.0720902 
1997 0 0.00723417 0.0524569 0.156549 0.277662 0.0518602 0.0488494 0.04888 0.0459364 0.045461 0.0426332 0.0211311 0.0254354 0.0298358 0.0141788 0.0320899 0 0 0.0108725 0.00702616 0.0819076 
1998 0 0.0420889 0.0366063 0.125991 0.188141 0.262863 0.0243704 0.0211057 0.0358 0.0262648 0.0292271 0.0284922 0.0248613 0.0219456 0.0175422 0.00745394 0.00713012 0.0224779 0.00932109 0.00730646 0.0610113 
1999 0 0.00776184 0.13714 0.0687838 0.100046 0.216224 0.20987 0.0278 0.0251862 0.0327417 0.0359723 0.0385392 0.0208519 0.0110202 0.00352456 0.00762808 0.00343824 0.00727249 0.00381184 0.0076675 0.0347206 
2000 0 0.0106348 0.0363946 0.258775 0.112419 0.101465 0.13711 0.136839 0.0280706 0.0285743 0.033236 0.00733255 0.0149489 0.0219516 0.0105544 0 0.00776031 0.00363749 0.00341066 0.00420412 0.0426826 
2001 0 0.0179628 0.0504774 0.0638803 0.309336 0.121058 0.0932261 0.0971597 0.1016 0.00342207 0.0103128 0.0245014 0.0106386 0.00339079 0.00729403 0.0287855 0 0 0 0.00403386 0.0529204 
2002 0 0.0102569 0.0722007 0.0806478 0.104613 0.286615 0.0666139 0.0913134 0.0878063 0.0702164 0.0140769 0.00695947 0.014082 0.0142334 0.031624 0.00369966 0.00499052 0 0.00340754 0.00683391 0.0298089 
2003 0 0.0132164 0.0551973 0.11902 0.141416 0.076415 0.239133 0.0872521 0.0570267 0.075164 0.0621504 0.00349191 0.00356759 0.0069989 0.00696226 0.00708148 0 0.0142961 0.00494191 0.00353126 0.0231373 
2004 0 0.0152928 0.0709177 0.0740566 0.168835 0.116869 0.0759095 0.192758 0.0414468 0.050743 0.0492502 0.0639439 0 0.00342628 0.0105218 0.00871943 0.0113296 0.0137891 0 0.00686384 0.0253277 
2005 0 0.0150878 0.0556225 0.128864 0.0897666 0.176234 0.107044 0.0590644 0.155868 0.0316764 0.0316852 0.0243658 0.0393818 0.0186201 0.0105623 0.0107864 0.00726038 0 0.00614524 0 0.0319653 
2006 0 0.0127209 0.0375064 0.124241 0.155955 0.107437 0.136082 0.0741198 0.0490841 0.143904 0.025194 0.0291482 0.0322288 0.0300425 0.00352691 0.00362641 0.00706653 0.00349261 0.00711348 0.0034923 0.0140181 
2007 0 0 0.0366194 0.0953556 0.185719 0.146694 0.094132 0.0698663 0.0714472 0.0527339 0.0875372 0.0327894 0.0181586 0.0290886 0.0336447 0.00342331 0 0.00622151 0.00697353 0.00355451 0.0260417 
2008 0 0.00376055 0.0177667 0.0863407 0.144085 0.142393 0.137252 0.0738058 0.112249 0.0699908 0.0240964 0.110972 0.0248139 0 0.0179574 0.0174966 0 0.00338633 0 0.00352568 0.0101082 
2009 0 0.00896771 0.0364347 0.038056 0.134628 0.15192 0.145329 0.136482 0.0667353 0.0561596 0.0589934 0.0316088 0.0562542 0.0211736 0.0127024 0.0186669 0.00723634 0.00447457 0.00358469 0 0.010592 
2010 0 0.0426909 0.0272254 0.0934451 0.0456326 0.132813 0.119397 0.147014 0.0874532 0.0488751 0.0315631 0.0383354 0.0141277 0.0802349 0.00679134 0.017343 0.0174758 0.021279 0.0139001 0.00353962 0.0108632 
2011 0 0.0293499 0.12156 0.0563968 0.087927 0.0628193 0.0885743 0.144998 0.0868481 0.0926075 0.0174774 0.0392395 0.059698 0.0312477 0.0430729 0.0070377 0.00769758 0.00349529 0.0126011 0 0.00735144 
2012 0 0.0197987 0.1259 0.194983 0.0603612 0.117421 0.0249304 0.053882 0.064814 0.0945614 0.0739082 0.0212017 0.0792464 0.0108006 0.00716783 0.0176247 0 0.0117743 0.00382221 0 0.017803 
2013 0 0.00922033 0.0554808 0.225163 0.231922 0.0700116 0.0878702 0.00679041 0.0578432 0.0737902 0.041859 0.0175971 0.0255748 0.0322351 0.0033955 0.00386614 0.00685305 0.014177 0 0.0113413 0.0250096 
end_table
table error_values
1990 300 300 300 300 300 300 300 300 300 300 300 300 300 300 300 300 300 300 300 300 300 
1991 300 300 300 300 300 300 300 300 300 300 300 300 300 300 300 300 300 300 300 300 300 
1992 300 300 300 300 300 300 300 300 300 300 300 300 300 300 300 300 300 300 300 300 300 
1993 300 300 300 300 300 300 300 300 300 300 300 300 300 300 300 300 300 300 300 300 300 
1994 300 300 300 300 300 300 300 300 300 300 300 300 300 300 300 300 300 300 300 300 300 
1995 300 300 300 300 300 300 300 300 300 300 300 300 300 300 300 300 300 300 300 300 300 
1996 300 300 300 300 300 300 300 300 300 300 300 300 300 300 300 300 300 300 300 300 300 
1997 300 300 300 300 300 300 300 300 300 300 300 300 300 300 300 300 300 300 300 300 300 
1998 300 300 300 300 300 300 300 300 300 300 300 300 300 300 300 300 300 300 300 300 300 
1999 300 300 300 300 300 300 300 300 300 300 300 300 300 300 300 300 300 300 300 300 300 
2000 300 300 300 300 300 300 300 300 300 300 300 300 300 300 300 300 300 300 300 300 300 
2001 300 300 300 300 300 300 300 300 300 300 300 300 300 300 300 300 300 300 300 300 300 
2002 300 300 300 300 300 300 300 300 300 300 300 300 300 300 300 300 300 300 300 300 300 
2003 300 300 300 300 300 300 300 300 300 300 300 300 300 300 300 300 300 300 300 300 300 
2004 300 300 300 300 300 300 300 300 300 300 300 300 300 300 300 300 300 300 300 300 300 
2005 300 300 300 300 300 300 300 300 300 300 300 300 300 300 300 300 300 300 300 300 300 
2006 300 300 300 300 300 300 300 300 300 300 300 300 300 300 300 300 300 300 300 300 300 
2007 300 300 300 300 300 300 300 300 300 300 300 300 300 300 300 300 300 300 300 300 300 
2008 300 300 300 300 300 300 300 300 300 300 300 300 300 300 300 300 300 300 300 300 300 
2009 300 300 300 300 300 300 300 300 300 300 300 300 300 300 300 300 300 300 300 300 300 
2010 300 300 300 300 300 300 300 300 300 300 300 300 300 300 300 300 300 300 300 300 300 
2011 300 300 300 300 300 300 300 300 300 300 300 300 300 300 300 300 300 300 300 300 300 
2012 300 300 300 300 300 300 300 300 300 300 300 300 300 300 300 300 300 300 300 300 300 
2013 300 300 300 300 300 300 300 300 300 300 300 300 300 300 300 300 300 300 300 300 300 
end_table

