@observation fishery_age_ALK_EN_sim
age_allocation_method proportional 
ageing_error age_error 
fishery_label Fishing_LL 
layer_of_stratum_definitions area_definition 
process_label fishing 
strata_to_include EN 
type mortality_event_biomass_scaled_age_frequency 
years 1990 1991 1992 1993 1994 1995 1996 1997 1998 1999 2000 2001 2002 2003 2004 2005 2006 2007 2008 2009 2010 2011 2012 2013 
table obs
1990 0 0.0117917 0.0258945 0.0711547 0.0983065 0.0980985 0.0878896 0.0740708 0.0699034 0.0525877 0.041996 0.0489201 0.0279489 0.0248957 0.0348492 0.0314067 0.017525 0.0188352 0.0174212 0.0172777 0.129227 
1991 0 0.0263898 0.0251438 0.105675 0.0977273 0.0873817 0.0523752 0.0486958 0.0349105 0.0732698 0.049313 0.0355187 0.0354266 0.0315899 0.0213855 0.0455398 0.0282706 0.0143003 0.0107264 0.0147952 0.161565 
1992 0 0 0.0917938 0.0711507 0.102087 0.129571 0.0627484 0.0489193 0.0704022 0.0382227 0.0426478 0.0554954 0.0330544 0.0176003 0.0210741 0.0287323 0.0354185 0.0234013 0.0215107 0.00708646 0.099084 
1993 0 0.0076557 0.0245943 0.209927 0.075849 0.0691154 0.0696904 0.038197 0.0766966 0.0384424 0.041497 0.028243 0.056259 0.0489371 0.0178742 0.0245567 0.0106057 0.0103697 0.0350357 0.0115148 0.104939 
1994 0 0.00749248 0.0362724 0.024505 0.269215 0.107014 0.0958766 0.0621957 0.0514227 0.0411449 0.0409389 0.0355243 0.031084 0.0384172 0.0139221 0.0207794 0.0103026 0.00354658 0.0102005 0.0226651 0.0774813 
1995 0 0.00857657 0.0176595 0.0862739 0.0424707 0.260609 0.117954 0.055662 0.0455525 0.0559902 0.0140751 0.0313637 0.0524041 0.0210119 0.02089 0.014066 0.00348432 0.0137793 0.0223495 0.0071061 0.108721 
1996 0 0.0034297 0.0377851 0.0779645 0.118297 0.0276908 0.232794 0.0741499 0.0595678 0.0498955 0.0385823 0.0347128 0.0275989 0.0278878 0.0246148 0.0208784 0.0146306 0.0106448 0.0174533 0.011108 0.0903147 
1997 0 0.0121163 0.0133374 0.0574181 0.115316 0.106893 0.0273837 0.220003 0.0616923 0.0444346 0.0313561 0.0377554 0.0293238 0.038945 0.028479 0.0247317 0.0105119 0.0147255 0.00340874 0.0158624 0.106306 
1998 0 0.0193513 0.0669377 0.0277049 0.113408 0.165527 0.0724864 0.0103307 0.142041 0.0526193 0.075117 0.0245824 0.037018 0.025146 0.0308543 0.0173101 0.0228194 0.0142559 0.0104006 0.0111845 0.0609056 
1999 0 0.00844739 0.0579096 0.144612 0.0449767 0.104059 0.081135 0.0845617 0.0104786 0.156331 0.0464737 0.0352764 0.0146803 0.0208474 0.0285034 0.0212076 0.0190248 0.0179498 0.0069415 0.00367568 0.0929093 
2000 0 0.0147003 0.0365201 0.122262 0.220074 0.0308842 0.100816 0.0719726 0.0626732 0.0276352 0.106611 0.0211042 0.0212946 0.0104597 0.0281415 0.0102459 0.0114679 0.0210111 0.0112305 0.0105679 0.0603284 
2001 0 0.00451252 0.0722698 0.0932638 0.198769 0.168663 0.0378108 0.055423 0.0741168 0.0527616 0.0183613 0.0749146 0.0073461 0.0112434 0.0105955 0.0247666 0.0104469 0.0137754 0.00970523 0 0.0612546 
2002 0 0.0113679 0.024855 0.113325 0.156785 0.141778 0.183627 0.0279107 0.0391198 0.046453 0.0526808 0.0102848 0.0645145 0.0311216 0.00356396 0.00359165 0.0120714 0.0112065 0 0.0110688 0.0546735 
2003 0 0.0037926 0.0628499 0.0483319 0.198973 0.113906 0.124605 0.117947 0.024283 0.0596672 0.0434004 0.0459842 0.028138 0.0322307 0.0107291 0.0109843 0.00727452 0.00733068 0.0107129 0.00721836 0.0416417 
2004 0 0.0311022 0.046177 0.103199 0.0592404 0.184205 0.132922 0.101202 0.0735272 0.0211142 0.0282866 0.0357787 0.0144744 0.00349964 0.059057 0.0111185 0.0182866 0.0138072 0.0101386 0.0106079 0.0422556 
2005 0 0 0.103849 0.0767712 0.129006 0.0801549 0.199335 0.0814507 0.0627999 0.0731248 0.00349189 0.0247743 0.0258906 0.0145138 0 0.0439166 0.0145533 0.00744333 0.00357631 0.0175899 0.0377577 
2006 0 0 0.00351101 0.169786 0.151977 0.121956 0.0758376 0.106882 0.0687379 0.0628271 0.0812 0.00713575 0.0110892 0.025928 0.0139493 0 0.0319369 0.0137742 0.00338014 0.00350254 0.0465894 
2007 0 0.00774377 0.0108749 0.0164322 0.298454 0.0864284 0.117855 0.0481052 0.107687 0.0595065 0.05236 0.0663047 0.00355232 0.0198235 0.0147938 0.024565 0 0.0159196 0 0.0104217 0.0391729 
2008 0 0.00812511 0.0270681 0.0104478 0.0281436 0.296399 0.0973149 0.108567 0.0491573 0.106915 0.0528111 0.0597889 0.0458674 0.00361431 0.0188077 0.006861 0.0108906 0.00703601 0.0191703 0.00746839 0.0355469 
2009 0 0.0188759 0.0410606 0.070577 0.0381717 0.0448377 0.262318 0.0976738 0.089486 0.0278702 0.0868285 0.0455622 0.0528289 0.0455605 0 0.00703334 0.0109685 0.0101882 0 0.0143277 0.0358315 
2010 0 0 0.0631348 0.0630692 0.118976 0.0310889 0.0315556 0.214733 0.0555278 0.0919699 0.0517979 0.0722767 0.0388691 0.052495 0.0394991 0 0.00804602 0.00674008 0.0173964 0.00695336 0.0358712 
2011 0 0.0206219 0.0249131 0.13901 0.106857 0.111011 0.0380056 0.024208 0.156758 0.0662292 0.0622334 0.0172366 0.0521861 0.025486 0.0141109 0.0353608 0.0103249 0.0139138 0.0189397 0.00373855 0.0588552 
2012 0 0.0387662 0.0566732 0.0275341 0.166369 0.11443 0.0727655 0.0139176 0.0138301 0.13403 0.0496839 0.0594654 0.0173076 0.0566817 0.0421627 0.0298924 0.0104144 0 0.0111397 0.0118887 0.0730466 
2013 0 0 0.127863 0.105237 0.0553746 0.164567 0.0941901 0.0732206 0.0104936 0.0176011 0.131283 0.0352995 0.0536951 0.00719271 0.0428097 0.0068465 0.0215092 0.00709481 0 0.0104484 0.0352739 
end_table
table error_values
1990 300 300 300 300 300 300 300 300 300 300 300 300 300 300 300 300 300 300 300 300 300 
1991 300 300 300 300 300 300 300 300 300 300 300 300 300 300 300 300 300 300 300 300 300 
1992 300 300 300 300 300 300 300 300 300 300 300 300 300 300 300 300 300 300 300 300 300 
1993 300 300 300 300 300 300 300 300 300 300 300 300 300 300 300 300 300 300 300 300 300 
1994 300 300 300 300 300 300 300 300 300 300 300 300 300 300 300 300 300 300 300 300 300 
1995 300 300 300 300 300 300 300 300 300 300 300 300 300 300 300 300 300 300 300 300 300 
1996 300 300 300 300 300 300 300 300 300 300 300 300 300 300 300 300 300 300 300 300 300 
1997 300 300 300 300 300 300 300 300 300 300 300 300 300 300 300 300 300 300 300 300 300 
1998 300 300 300 300 300 300 300 300 300 300 300 300 300 300 300 300 300 300 300 300 300 
1999 300 300 300 300 300 300 300 300 300 300 300 300 300 300 300 300 300 300 300 300 300 
2000 300 300 300 300 300 300 300 300 300 300 300 300 300 300 300 300 300 300 300 300 300 
2001 300 300 300 300 300 300 300 300 300 300 300 300 300 300 300 300 300 300 300 300 300 
2002 300 300 300 300 300 300 300 300 300 300 300 300 300 300 300 300 300 300 300 300 300 
2003 300 300 300 300 300 300 300 300 300 300 300 300 300 300 300 300 300 300 300 300 300 
2004 300 300 300 300 300 300 300 300 300 300 300 300 300 300 300 300 300 300 300 300 300 
2005 300 300 300 300 300 300 300 300 300 300 300 300 300 300 300 300 300 300 300 300 300 
2006 300 300 300 300 300 300 300 300 300 300 300 300 300 300 300 300 300 300 300 300 300 
2007 300 300 300 300 300 300 300 300 300 300 300 300 300 300 300 300 300 300 300 300 300 
2008 300 300 300 300 300 300 300 300 300 300 300 300 300 300 300 300 300 300 300 300 300 
2009 300 300 300 300 300 300 300 300 300 300 300 300 300 300 300 300 300 300 300 300 300 
2010 300 300 300 300 300 300 300 300 300 300 300 300 300 300 300 300 300 300 300 300 300 
2011 300 300 300 300 300 300 300 300 300 300 300 300 300 300 300 300 300 300 300 300 300 
2012 300 300 300 300 300 300 300 300 300 300 300 300 300 300 300 300 300 300 300 300 300 
2013 300 300 300 300 300 300 300 300 300 300 300 300 300 300 300 300 300 300 300 300 300 
end_table

