@observation fishery_age_ALK_HG_sim
age_allocation_method proportional 
ageing_error age_error 
fishery_label Fishing_LL 
layer_of_stratum_definitions area_definition 
process_label fishing 
strata_to_include HG 
type mortality_event_biomass_scaled_age_frequency 
years 1990 1991 1992 1993 1994 1995 1996 1997 1998 1999 2000 2001 2002 2003 2004 2005 2006 2007 2008 2009 2010 2011 2012 2013 
table obs
1990 0 0.0125641 0.0412614 0.0749466 0.080233 0.111115 0.110693 0.0666791 0.0662905 0.0558497 0.0319339 0.0457647 0.0392295 0.0485853 0.0396238 0.0246735 0.0109569 0.0107271 0.026512 0.0234751 0.0788853 
1991 0 0.0116072 0.0369618 0.0740753 0.106292 0.069453 0.0869471 0.0592255 0.0560574 0.0450543 0.0572572 0.0708387 0.0282913 0.058199 0.0220301 0.025134 0.0328924 0.024896 0.0110756 0.0284035 0.0953081 
1992 0 0 0.029249 0.0637706 0.107191 0.0904977 0.0835443 0.0899994 0.0800691 0.0594588 0.054289 0.010446 0.0431618 0.0427614 0.0392145 0.0212278 0.0400126 0.0182385 0.0148477 0.0183619 0.093659 
1993 0 0.00870448 0.00357372 0.0768739 0.103491 0.0655306 0.106939 0.0758901 0.0484304 0.0838568 0.0487576 0.0346747 0.0489621 0.0253245 0.0575283 0.0212222 0.0143233 0.0179662 0.0213733 0.0105892 0.125989 
1994 0 0 0.02189 0.0139035 0.14965 0.0947946 0.0724481 0.0691305 0.0861361 0.0447673 0.0556091 0.0448435 0.0552053 0.0205509 0.0448177 0.0313735 0.0152849 0.0310193 0.0175699 0.0209343 0.110071 
1995 0 0.0115008 0.0116724 0.0511593 0.0528853 0.160309 0.115239 0.0625455 0.0486008 0.0486434 0.0317666 0.0276084 0.0246195 0.0391689 0.042471 0.0212009 0.0253015 0.029128 0.0319461 0.0253331 0.138901 
1996 0 0.0144193 0.0360625 0.0507753 0.0991884 0.0320743 0.0695621 0.0974645 0.0766863 0.0803454 0.0664811 0.0421501 0.0422834 0.0319411 0.0247851 0.0211491 0.0251065 0.0422137 0.0214998 0.0318609 0.093951 
1997 0 0.00569328 0.0261745 0.12096 0.0666904 0.0801009 0.0243039 0.128695 0.0548179 0.0733937 0.0445042 0.0495815 0.0315493 0.0251231 0.0285288 0.0139696 0.0184517 0.0253529 0.0178217 0.0179278 0.14636 
1998 0 0.0102725 0.0222874 0.0865515 0.161951 0.0487454 0.0589657 0.028019 0.0903233 0.0660148 0.0713007 0.0626614 0.0348486 0.0247602 0.0212393 0.0282585 0.0419989 0.0106997 0.00683102 0.00775986 0.116511 
1999 0 0.0203233 0.0352881 0.0578658 0.10687 0.15774 0.0523049 0.0653131 0.0310517 0.11229 0.0284027 0.0448251 0.0390267 0.0266093 0.0176548 0.0106856 0.0338748 0.0183536 0.0226696 0.0109801 0.10787 
2000 0 0.0180913 0.0904642 0.105768 0.0727785 0.108042 0.153646 0.0242949 0.0728742 0.0105563 0.0591631 0.0463219 0.0320827 0.0253848 0 0.0141226 0.0370369 0.0108719 0.01394 0.00714422 0.0974164 
2001 0 0.0170811 0.0417203 0.226824 0.111875 0.0734617 0.0631613 0.091958 0.03922 0.0568841 0 0.0356218 0.0356537 0.0142532 0.0251225 0.00356872 0.00702008 0.0287228 0.0227414 0.00362544 0.101485 
2002 0 0.0181866 0.0492017 0.0874192 0.305146 0.0796432 0.0691454 0.0591395 0.0780186 0.0386587 0.0254998 0.010993 0.0210167 0.0163788 0.0213823 0.0246332 0.0106787 0 0.00688938 0.0106007 0.0673686 
2003 0 0.0257637 0.0545047 0.119604 0.115381 0.222565 0.104866 0.0553993 0.0279229 0.0703765 0.0247349 0.0174621 0 0.0389955 0.0217072 0.00373726 0.0108188 0.00361507 0.0070312 0.00717915 0.0683366 
2004 0 0.017654 0.0226881 0.162449 0.120843 0.118 0.197599 0.0729301 0.0380749 0.0380867 0.0453464 0.0137309 0.0265865 0 0.0144515 0.0191359 0.00691779 0.00345673 0.0068337 0.0221672 0.0530492 
2005 0 0.0077893 0.0695913 0.0593667 0.200584 0.138002 0.096454 0.145805 0.0450301 0.0311196 0.0246798 0.0399273 0.0212564 0.0105247 0 0.0102546 0.00678284 0.0211991 0.00590507 0.00827811 0.057449 
2006 0 0 0.0298668 0.116048 0.0977107 0.195573 0.135707 0.0846275 0.109523 0.06857 0.0106397 0.0211065 0.0289923 0.00743324 0.00344996 0.00383879 0.0146405 0.0171962 0.00351141 0 0.0515656 
2007 0 0.00725187 0.00704068 0.0778478 0.208162 0.0835504 0.157214 0.0941562 0.0663849 0.0909972 0.0288395 0.0141389 0.0457788 0.0103755 0.00703589 0.023509 0 0.0177923 0.00354602 0.011371 0.0450079 
2008 0 0.003717 0.0251152 0.030316 0.108374 0.197932 0.10749 0.14601 0.0810268 0.0366195 0.122667 0.0213332 0.0222015 0.00682253 0 0.00720258 0.0162314 0 0.00347654 0.00406294 0.0594018 
2009 0 0.0414524 0.026365 0.060638 0.0262216 0.101749 0.163411 0.0732145 0.130074 0.101891 0.0529393 0.0734928 0.040289 0.0139401 0.017452 0.0103929 0.0181551 0.00876018 0 0.00703983 0.0325223 
2010 0 0.00930596 0.135315 0.0386617 0.0730399 0.0277981 0.117414 0.12423 0.0550537 0.146482 0.0536744 0.0318732 0.0844833 0.0280701 0.0142311 0.0162053 0.00360716 0.00346553 0.00344168 0.0110451 0.0226022 
2011 0 0.00908029 0.0146152 0.234117 0.069621 0.103822 0.0379802 0.0594866 0.137091 0.0415773 0.0808512 0.0487765 0.0356051 0.0347937 0.02076 0.00687368 0.0154139 0.015066 0.00396983 0 0.0305002 
2012 0 0.017677 0.0362487 0.054518 0.29276 0.0863626 0.059117 0.034831 0.0633816 0.0751926 0.0244724 0.0825369 0.0454026 0.0175673 0.0427673 0.0195089 0 0.00691472 0.00715283 0 0.0335885 
2013 0 0.00752442 0.0601195 0.0564869 0.10238 0.28713 0.0630573 0.0459921 0.0314872 0.0535988 0.0658363 0.042321 0.0322826 0.022256 0.0317369 0.0359113 0.00435231 0.0105677 0.00734469 0.00734469 0.0322706 
end_table
table error_values
1990 300 300 300 300 300 300 300 300 300 300 300 300 300 300 300 300 300 300 300 300 300 
1991 300 300 300 300 300 300 300 300 300 300 300 300 300 300 300 300 300 300 300 300 300 
1992 300 300 300 300 300 300 300 300 300 300 300 300 300 300 300 300 300 300 300 300 300 
1993 300 300 300 300 300 300 300 300 300 300 300 300 300 300 300 300 300 300 300 300 300 
1994 300 300 300 300 300 300 300 300 300 300 300 300 300 300 300 300 300 300 300 300 300 
1995 300 300 300 300 300 300 300 300 300 300 300 300 300 300 300 300 300 300 300 300 300 
1996 300 300 300 300 300 300 300 300 300 300 300 300 300 300 300 300 300 300 300 300 300 
1997 300 300 300 300 300 300 300 300 300 300 300 300 300 300 300 300 300 300 300 300 300 
1998 300 300 300 300 300 300 300 300 300 300 300 300 300 300 300 300 300 300 300 300 300 
1999 300 300 300 300 300 300 300 300 300 300 300 300 300 300 300 300 300 300 300 300 300 
2000 300 300 300 300 300 300 300 300 300 300 300 300 300 300 300 300 300 300 300 300 300 
2001 300 300 300 300 300 300 300 300 300 300 300 300 300 300 300 300 300 300 300 300 300 
2002 300 300 300 300 300 300 300 300 300 300 300 300 300 300 300 300 300 300 300 300 300 
2003 300 300 300 300 300 300 300 300 300 300 300 300 300 300 300 300 300 300 300 300 300 
2004 300 300 300 300 300 300 300 300 300 300 300 300 300 300 300 300 300 300 300 300 300 
2005 300 300 300 300 300 300 300 300 300 300 300 300 300 300 300 300 300 300 300 300 300 
2006 300 300 300 300 300 300 300 300 300 300 300 300 300 300 300 300 300 300 300 300 300 
2007 300 300 300 300 300 300 300 300 300 300 300 300 300 300 300 300 300 300 300 300 300 
2008 300 300 300 300 300 300 300 300 300 300 300 300 300 300 300 300 300 300 300 300 300 
2009 300 300 300 300 300 300 300 300 300 300 300 300 300 300 300 300 300 300 300 300 300 
2010 300 300 300 300 300 300 300 300 300 300 300 300 300 300 300 300 300 300 300 300 300 
2011 300 300 300 300 300 300 300 300 300 300 300 300 300 300 300 300 300 300 300 300 300 
2012 300 300 300 300 300 300 300 300 300 300 300 300 300 300 300 300 300 300 300 300 300 
2013 300 300 300 300 300 300 300 300 300 300 300 300 300 300 300 300 300 300 300 300 300 
end_table

