@observation fishery_age_ALK_EN_sim
age_allocation_method proportional 
ageing_error age_error 
fishery_label Fishing_LL 
layer_of_stratum_definitions area_definition 
process_label fishing 
strata_to_include EN 
type mortality_event_biomass_scaled_age_frequency 
years 1990 1991 1992 1993 1994 1995 1996 1997 1998 1999 2000 2001 2002 2003 2004 2005 2006 2007 2008 2009 2010 2011 2012 2013 
table obs
1990 0 0.00548116 0.0326658 0.0716583 0.0767647 0.0870598 0.0737133 0.0701834 0.0663356 0.0736833 0.0559329 0.0559179 0.0490451 0.0386137 0.0530229 0.0281856 0.0207378 0.0141567 0.00692022 0.00721188 0.11271 
1991 0 0.0303432 0.0456876 0.056753 0.0907415 0.122339 0.104407 0.0802509 0.0738873 0.053033 0.0177694 0.0426112 0.0320024 0.0240845 0.0174702 0.0285851 0.0107384 0.017481 0.0173876 0.031674 0.102754 
1992 0 0 0.0989892 0.0466069 0.122584 0.0919615 0.0519735 0.0557491 0.0593918 0.0389757 0.0666097 0.0488835 0.0206789 0.0355385 0.0421405 0.0425718 0.0323598 0.0215826 0.0245039 0.0127153 0.0861835 
1993 0 0.00415327 0.0245405 0.196439 0.113691 0.069192 0.0591396 0.0659436 0.0631749 0.0557987 0.0422228 0.0177113 0.0248556 0.0357928 0.0422837 0.0273018 0.0180527 0.00723912 0.0105282 0.0142712 0.107667 
1994 0 0.00408136 0.0396094 0.0313678 0.316757 0.0490883 0.0889804 0.0683103 0.0582478 0.0444904 0.0348994 0.0238927 0.0366871 0.0214208 0.0328217 0.0106535 0.0138235 0.0143695 0.0139646 0.00350414 0.09303 
1995 0 0.00355282 0.0377617 0.0567597 0.0526499 0.282039 0.079841 0.0621281 0.0874405 0.0251127 0.0243772 0.0244645 0.0351204 0.0214216 0.0265901 0.0208855 0.0282126 0.0198531 0 0.0146284 0.0971608 
1996 0 0 0.0412382 0.0734133 0.123162 0.0240981 0.232501 0.0800973 0.0488766 0.0527037 0.0420913 0.0208762 0.0311192 0.0300842 0.0140933 0.0140965 0.00716913 0.0140182 0.0210611 0.0216609 0.107639 
1997 0 0.0121163 0.0104833 0.0927287 0.113748 0.0932198 0.0342803 0.202036 0.0688887 0.0482811 0.0378076 0.0252231 0.0354989 0.0171208 0.0249619 0.014117 0.0147252 0.0184733 0.0180317 0.0214643 0.0967941 
1998 0 0.0125229 0.0774068 0.0243183 0.106364 0.120362 0.0823505 0.0346209 0.184702 0.0336202 0.0493992 0.0487213 0.0313268 0.0317208 0.0317583 0.0103316 0.0224575 0.0103935 0.00690979 0.0107674 0.0699459 
1999 0 0.0124732 0.0618636 0.0985452 0.0490196 0.0981119 0.110693 0.094287 0.0347586 0.129693 0.0591797 0.0211784 0.0318753 0.0328537 0.0144176 0.0146925 0.0220473 0.0116302 0.00712108 0.0261564 0.0694035 
2000 0 0.0177954 0.0482644 0.118399 0.233301 0.0241586 0.103372 0.0721987 0.0515156 0.00343656 0.106048 0.0246557 0.0215908 0.0103363 0.0209771 0.0212489 0.0105115 0.0154596 0 0.0188592 0.0778722 
2001 0 0.00831557 0.0539015 0.0971699 0.151141 0.203296 0.0276644 0.0515451 0.107856 0.0489468 0.0142288 0.0984814 0.028122 0.0035476 0.0355373 0.0107984 0.0104625 0.00343247 0.0107658 0.0103632 0.024424 
2002 0 0.0143677 0.0153474 0.141668 0.117677 0.210915 0.170069 0.0174794 0.0554958 0.0402186 0.0285468 0.00691431 0.0449731 0.0106913 0.01408 0.00920766 0.0116924 0.0175547 0.00346333 0.00798019 0.0616585 
2003 0 0.00717909 0.0626187 0.0515744 0.19892 0.110772 0.168901 0.104368 0.0174626 0.0317072 0.035535 0.0342118 0.00701371 0.0494016 0.0111852 0.00686277 0.0139484 0.00782105 0.00740067 0.00712817 0.0659893 
2004 0 0.0345837 0.0416873 0.107612 0.041666 0.181194 0.111982 0.156649 0.102229 0.0143044 0.0251647 0.0174879 0.00739763 0.00722551 0.0829786 0.0106404 0 0.0080139 0.0173397 0 0.0318439 
2005 0 0 0.110962 0.0698836 0.13876 0.024153 0.153535 0.11571 0.0913188 0.081467 0.00352797 0.017859 0.0243608 0.028301 0.0108672 0.0425034 0.0150963 0.00734726 0.00391754 0.00735402 0.0530757 
2006 0 0 0.0117924 0.183381 0.103681 0.165518 0.0620411 0.143419 0.0344384 0.0870085 0.059123 0.00721839 0.0253656 0.0303166 0.0103133 0 0.0357552 0.00813173 0 0.00346468 0.0290318 
2007 0 0.00774377 0.0058453 0.0176662 0.28151 0.107095 0.131643 0.037876 0.125171 0.0493724 0.0309988 0.0490515 0.00344304 0.00701312 0.0361442 0.0340527 0.0070153 0.0148934 0.0121227 0 0.0413436 
2008 0 0.00457037 0.0310862 0.00692477 0.0220906 0.310002 0.0900174 0.0933892 0.0590224 0.0841178 0.0702422 0.0284292 0.0472672 0.00383029 0.0181878 0.0219374 0.0140173 0.00682569 0.0209771 0.0104798 0.0565851 
2009 0 0.0222939 0.0449214 0.0884974 0.0275745 0.0137518 0.250291 0.0721985 0.0801972 0.0355538 0.108641 0.0730315 0.0455685 0.0213978 0 0.0139138 0.0177835 0.0139597 0.00344301 0.0176119 0.0493698 
2010 0 0 0.0550231 0.0538129 0.136195 0.0208787 0.0208187 0.224987 0.0834832 0.0895123 0.0241428 0.0595101 0.0428562 0.0349833 0.0421588 0 0.0233549 0.00822276 0.0207727 0.00347668 0.0558108 
2011 0 0.0243476 0.0182616 0.151933 0.0901209 0.0587199 0.0239765 0.0487602 0.177999 0.0773862 0.0415767 0.0173878 0.0595418 0.0572298 0.0284657 0.0179153 0.0173437 0.0103303 0.0104387 0.0106807 0.0575845 
2012 0 0.0313041 0.0638393 0.0275938 0.145847 0.121007 0.0801402 0.00710837 0.0242395 0.137436 0.0462503 0.0593789 0.0297307 0.0636488 0.0182027 0.0212097 0.0280279 0.00354001 0.0146437 0.00742382 0.0694287 
2013 0 0.0147609 0.113031 0.119092 0.0490223 0.160445 0.0769803 0.0765139 0.0209896 0.00683076 0.105662 0.0319094 0.0248625 0.0109829 0.0431467 0.0141603 0.035485 0.0285087 0.00435414 0.0174708 0.0457916 
end_table
table error_values
1990 300 300 300 300 300 300 300 300 300 300 300 300 300 300 300 300 300 300 300 300 300 
1991 300 300 300 300 300 300 300 300 300 300 300 300 300 300 300 300 300 300 300 300 300 
1992 300 300 300 300 300 300 300 300 300 300 300 300 300 300 300 300 300 300 300 300 300 
1993 300 300 300 300 300 300 300 300 300 300 300 300 300 300 300 300 300 300 300 300 300 
1994 300 300 300 300 300 300 300 300 300 300 300 300 300 300 300 300 300 300 300 300 300 
1995 300 300 300 300 300 300 300 300 300 300 300 300 300 300 300 300 300 300 300 300 300 
1996 300 300 300 300 300 300 300 300 300 300 300 300 300 300 300 300 300 300 300 300 300 
1997 300 300 300 300 300 300 300 300 300 300 300 300 300 300 300 300 300 300 300 300 300 
1998 300 300 300 300 300 300 300 300 300 300 300 300 300 300 300 300 300 300 300 300 300 
1999 300 300 300 300 300 300 300 300 300 300 300 300 300 300 300 300 300 300 300 300 300 
2000 300 300 300 300 300 300 300 300 300 300 300 300 300 300 300 300 300 300 300 300 300 
2001 300 300 300 300 300 300 300 300 300 300 300 300 300 300 300 300 300 300 300 300 300 
2002 300 300 300 300 300 300 300 300 300 300 300 300 300 300 300 300 300 300 300 300 300 
2003 300 300 300 300 300 300 300 300 300 300 300 300 300 300 300 300 300 300 300 300 300 
2004 300 300 300 300 300 300 300 300 300 300 300 300 300 300 300 300 300 300 300 300 300 
2005 300 300 300 300 300 300 300 300 300 300 300 300 300 300 300 300 300 300 300 300 300 
2006 300 300 300 300 300 300 300 300 300 300 300 300 300 300 300 300 300 300 300 300 300 
2007 300 300 300 300 300 300 300 300 300 300 300 300 300 300 300 300 300 300 300 300 300 
2008 300 300 300 300 300 300 300 300 300 300 300 300 300 300 300 300 300 300 300 300 300 
2009 300 300 300 300 300 300 300 300 300 300 300 300 300 300 300 300 300 300 300 300 300 
2010 300 300 300 300 300 300 300 300 300 300 300 300 300 300 300 300 300 300 300 300 300 
2011 300 300 300 300 300 300 300 300 300 300 300 300 300 300 300 300 300 300 300 300 300 
2012 300 300 300 300 300 300 300 300 300 300 300 300 300 300 300 300 300 300 300 300 300 
2013 300 300 300 300 300 300 300 300 300 300 300 300 300 300 300 300 300 300 300 300 300 
end_table

