@observation fishery_age_ALK_EN_sim
age_allocation_method proportional 
ageing_error age_error 
fishery_label Fishing_LL 
layer_of_stratum_definitions area_definition 
process_label fishing 
strata_to_include EN 
type mortality_event_biomass_scaled_age_frequency 
years 1990 1991 1992 1993 1994 1995 1996 1997 1998 1999 2000 2001 2002 2003 2004 2005 2006 2007 2008 2009 2010 2011 2012 2013 
table obs
1990 0 0.00631058 0.0387548 0.0565588 0.10511 0.102107 0.0980823 0.0805438 0.0668417 0.0804156 0.0420093 0.038604 0.0318495 0.0249479 0.013843 0.0246645 0.0178625 0.024641 0.0210627 0.0140096 0.111781 
1991 0 0.0336499 0.010346 0.0427453 0.125415 0.0943702 0.0946367 0.0732646 0.0525844 0.0526843 0.0384701 0.0384337 0.0244237 0.0103454 0.0347479 0.039285 0.0316699 0.0381707 0.0105012 0.0285702 0.125686 
1992 0 0 0.0950364 0.0675607 0.0990172 0.108802 0.0765692 0.0868264 0.0451369 0.0559481 0.0670689 0.038776 0.0306106 0.0249099 0.0220905 0.0140038 0.0142815 0.0260334 0.0220272 0.0138653 0.091436 
1993 0 0.0111581 0.0143541 0.213068 0.0933841 0.0766713 0.0865856 0.0453735 0.0598094 0.0594905 0.0315212 0.0208317 0.0315573 0.0245632 0.0362707 0.024809 0.0106795 0.014062 0.0140051 0.00695135 0.124855 
1994 0 0.0109036 0.048001 0.0245531 0.274544 0.0794239 0.0515723 0.0550804 0.0478383 0.0308619 0.028484 0.0413359 0.0205822 0.0457022 0.0311765 0.0319562 0.0240119 0.0172699 0.00339782 0.00342323 0.129882 
1995 0 0.00857657 0.0294362 0.0540159 0.0492564 0.305846 0.062399 0.0523083 0.0495507 0.0434245 0.0558959 0.0427718 0.0312858 0.0242651 0.0431681 0.0176327 0.0202201 0.0175064 0.00353928 0.0139097 0.0749919 
1996 0 0 0.0343554 0.0702574 0.112111 0.0452708 0.260563 0.0534883 0.0523474 0.0383576 0.048739 0.0356755 0.0350309 0.0175017 0.031185 0.0312009 0.0346729 0.0139961 0.00724802 0.0143955 0.0636032 
1997 0 0.0235468 0.0139513 0.0779456 0.0892891 0.11377 0.0273458 0.238515 0.051902 0.0553752 0.0381934 0.0454504 0.0173083 0.0349643 0.00696048 0.0219123 0.0184039 0.0175691 0.0174907 0.0081106 0.0819965 
1998 0 0.00784281 0.0787957 0.0238532 0.110108 0.113748 0.120284 0.0414237 0.169452 0.0570938 0.0288556 0.0208358 0.0209528 0.0209775 0.0214915 0.0218082 0.00945607 0.0171271 0.0147852 0.00679428 0.0943153 
1999 0 0.0124732 0.0647942 0.143952 0.0451267 0.138626 0.0835911 0.0599747 0.0219962 0.154425 0.0388471 0.0173787 0.0398943 0.0185626 0.0176757 0.018607 0.0292729 0.0178775 0 0.0142611 0.0626644 
2000 0 0.0223818 0.032697 0.125382 0.254375 0.0205839 0.103263 0.0484365 0.0622375 0.0138262 0.0987791 0.0422559 0.0105546 0.0250138 0.0346874 0.0138291 0.0182037 0.00338578 0 0.00369617 0.0664112 
2001 0 0.00451252 0.058084 0.111231 0.157368 0.171961 0.0310902 0.0870632 0.0657451 0.0316502 0.0183243 0.0808582 0.01071 0.0151963 0.0105732 0.0106667 0.0317036 0.0234385 0.0172958 0.0139348 0.0485943 
2002 0 0.0184415 0.0185598 0.137173 0.152467 0.165937 0.138079 0.0105389 0.0699946 0.0489007 0.0331111 0.00354723 0.0528855 0.0106523 0.0103463 0.0223398 0.014087 0.010779 0.00353566 0.00777014 0.0708557 
2003 0 0.019913 0.0527279 0.0355015 0.19226 0.141409 0.120604 0.142096 0.0140914 0.0453925 0.0435437 0.0425092 0.013907 0.0411883 0.0106795 0.0181206 0.0146835 0.00765859 0 0 0.0437139 
2004 0 0.034837 0.0478341 0.104405 0.0487371 0.240578 0.0840446 0.105886 0.0671372 0.0250166 0.0457566 0.0148352 0.0289121 0.0202798 0.0635245 0.0143247 0.0185268 0.00350613 0.014352 0 0.0175065 
2005 0 0.00354377 0.114502 0.0905725 0.153823 0.0484242 0.125212 0.042121 0.119442 0.0716063 0.00352797 0.0250269 0.053628 0.0140436 0 0.0393682 0.0177074 0.00349189 0.00357631 0.0180198 0.0523633 
2006 0 0.004701 0.00800446 0.199716 0.127753 0.113581 0.0343383 0.141139 0.0453088 0.0978172 0.0757691 0.0106831 0.0104415 0.0252817 0.0175489 0.0103228 0.0411053 0 0.00346468 0.00705741 0.0259658 
2007 0 0.00774377 0.00716099 0.0317756 0.296964 0.0757991 0.117761 0.0451744 0.0922423 0.0571839 0.0544176 0.0585995 0.0136096 0.0227278 0.0276142 0.0254763 0 0.00699095 0.00710465 0.00730444 0.0443491 
2008 0 0.0118735 0.02307 0.0217897 0.0415012 0.309857 0.0629897 0.108384 0.0417215 0.0703697 0.0528333 0.0462466 0.0789505 0.00361431 0.0220251 0.0310791 0.0177886 0 0.0213953 0.00740528 0.0271056 
2009 0 0.0222939 0.0338269 0.0816493 0.0346537 0.0586032 0.238185 0.0893313 0.0795562 0.0382196 0.0727776 0.0482898 0.0571424 0.0276962 0.0217688 0.0106713 0.0153364 0.00704481 0 0.0344437 0.0285094 
2010 0 0.00362728 0.0661203 0.0669995 0.118583 0.0278335 0.0486645 0.226302 0.0620248 0.109552 0.0137981 0.0688644 0.0418482 0.0138514 0.0412532 0 0.015983 0.0035634 0.0138393 0 0.0572928 
2011 0 0.0206219 0.0209879 0.114784 0.082594 0.138957 0.0241696 0.0311977 0.184028 0.0659443 0.0564051 0.0176238 0.0607673 0.0254597 0.0282894 0.0313241 0.00352487 0.0254224 0.017659 0.00731901 0.0429208 
2012 0 0.0238201 0.0819337 0.0176076 0.138547 0.128066 0.0796437 0.0139729 0.0210811 0.144227 0.0638299 0.0600641 0.0104691 0.0318633 0.0444366 0.0178135 0.00724945 0.00363097 0.0109188 0.0106615 0.0901643 
2013 0 0.00379144 0.14528 0.101163 0.0526358 0.154072 0.059414 0.0733312 0.0175107 0.0274729 0.127062 0.0527275 0.0388644 0.00343056 0.0634647 0.0147805 0.0325965 0.0107536 0 0 0.0216486 
end_table
table error_values
1990 300 300 300 300 300 300 300 300 300 300 300 300 300 300 300 300 300 300 300 300 300 
1991 300 300 300 300 300 300 300 300 300 300 300 300 300 300 300 300 300 300 300 300 300 
1992 300 300 300 300 300 300 300 300 300 300 300 300 300 300 300 300 300 300 300 300 300 
1993 300 300 300 300 300 300 300 300 300 300 300 300 300 300 300 300 300 300 300 300 300 
1994 300 300 300 300 300 300 300 300 300 300 300 300 300 300 300 300 300 300 300 300 300 
1995 300 300 300 300 300 300 300 300 300 300 300 300 300 300 300 300 300 300 300 300 300 
1996 300 300 300 300 300 300 300 300 300 300 300 300 300 300 300 300 300 300 300 300 300 
1997 300 300 300 300 300 300 300 300 300 300 300 300 300 300 300 300 300 300 300 300 300 
1998 300 300 300 300 300 300 300 300 300 300 300 300 300 300 300 300 300 300 300 300 300 
1999 300 300 300 300 300 300 300 300 300 300 300 300 300 300 300 300 300 300 300 300 300 
2000 300 300 300 300 300 300 300 300 300 300 300 300 300 300 300 300 300 300 300 300 300 
2001 300 300 300 300 300 300 300 300 300 300 300 300 300 300 300 300 300 300 300 300 300 
2002 300 300 300 300 300 300 300 300 300 300 300 300 300 300 300 300 300 300 300 300 300 
2003 300 300 300 300 300 300 300 300 300 300 300 300 300 300 300 300 300 300 300 300 300 
2004 300 300 300 300 300 300 300 300 300 300 300 300 300 300 300 300 300 300 300 300 300 
2005 300 300 300 300 300 300 300 300 300 300 300 300 300 300 300 300 300 300 300 300 300 
2006 300 300 300 300 300 300 300 300 300 300 300 300 300 300 300 300 300 300 300 300 300 
2007 300 300 300 300 300 300 300 300 300 300 300 300 300 300 300 300 300 300 300 300 300 
2008 300 300 300 300 300 300 300 300 300 300 300 300 300 300 300 300 300 300 300 300 300 
2009 300 300 300 300 300 300 300 300 300 300 300 300 300 300 300 300 300 300 300 300 300 
2010 300 300 300 300 300 300 300 300 300 300 300 300 300 300 300 300 300 300 300 300 300 
2011 300 300 300 300 300 300 300 300 300 300 300 300 300 300 300 300 300 300 300 300 300 
2012 300 300 300 300 300 300 300 300 300 300 300 300 300 300 300 300 300 300 300 300 300 
2013 300 300 300 300 300 300 300 300 300 300 300 300 300 300 300 300 300 300 300 300 300 
end_table

