@observation fishery_age_ALK_BP_sim
age_allocation_method proportional 
ageing_error age_error 
fishery_label Fishing_LL 
layer_of_stratum_definitions area_definition 
process_label fishing 
strata_to_include BP 
type mortality_event_biomass_scaled_age_frequency 
years 1990 1991 1992 1993 1994 1995 1996 1997 1998 1999 2000 2001 2002 2003 2004 2005 2006 2007 2008 2009 2010 2011 2012 2013 
table obs
1990 0 0.00866807 0.0215946 0.0820788 0.102707 0.0948374 0.0871249 0.080561 0.0595219 0.0774961 0.0383708 0.05287 0.0210367 0.0385611 0.0252612 0.0173913 0.0248352 0.022646 0.0210977 0.0107768 0.112563 
1991 0 0.0155249 0.0367849 0.0535973 0.091051 0.105165 0.109018 0.0733201 0.0452085 0.059609 0.0388564 0.0553742 0.0331782 0.0292776 0.034889 0.0176305 0.0219552 0.0291695 0.0141501 0.0172642 0.118976 
1992 0 0 0.0288713 0.0793804 0.129178 0.0848132 0.0673786 0.0844654 0.0671626 0.0565899 0.0495864 0.0381241 0.0357336 0.0285613 0.0316647 0.0186535 0.0253162 0.0332938 0.00351664 0.0258158 0.111895 
1993 0 0.00629687 0.0103507 0.0878304 0.125411 0.097294 0.0765956 0.0621256 0.0870611 0.0659784 0.0415471 0.0503569 0.021025 0.0279883 0.0346229 0.0208072 0.034957 0.0243031 0.0139906 0.0183121 0.0931457 
1994 0 0.0265399 0.0197758 0.0711142 0.11184 0.122086 0.0989775 0.0908196 0.052555 0.0596293 0.0361029 0.0382307 0.0386517 0.0307112 0.00700571 0.0186609 0.0246738 0.0140286 0.0208093 0.011866 0.105922 
1995 0 0.0230094 0.0992905 0.0385524 0.0764752 0.128684 0.0980923 0.106176 0.0485405 0.0251105 0.0624703 0.0394175 0.0316946 0.0176722 0.0103424 0.0144812 0.021805 0.0216399 0.0237189 0.0147962 0.0980306 
1996 0 0.0144359 0.0714582 0.212201 0.0591689 0.0695045 0.0876977 0.090679 0.0464624 0.027659 0.0356194 0.0466823 0.0180653 0.0147763 0.0178859 0.0148542 0.0202912 0.0250707 0.0115683 0.0207188 0.0952011 
1997 0 0.0135611 0.0395132 0.183373 0.263711 0.0380652 0.0561627 0.0638729 0.0396593 0.056314 0.028536 0.0357091 0.0282475 0.0255093 0.0185636 0.0034669 0.0118156 0.0250656 0.0106221 0.0034581 0.0547741 
1998 0 0.035323 0.0288194 0.0986866 0.212885 0.25531 0.0104999 0.0317494 0.0639098 0.0357169 0.0421921 0.0218532 0.0112896 0.0224945 0.00681619 0.0110526 0.010871 0.00809649 0.0047772 0.00340501 0.084253 
1999 0 0 0.101999 0.101195 0.138099 0.172731 0.203772 0.0174541 0.0433522 0.0455229 0.0365879 0.0197337 0.0110346 0.0192216 0.0111281 0.0112393 0.0078471 0 0.00343824 0.0150847 0.04056 
2000 0 0.00652233 0.0186951 0.248684 0.108292 0.0913043 0.112119 0.190861 0.0174294 0.0254081 0.0258671 0.0227767 0.0174041 0.0119094 0.00741417 0.00714488 0.00710064 0.014398 0.0105285 0.00998823 0.0461532 
2001 0 0.0219067 0.0574806 0.0423435 0.348104 0.0860576 0.107241 0.0830043 0.118241 0.0106422 0.0179102 0.0158927 0.0214846 0.00756406 0.00725878 0.0107645 0.00369102 0.00340215 0.0038328 0.00346412 0.0297144 
2002 0 0.0177702 0.0503016 0.0777315 0.118795 0.289695 0.0809836 0.077155 0.0735148 0.0595602 0.0138967 0.00352658 0.0284513 0.0129574 0.0177596 0.00710914 0.00362196 0.00499052 0 0.0138117 0.0483681 
2003 0 0.0169925 0.0395349 0.154555 0.121667 0.0799386 0.275063 0.0490588 0.0352095 0.0745016 0.0535038 0.00814206 0.0141409 0.0109102 0.0104804 0.00345527 0.00353126 0.015637 0 0 0.0336786 
2004 0 0.0189075 0.0667528 0.066538 0.186943 0.130603 0.075669 0.161707 0.0451534 0.0634567 0.0580704 0.0498239 0.00435814 0 0.00346543 0.00343192 0.0103695 0.00790847 0.00774033 0 0.0391013 
2005 0 0.0112447 0.0634262 0.111385 0.134338 0.134918 0.104145 0.0348439 0.1674 0.0242771 0.0389483 0.0356321 0.057413 0.00686506 0.00346386 0.00734386 0.00344973 0.0136266 0.00362575 0.00714621 0.0365072 
2006 0 0.0163795 0.0317131 0.119382 0.166666 0.12502 0.108972 0.0802237 0.0389725 0.139185 0.0278207 0.0250022 0.0339758 0.0497784 0 0 0.0076751 0.00349261 0.00418248 0.0034923 0.0180652 
2007 0 0 0.0400432 0.102729 0.133731 0.122126 0.0839376 0.101354 0.115432 0.0756584 0.10639 0.0185386 0.0320366 0.0153326 0.0303572 0 0 0 0.00355021 0.00355451 0.0152289 
2008 0 0.00752111 0.0175355 0.106982 0.148779 0.168948 0.118215 0.0521713 0.076634 0.0560278 0.0139317 0.119535 0.0247728 0.0213741 0.0110975 0.0212211 0.00366626 0.00376089 0.00338633 0.00352568 0.020915 
2009 0 0.00896771 0.0272763 0.0457764 0.142943 0.12481 0.152693 0.139809 0.0592668 0.0663631 0.0604891 0.0278127 0.0442117 0.0225305 0.00358469 0.035664 0.0110557 0 0.00716474 0 0.0195815 
2010 0 0.0384942 0.0279975 0.0721339 0.03454 0.185863 0.140763 0.105058 0.090786 0.0453509 0.0703346 0.0420685 0.0207428 0.0598095 0.0274534 0.0174037 0.00360987 0.00700671 0.00339735 0 0.0071882 
2011 0 0.0257034 0.114646 0.0452311 0.123331 0.0666741 0.11302 0.0811722 0.100072 0.0861654 0.0106129 0.0638073 0.0209793 0.00720581 0.051158 0.014201 0.0148981 0.0150195 0.0307364 0.00386029 0.0115077 
2012 0 0.016376 0.118883 0.198755 0.0811711 0.0747667 0.0214017 0.0818838 0.0782385 0.0677348 0.0426814 0.0319558 0.0384956 0.0184678 0.00704758 0.0350417 0.0109885 0.0211144 0.0152884 0.00691336 0.0327948 
2013 0 0.00817759 0.0620726 0.212406 0.24926 0.0347803 0.105134 0.0173032 0.0529339 0.0629293 0.0665558 0.0325403 0.00720157 0.0180657 0.0183192 0.00386662 0.0103839 0.0127222 0 0 0.0253481 
end_table
table error_values
1990 300 300 300 300 300 300 300 300 300 300 300 300 300 300 300 300 300 300 300 300 300 
1991 300 300 300 300 300 300 300 300 300 300 300 300 300 300 300 300 300 300 300 300 300 
1992 300 300 300 300 300 300 300 300 300 300 300 300 300 300 300 300 300 300 300 300 300 
1993 300 300 300 300 300 300 300 300 300 300 300 300 300 300 300 300 300 300 300 300 300 
1994 300 300 300 300 300 300 300 300 300 300 300 300 300 300 300 300 300 300 300 300 300 
1995 300 300 300 300 300 300 300 300 300 300 300 300 300 300 300 300 300 300 300 300 300 
1996 300 300 300 300 300 300 300 300 300 300 300 300 300 300 300 300 300 300 300 300 300 
1997 300 300 300 300 300 300 300 300 300 300 300 300 300 300 300 300 300 300 300 300 300 
1998 300 300 300 300 300 300 300 300 300 300 300 300 300 300 300 300 300 300 300 300 300 
1999 300 300 300 300 300 300 300 300 300 300 300 300 300 300 300 300 300 300 300 300 300 
2000 300 300 300 300 300 300 300 300 300 300 300 300 300 300 300 300 300 300 300 300 300 
2001 300 300 300 300 300 300 300 300 300 300 300 300 300 300 300 300 300 300 300 300 300 
2002 300 300 300 300 300 300 300 300 300 300 300 300 300 300 300 300 300 300 300 300 300 
2003 300 300 300 300 300 300 300 300 300 300 300 300 300 300 300 300 300 300 300 300 300 
2004 300 300 300 300 300 300 300 300 300 300 300 300 300 300 300 300 300 300 300 300 300 
2005 300 300 300 300 300 300 300 300 300 300 300 300 300 300 300 300 300 300 300 300 300 
2006 300 300 300 300 300 300 300 300 300 300 300 300 300 300 300 300 300 300 300 300 300 
2007 300 300 300 300 300 300 300 300 300 300 300 300 300 300 300 300 300 300 300 300 300 
2008 300 300 300 300 300 300 300 300 300 300 300 300 300 300 300 300 300 300 300 300 300 
2009 300 300 300 300 300 300 300 300 300 300 300 300 300 300 300 300 300 300 300 300 300 
2010 300 300 300 300 300 300 300 300 300 300 300 300 300 300 300 300 300 300 300 300 300 
2011 300 300 300 300 300 300 300 300 300 300 300 300 300 300 300 300 300 300 300 300 300 
2012 300 300 300 300 300 300 300 300 300 300 300 300 300 300 300 300 300 300 300 300 300 
2013 300 300 300 300 300 300 300 300 300 300 300 300 300 300 300 300 300 300 300 300 300 
end_table

