@observation fishery_age_ALK_EN_sim
age_allocation_method proportional 
ageing_error age_error 
fishery_label Fishing_LL 
layer_of_stratum_definitions area_definition 
process_label fishing 
strata_to_include EN 
type mortality_event_biomass_scaled_age_frequency 
years 1990 1991 1992 1993 1994 1995 1996 1997 1998 1999 2000 2001 2002 2003 2004 2005 2006 2007 2008 2009 2010 2011 2012 2013 
table obs
1990 0 0.00548116 0.032442 0.0635304 0.0776364 0.129949 0.0421079 0.0628074 0.0838943 0.0350002 0.0526693 0.0524126 0.0385691 0.0210893 0.0496651 0.0424773 0.0315065 0.0209415 0.0177009 0.00700062 0.133119 
1991 0 0.0268951 0.0356511 0.0560486 0.0979491 0.0767235 0.0981089 0.0665865 0.0560659 0.052554 0.0629127 0.0418778 0.0388445 0.0284431 0.0210904 0.0310223 0.0321191 0.0185248 0.0107426 0.0250538 0.122786 
1992 0 0 0.0992726 0.0707264 0.0523939 0.0947361 0.122342 0.0384751 0.0804966 0.0456574 0.0538655 0.0425312 0.0421077 0.0326243 0.0105382 0.0289204 0.0139921 0.0251813 0.0203956 0.010361 0.115383 
1993 0 0.00700488 0.0217962 0.216283 0.0900456 0.093556 0.0662273 0.0668982 0.0764772 0.0487612 0.0421503 0.0208895 0.0177084 0.0210739 0.021495 0.0319454 0.0212483 0.0179786 0.00698053 0.0176755 0.0938055 
1994 0 0.00408136 0.0327452 0.0137515 0.296692 0.0859026 0.0727253 0.0651936 0.059033 0.0380695 0.0446602 0.0272526 0.0546577 0.0275182 0.0172152 0.0172942 0.0240351 0.0033711 0.0068321 0.0193855 0.0895838 
1995 0 0.00502375 0.0227019 0.0712117 0.0455575 0.312904 0.0520784 0.0417356 0.0517974 0.0592087 0.0522347 0.0380709 0.0259135 0.0380957 0.0319574 0.00355605 0.0106435 0.012937 0.0182964 0.0191537 0.0869224 
1996 0 0.00346628 0.0375136 0.0702055 0.126201 0.0386071 0.264372 0.053984 0.0556111 0.0418725 0.0277914 0.0243295 0.0386264 0.0327585 0.0358699 0.0208372 0.0218928 0.0172584 0.015443 0.00339822 0.0699615 
1997 0 0.0121163 0.00655086 0.096522 0.0933098 0.134006 0.0379017 0.216963 0.0753553 0.0518374 0.034933 0.0281127 0.0294294 0.0174811 0.0110053 0.0353036 0.025428 0 0.0111609 0.0105712 0.0720128 
1998 0 0.0138329 0.079425 0.0274792 0.141149 0.134238 0.0827756 0.0137653 0.170532 0.0343319 0.0382605 0.0175383 0.0411287 0.0174131 0.0206285 0.010738 0.014885 0.0136112 0.0140958 0.0177491 0.0964224 
1999 0 0.0246121 0.039295 0.164137 0.0556299 0.143683 0.0973289 0.0760573 0.0103348 0.143792 0.00758388 0.0259946 0.0253127 0.0330554 0 0.0222502 0.00702917 0.0152594 0.0213277 0.0106025 0.0767144 
2000 0 0.0213548 0.0303149 0.125472 0.254093 0.0242332 0.0688958 0.058612 0.0763396 0.0174398 0.12941 0.0176867 0.028086 0.00369617 0.00754544 0.0138425 0.0116758 0.00758231 0.0146194 0.00377272 0.085328 
2001 0 0.00451252 0.0754609 0.107356 0.140299 0.177971 0.0309548 0.0832298 0.0520613 0.0496811 0.0209719 0.0713764 0.0248853 0.0173864 0.00696352 0.0141558 0.0286723 0 0.0106771 0.00725734 0.0761266 
2002 0 0.0143677 0.0209986 0.149097 0.145282 0.128098 0.191806 0.0103383 0.0711798 0.0241842 0.0247035 0.0172399 0.0636481 0.014274 0.0101919 0.0110138 0.00345099 0.0110856 0.0110712 0.0110069 0.0669627 
2003 0 0.0079112 0.0609467 0.0529443 0.167969 0.136924 0.15169 0.132054 0.00705371 0.070721 0.0535667 0.023646 0.0109054 0.0471189 0.00382508 0.0177793 0.0107402 0 0.00766701 0.00711577 0.029422 
2004 0 0.0272404 0.0332171 0.0974832 0.0698788 0.175071 0.080683 0.135911 0.113687 0.0219031 0.0321811 0.0207642 0.0396894 0.00712443 0.0605354 0.0275392 0.00702357 0.00346894 0 0 0.0465996 
2005 0 0.00402304 0.0748701 0.10095 0.146704 0.049048 0.122397 0.108574 0.0737483 0.0985412 0.0178722 0.0243288 0.0216937 0.0274053 0 0.0388571 0.0182898 0.0179795 0.00709534 0.00342972 0.044192 
2006 0 0 0.0127055 0.203038 0.0969558 0.117288 0.0547314 0.121387 0.0624548 0.0865467 0.0839595 0.0102284 0.0191598 0.0139532 0.0198906 0.00685421 0.0289964 0.010654 0.00352892 0 0.0476681 
2007 0 0.00388898 0.0146656 0.00741375 0.269674 0.11724 0.134767 0.0309533 0.10027 0.0344044 0.0454616 0.0815438 0.0145169 0.0238548 0.0140284 0.0115138 0.00346297 0.0245838 0.00801828 0.0159581 0.0437802 
2008 0 0.0118735 0.0317687 0.00702174 0.0276884 0.268057 0.097257 0.132308 0.0522886 0.100244 0.0529704 0.0211058 0.0428582 0.00697434 0.0330708 0.00338668 0.0141788 0.00656444 0.039735 0.00730252 0.0433455 
2009 0 0.0147825 0.0413923 0.0711142 0.0249248 0.0375776 0.231459 0.079228 0.116677 0.0239011 0.0764906 0.06594 0.0661768 0.03484 0.00343561 0.0287017 0.0146034 0.00344301 0.00342883 0.0287047 0.0331781 
2010 0 0 0.0663453 0.0528093 0.118729 0.0137976 0.0378245 0.233403 0.0761865 0.0723876 0.0169121 0.0768983 0.0396782 0.0412824 0.0392239 0.00685665 0.011772 0.0106261 0.00681342 0 0.0784536 
2011 0 0.0204465 0.0182375 0.160331 0.0858724 0.113693 0.020815 0.0278478 0.163413 0.0448389 0.0876223 0.0279206 0.056684 0.0356075 0.0284147 0.047946 0 0.0109514 0.0174094 0.00733171 0.0246163 
2012 0 0.0387882 0.0775109 0.0242353 0.14241 0.0929866 0.0725428 0.00683616 0.0279261 0.164854 0.0672242 0.0576824 0.0244355 0.0478779 0.0283192 0.0318879 0.0106595 0 0.00736163 0.0118388 0.0646226 
2013 0 0.0147778 0.119924 0.108525 0.038431 0.171518 0.0875883 0.0806783 0.0140976 0.0173943 0.119523 0.0103246 0.0433414 0.0105802 0.0392759 0.0176608 0.0329296 0.021302 0 0.0141849 0.0379436 
end_table
table error_values
1990 300 300 300 300 300 300 300 300 300 300 300 300 300 300 300 300 300 300 300 300 300 
1991 300 300 300 300 300 300 300 300 300 300 300 300 300 300 300 300 300 300 300 300 300 
1992 300 300 300 300 300 300 300 300 300 300 300 300 300 300 300 300 300 300 300 300 300 
1993 300 300 300 300 300 300 300 300 300 300 300 300 300 300 300 300 300 300 300 300 300 
1994 300 300 300 300 300 300 300 300 300 300 300 300 300 300 300 300 300 300 300 300 300 
1995 300 300 300 300 300 300 300 300 300 300 300 300 300 300 300 300 300 300 300 300 300 
1996 300 300 300 300 300 300 300 300 300 300 300 300 300 300 300 300 300 300 300 300 300 
1997 300 300 300 300 300 300 300 300 300 300 300 300 300 300 300 300 300 300 300 300 300 
1998 300 300 300 300 300 300 300 300 300 300 300 300 300 300 300 300 300 300 300 300 300 
1999 300 300 300 300 300 300 300 300 300 300 300 300 300 300 300 300 300 300 300 300 300 
2000 300 300 300 300 300 300 300 300 300 300 300 300 300 300 300 300 300 300 300 300 300 
2001 300 300 300 300 300 300 300 300 300 300 300 300 300 300 300 300 300 300 300 300 300 
2002 300 300 300 300 300 300 300 300 300 300 300 300 300 300 300 300 300 300 300 300 300 
2003 300 300 300 300 300 300 300 300 300 300 300 300 300 300 300 300 300 300 300 300 300 
2004 300 300 300 300 300 300 300 300 300 300 300 300 300 300 300 300 300 300 300 300 300 
2005 300 300 300 300 300 300 300 300 300 300 300 300 300 300 300 300 300 300 300 300 300 
2006 300 300 300 300 300 300 300 300 300 300 300 300 300 300 300 300 300 300 300 300 300 
2007 300 300 300 300 300 300 300 300 300 300 300 300 300 300 300 300 300 300 300 300 300 
2008 300 300 300 300 300 300 300 300 300 300 300 300 300 300 300 300 300 300 300 300 300 
2009 300 300 300 300 300 300 300 300 300 300 300 300 300 300 300 300 300 300 300 300 300 
2010 300 300 300 300 300 300 300 300 300 300 300 300 300 300 300 300 300 300 300 300 300 
2011 300 300 300 300 300 300 300 300 300 300 300 300 300 300 300 300 300 300 300 300 300 
2012 300 300 300 300 300 300 300 300 300 300 300 300 300 300 300 300 300 300 300 300 300 
2013 300 300 300 300 300 300 300 300 300 300 300 300 300 300 300 300 300 300 300 300 300 
end_table

