@observation fishery_age_ALK_BP_sim
age_allocation_method proportional 
ageing_error age_error 
fishery_label Fishing_LL 
layer_of_stratum_definitions area_definition 
process_label fishing 
strata_to_include BP 
type mortality_event_biomass_scaled_age_frequency 
years 1990 1991 1992 1993 1994 1995 1996 1997 1998 1999 2000 2001 2002 2003 2004 2005 2006 2007 2008 2009 2010 2011 2012 2013 
table obs
1990 0 0.0033941 0.0524395 0.0603678 0.0882731 0.0734517 0.0949359 0.0736127 0.0701654 0.0525565 0.0423321 0.0598811 0.031601 0.0315954 0.0323908 0.0179611 0.0290562 0.0181131 0.00771967 0.0148395 0.145313 
1991 0 0.0089053 0.0319249 0.0791522 0.101774 0.115622 0.05621 0.0555115 0.0419168 0.0666137 0.0747461 0.0452231 0.0177206 0.0325242 0.0173124 0.04197 0.0106645 0.0383486 0.0140946 0.0117975 0.137967 
1992 0 0.00340053 0.0333413 0.0615918 0.107137 0.0987655 0.0671142 0.138417 0.0476112 0.0530347 0.0493891 0.0293808 0.0468471 0.0289759 0.0180096 0.0177114 0.0204465 0.0107588 0.0224215 0.0175656 0.128081 
1993 0 0 0.0272598 0.119381 0.111608 0.0969508 0.0899679 0.0483746 0.0691234 0.0274034 0.0593 0.041674 0.0540064 0.0173586 0.0173875 0.0380728 0.0212803 0.0315313 0 0.0103557 0.118965 
1994 0 0.0221715 0.0213822 0.071385 0.140096 0.0808388 0.0905688 0.0835739 0.0732173 0.0556092 0.0382137 0.0349247 0.0137606 0.024739 0.0136626 0.02096 0.0331114 0.0383979 0.0138957 0.02543 0.104062 
1995 0 0.0259916 0.0927086 0.0380615 0.107681 0.0874911 0.0971946 0.0613073 0.0407195 0.068064 0.0486255 0.0246364 0.0429597 0.0218649 0.0227022 0.0181574 0.0215036 0.018645 0.0173649 0.0224417 0.121879 
1996 0 0.0179932 0.07478 0.239552 0.0174989 0.0801535 0.0596757 0.0907945 0.0451335 0.0525926 0.0241785 0.0352952 0.0432008 0.0370739 0.025873 0.0112978 0.00721753 0.0109818 0.0149985 0.0219766 0.0897321 
1997 0 0.0100209 0.0640265 0.142335 0.273524 0.0379933 0.0449532 0.0773071 0.031902 0.0288727 0.0395906 0.0207934 0.0283377 0.0246609 0.0140066 0.0141215 0.014859 0.0182753 0.0218545 0.0307428 0.0618225 
1998 0 0.0460336 0.0329682 0.105668 0.222153 0.242507 0.0283201 0.0357961 0.0587396 0.0387552 0.0213509 0.0328177 0.0140973 0.0139863 0.0157824 0.0186472 0.0110796 0 0.00374197 0.0107358 0.04682 
1999 0 0.00353536 0.134311 0.113965 0.0894586 0.193252 0.181479 0.0249135 0.0319974 0.0364357 0.0331766 0.0181679 0.0215564 0.0194654 0.018714 0.00749084 0 0.0117321 0.00381184 0.00983005 0.0467075 
2000 0 0.00652233 0.0295727 0.300883 0.129667 0.0871644 0.0736528 0.144641 0.0143641 0.0148033 0.0463542 0.0107738 0.0219022 0.00341066 0.0139059 0.011008 0.00744652 0.0219413 0.00833298 0 0.0536537 
2001 0 0.00943102 0.0547469 0.0779289 0.313886 0.0897555 0.0873815 0.104155 0.114749 0 0.0137769 0.0179422 0.0142534 0.0136905 0 0.00683856 0.014578 0.0146499 0.00369823 0.00340215 0.0451367 
2002 0 0.0041493 0.0779208 0.0982029 0.108395 0.29394 0.063331 0.0385106 0.0984313 0.100355 0.00371938 0.00352658 0.0246173 0.0139022 0.00340754 0 0.0165025 0.00869018 0 0 0.0423976 
2003 0 0.0124902 0.0528295 0.0909236 0.182473 0.083449 0.258211 0.0417604 0.042235 0.0917149 0.0540364 0.00345527 0.0106783 0.0155961 0.00699379 0.0147154 0.00356759 0.00383565 0.00383565 0.00813751 0.0190616 
2004 0 0.0313484 0.0512106 0.0870064 0.172623 0.151373 0.0587259 0.167508 0.034944 0.0559348 0.0435729 0.0540266 0 0.00435814 0.0209194 0 0.00724508 0.010099 0 0 0.0491051 
2005 0 0.0114841 0.0455933 0.128827 0.131384 0.165886 0.122307 0.0633663 0.125404 0.0316915 0.0175921 0.0392098 0.0453352 0.01146 0.00724359 0.00707087 0 0.00346386 0 0.00345927 0.0392218 
2006 0 0.00906227 0.0427818 0.122246 0.180189 0.140026 0.126343 0.105458 0.0348173 0.0896926 0.0283197 0.0251819 0.0259814 0.0175205 0.00390296 0.00725282 0.00349261 0 0.0110919 0 0.0266399 
2007 0 0 0.0471932 0.0711392 0.151039 0.154483 0.118452 0.0915367 0.0560989 0.0592229 0.102015 0.0500219 0.0176483 0.0261 0.0175918 0 0 0.00443978 0.00342331 0.00843739 0.0211572 
2008 0 0.00752111 0.0106255 0.0968601 0.155015 0.17662 0.122471 0.0664334 0.07662 0.0491645 0.0242467 0.102492 0.0313697 0.0107138 0.020125 0.0246096 0.00705368 0 0.00339027 0.0065857 0.00808366 
2009 0 0.00896771 0.0289453 0.0387611 0.113636 0.176329 0.166629 0.101224 0.0761164 0.052731 0.0518734 0.0208086 0.0569219 0.0177202 0.00821966 0.0222173 0.0326104 0.00447457 0.00358469 0 0.0182303 
2010 0 0.0389525 0.0235035 0.0856066 0.0419515 0.127342 0.119501 0.161108 0.0703792 0.0696985 0.042375 0.0451666 0.0277568 0.0417923 0.0277728 0.0172464 0.0245475 0.00343079 0 0 0.0318691 
2011 0 0.0440358 0.114119 0.0312674 0.0915182 0.0455249 0.0596942 0.154019 0.142599 0.0526813 0.0421883 0.0534875 0.0425381 0.0210616 0.0506788 0.0154772 0.00349529 0.00716428 0.010972 0 0.0174786 
2012 0 0.0163234 0.111852 0.201659 0.0746964 0.092987 0.0140498 0.0680742 0.0673734 0.0944828 0.0568795 0.0497494 0.0436089 0.0246192 0.0070041 0.0323829 0.00367586 0.0157198 0.00679323 0 0.0180695 
2013 0 0.0126886 0.0831955 0.197241 0.245438 0.0419029 0.0670585 0.0398232 0.0345624 0.0528 0.0560137 0.0498315 0.0361038 0.0141732 0.0106588 0.00362498 0.0248023 0.0109489 0.00451163 0.00373735 0.0108831 
end_table
table error_values
1990 300 300 300 300 300 300 300 300 300 300 300 300 300 300 300 300 300 300 300 300 300 
1991 300 300 300 300 300 300 300 300 300 300 300 300 300 300 300 300 300 300 300 300 300 
1992 300 300 300 300 300 300 300 300 300 300 300 300 300 300 300 300 300 300 300 300 300 
1993 300 300 300 300 300 300 300 300 300 300 300 300 300 300 300 300 300 300 300 300 300 
1994 300 300 300 300 300 300 300 300 300 300 300 300 300 300 300 300 300 300 300 300 300 
1995 300 300 300 300 300 300 300 300 300 300 300 300 300 300 300 300 300 300 300 300 300 
1996 300 300 300 300 300 300 300 300 300 300 300 300 300 300 300 300 300 300 300 300 300 
1997 300 300 300 300 300 300 300 300 300 300 300 300 300 300 300 300 300 300 300 300 300 
1998 300 300 300 300 300 300 300 300 300 300 300 300 300 300 300 300 300 300 300 300 300 
1999 300 300 300 300 300 300 300 300 300 300 300 300 300 300 300 300 300 300 300 300 300 
2000 300 300 300 300 300 300 300 300 300 300 300 300 300 300 300 300 300 300 300 300 300 
2001 300 300 300 300 300 300 300 300 300 300 300 300 300 300 300 300 300 300 300 300 300 
2002 300 300 300 300 300 300 300 300 300 300 300 300 300 300 300 300 300 300 300 300 300 
2003 300 300 300 300 300 300 300 300 300 300 300 300 300 300 300 300 300 300 300 300 300 
2004 300 300 300 300 300 300 300 300 300 300 300 300 300 300 300 300 300 300 300 300 300 
2005 300 300 300 300 300 300 300 300 300 300 300 300 300 300 300 300 300 300 300 300 300 
2006 300 300 300 300 300 300 300 300 300 300 300 300 300 300 300 300 300 300 300 300 300 
2007 300 300 300 300 300 300 300 300 300 300 300 300 300 300 300 300 300 300 300 300 300 
2008 300 300 300 300 300 300 300 300 300 300 300 300 300 300 300 300 300 300 300 300 300 
2009 300 300 300 300 300 300 300 300 300 300 300 300 300 300 300 300 300 300 300 300 300 
2010 300 300 300 300 300 300 300 300 300 300 300 300 300 300 300 300 300 300 300 300 300 
2011 300 300 300 300 300 300 300 300 300 300 300 300 300 300 300 300 300 300 300 300 300 
2012 300 300 300 300 300 300 300 300 300 300 300 300 300 300 300 300 300 300 300 300 300 
2013 300 300 300 300 300 300 300 300 300 300 300 300 300 300 300 300 300 300 300 300 300 
end_table

