@observation fishery_age_ALK_HG_sim
age_allocation_method proportional 
ageing_error age_error 
fishery_label Fishing_LL 
layer_of_stratum_definitions area_definition 
process_label fishing 
strata_to_include HG 
type mortality_event_biomass_scaled_age_frequency 
years 1990 1991 1992 1993 1994 1995 1996 1997 1998 1999 2000 2001 2002 2003 2004 2005 2006 2007 2008 2009 2010 2011 2012 2013 
table obs
1990 0 0.0035216 0.0327324 0.0819278 0.0873857 0.0968669 0.0725559 0.0658689 0.076144 0.0556243 0.038323 0.0451275 0.0553379 0.0362091 0.0399757 0.0305279 0.0250376 0.0145402 0.0104483 0.0179212 0.113924 
1991 0 0.0116072 0.0450448 0.0393135 0.115858 0.121645 0.0902982 0.0555128 0.0556676 0.0594829 0.0494212 0.0315342 0.0325557 0.0397959 0.0396398 0.0333026 0.0211965 0.0121332 0.0138704 0.0146657 0.117454 
1992 0 0.0040272 0.0355476 0.0636327 0.0902698 0.076409 0.0902972 0.0794621 0.0979492 0.059512 0.0554611 0.057228 0.0143394 0.0350173 0.0358506 0.0109742 0.0247347 0.0107391 0.0141747 0.0141039 0.13027 
1993 0 0.00345728 0.00342872 0.0955767 0.0868707 0.127394 0.0774741 0.0800745 0.0730605 0.0805853 0.0282145 0.0327338 0.0351153 0.00679955 0.045914 0.0356637 0.010422 0.0242469 0.0144311 0.0140468 0.124491 
1994 0 0 0.0404663 0.0253513 0.0902423 0.103208 0.0900131 0.0995865 0.0589836 0.0551938 0.0379427 0.0589944 0.0385322 0.0414726 0.0242604 0.0241401 0.0241956 0.010275 0.0173653 0.0139377 0.145839 
1995 0 0.00799687 0.0151764 0.0625358 0.0349769 0.146993 0.0898606 0.0973004 0.053259 0.065644 0.0486592 0.0430375 0.0401911 0.0279188 0.045059 0.0185318 0.0177474 0.00692004 0.017635 0.0132709 0.147286 
1996 0 0.0143301 0.0500957 0.0548758 0.0644291 0.0282751 0.129172 0.0832786 0.066339 0.0797452 0.0740169 0.046039 0.0388832 0.0284108 0.0248469 0.0282193 0.0432119 0.0177754 0.0139686 0.0105219 0.103566 
1997 0 0.00569328 0.0276761 0.123637 0.0769428 0.0966453 0.0381058 0.0869953 0.0560571 0.066521 0.0414942 0.0530159 0.0424168 0.0274588 0.0426177 0.0222537 0.0357744 0.021637 0.0249237 0.0143834 0.0957507 
1998 0 0.0102725 0.0377872 0.0996638 0.119303 0.0555955 0.0839807 0.0277444 0.111219 0.0625385 0.0435818 0.0490483 0.0355592 0.0175689 0.0486238 0.0137121 0.0143383 0.0351233 0.00350668 0.0400784 0.0907555 
1999 0 0.0282596 0.0345418 0.0556385 0.0951842 0.150223 0.0695889 0.0690824 0.0309352 0.0845111 0.0738449 0.0399003 0.028193 0.0151695 0.0183486 0.0173914 0.0258178 0.0247998 0.0292809 0.0181507 0.0911382 
2000 0 0.00978714 0.0841118 0.0923368 0.0945122 0.11431 0.1184 0.045482 0.0489183 0.0280669 0.0711856 0.034295 0.0356707 0.0434887 0.0176718 0.014196 0.0178281 0.0144399 0.0162604 0.0106842 0.0883538 
2001 0 0.012917 0.0633299 0.160392 0.115562 0.0769148 0.0871016 0.073663 0.045133 0.064805 0.00748996 0.0313532 0.0505122 0.0361614 0.0252355 0.00702034 0.00745232 0.0182162 0.0253067 0.0107366 0.0806976 
2002 0 0.0127599 0.0660157 0.0597327 0.293369 0.114109 0.0520134 0.0800888 0.0561195 0.0280629 0.0248214 0.021064 0.0104913 0.028036 0.0210348 0.0104154 0.0170442 0.0168217 0.0145755 0.0107637 0.0626614 
2003 0 0.00391391 0.0903277 0.101893 0.0944355 0.222754 0.0939754 0.0489336 0.0589994 0.0888112 0.0138217 0.0421645 0 0.0104058 0.0246165 0.0177377 0.0106855 0.0069967 0.00771484 0.00695534 0.0548577 
2004 0 0.0256003 0.0330957 0.147835 0.161985 0.10425 0.197354 0.0660807 0.0417689 0.0174779 0.0446568 0.0103465 0.013907 0.00347998 0.0137238 0.0206469 0.0182874 0 0.00693815 0 0.0725671 
2005 0 0.0124026 0.0543113 0.0525166 0.193797 0.187122 0.0933838 0.138512 0.0410283 0.0207248 0.0309767 0.0173689 0.024437 0.0212454 0 0.0172617 0.00497297 0.00715375 0.0127697 0.00733597 0.0626802 
2006 0 0 0.036933 0.119557 0.100602 0.192294 0.11883 0.0879904 0.113637 0.0656616 0.021017 0.0174597 0.037394 0.0217243 0.00344996 0.00350771 0.00383879 0.00702496 0.0149038 0.00374524 0.0304288 
2007 0 0.00371624 0.00353563 0.0744172 0.198446 0.121655 0.143087 0.0761997 0.0594271 0.127771 0.0312559 0.0248508 0.0139209 0.0183952 0.0104649 0.00721832 0.00697195 0.0144908 0.0105185 0.00821605 0.0454413 
2008 0 0.00939065 0.0157046 0.0254107 0.102872 0.222282 0.066722 0.149585 0.0738167 0.0752607 0.084687 0.0430728 0.0264614 0.00366533 0.0318787 0 0.0110266 0 0.00714895 0.010809 0.040205 
2009 0 0.0336894 0.0157786 0.0685261 0.0359647 0.144146 0.12212 0.0738616 0.13602 0.0837552 0.0450103 0.0898411 0.0121757 0.00717927 0.0240901 0.0152437 0.00702488 0.00351476 0.00688853 0.0137687 0.0614009 
2010 0 0.016637 0.106874 0.0735271 0.100832 0.00339956 0.0900832 0.131407 0.0867743 0.105625 0.066638 0.0353528 0.0500778 0.0241428 0.00346553 0.00870938 0.0177367 0.0105023 0 0.0034535 0.0647621 
2011 0 0.0121548 0.0185628 0.229636 0.0980129 0.0691331 0.0212779 0.0868196 0.119838 0.0520493 0.0783055 0.0460921 0.0279111 0.0386332 0.0180043 0.00341796 0.0110656 0.0127036 0.00755368 0.00420328 0.0446251 
2012 0 0.0106791 0.0420032 0.0769277 0.313086 0.0690317 0.0594137 0.0282598 0.0570401 0.06753 0.0316408 0.0642288 0.0318667 0.0149451 0.0608809 0.0036277 0.0105316 0.00370274 0.00733207 0.00342208 0.0438501 
2013 0 0.00418134 0.0676838 0.0677406 0.0983849 0.318218 0.052566 0.0349865 0.0104788 0.0563355 0.0684709 0.0217123 0.0423743 0.0293404 0.01139 0.0543535 0.0147288 0.00581496 0.00360434 0.0111177 0.0265176 
end_table
table error_values
1990 300 300 300 300 300 300 300 300 300 300 300 300 300 300 300 300 300 300 300 300 300 
1991 300 300 300 300 300 300 300 300 300 300 300 300 300 300 300 300 300 300 300 300 300 
1992 300 300 300 300 300 300 300 300 300 300 300 300 300 300 300 300 300 300 300 300 300 
1993 300 300 300 300 300 300 300 300 300 300 300 300 300 300 300 300 300 300 300 300 300 
1994 300 300 300 300 300 300 300 300 300 300 300 300 300 300 300 300 300 300 300 300 300 
1995 300 300 300 300 300 300 300 300 300 300 300 300 300 300 300 300 300 300 300 300 300 
1996 300 300 300 300 300 300 300 300 300 300 300 300 300 300 300 300 300 300 300 300 300 
1997 300 300 300 300 300 300 300 300 300 300 300 300 300 300 300 300 300 300 300 300 300 
1998 300 300 300 300 300 300 300 300 300 300 300 300 300 300 300 300 300 300 300 300 300 
1999 300 300 300 300 300 300 300 300 300 300 300 300 300 300 300 300 300 300 300 300 300 
2000 300 300 300 300 300 300 300 300 300 300 300 300 300 300 300 300 300 300 300 300 300 
2001 300 300 300 300 300 300 300 300 300 300 300 300 300 300 300 300 300 300 300 300 300 
2002 300 300 300 300 300 300 300 300 300 300 300 300 300 300 300 300 300 300 300 300 300 
2003 300 300 300 300 300 300 300 300 300 300 300 300 300 300 300 300 300 300 300 300 300 
2004 300 300 300 300 300 300 300 300 300 300 300 300 300 300 300 300 300 300 300 300 300 
2005 300 300 300 300 300 300 300 300 300 300 300 300 300 300 300 300 300 300 300 300 300 
2006 300 300 300 300 300 300 300 300 300 300 300 300 300 300 300 300 300 300 300 300 300 
2007 300 300 300 300 300 300 300 300 300 300 300 300 300 300 300 300 300 300 300 300 300 
2008 300 300 300 300 300 300 300 300 300 300 300 300 300 300 300 300 300 300 300 300 300 
2009 300 300 300 300 300 300 300 300 300 300 300 300 300 300 300 300 300 300 300 300 300 
2010 300 300 300 300 300 300 300 300 300 300 300 300 300 300 300 300 300 300 300 300 300 
2011 300 300 300 300 300 300 300 300 300 300 300 300 300 300 300 300 300 300 300 300 300 
2012 300 300 300 300 300 300 300 300 300 300 300 300 300 300 300 300 300 300 300 300 300 
2013 300 300 300 300 300 300 300 300 300 300 300 300 300 300 300 300 300 300 300 300 300 
end_table

