@observation fishery_age_ALK_EN_sim
age_allocation_method proportional 
ageing_error age_error 
fishery_label Fishing_LL 
layer_of_stratum_definitions area_definition 
process_label fishing 
strata_to_include EN 
type mortality_event_biomass_scaled_age_frequency 
years 1990 1991 1992 1993 1994 1995 1996 1997 1998 1999 2000 2001 2002 2003 2004 2005 2006 2007 2008 2009 2010 2011 2012 2013 
table obs
1990 0 0.00548116 0.0324449 0.0499154 0.112324 0.0913503 0.0733919 0.0873603 0.063296 0.0562418 0.0401517 0.0418346 0.0321482 0.027969 0.0323195 0.024464 0.0141172 0.0285087 0.0106431 0.0211348 0.154904 
1991 0 0.0257429 0.0430858 0.0775104 0.094699 0.0833896 0.0835078 0.0910311 0.0668797 0.0351108 0.0527762 0.0384058 0.0349498 0.0247808 0.0350423 0.021291 0.0243571 0.0179234 0.0175765 0.0147507 0.117189 
1992 0 0.00472117 0.0904098 0.0713278 0.0739949 0.0632095 0.0868655 0.084122 0.0776595 0.0625653 0.0534007 0.0353544 0.0278326 0.0492872 0.0207126 0.025499 0.0212977 0.0184126 0.00710265 0.00735025 0.118875 
1993 0 0.00415327 0.0180799 0.198704 0.103759 0.0761296 0.0838059 0.059211 0.0592252 0.038505 0.0525645 0.0243989 0.0430134 0.0316478 0.0175147 0.0175906 0.0140986 0.0168333 0.0184897 0.0108308 0.111445 
1994 0 0.00408136 0.0177123 0.0316802 0.300946 0.0825806 0.0858887 0.0719744 0.0517212 0.0504621 0.0206813 0.0344412 0.0137498 0.0295161 0.0136749 0.0217672 0.017364 0.0239961 0.0068681 0.00340887 0.117486 
1995 0 0.00857657 0.0290157 0.0680643 0.0384198 0.282277 0.0975136 0.0526765 0.0485736 0.0417745 0.0416585 0.025892 0.035514 0.0280357 0.0244006 0.014658 0.0173435 0.02127 0.019019 0.00709533 0.0982218 
1996 0 0 0.0273352 0.0628486 0.140333 0.0347847 0.289759 0.059509 0.0381072 0.0484278 0.0382855 0.0318495 0.0255633 0.0174935 0.020871 0.0208124 0.0282387 0.00863528 0.00694125 0.00339822 0.0968069 
1997 0 0.0186672 0.00827292 0.071189 0.11747 0.137044 0.0342812 0.228611 0.0623375 0.0382024 0.034749 0.0242186 0.0383024 0.0111482 0.00346847 0.032206 0.0215765 0.0251335 0.00749189 0.0141324 0.0714974 
1998 0 0.0138329 0.0760726 0.0310022 0.120247 0.109767 0.0793933 0.0415347 0.18764 0.0691183 0.0460881 0.0275381 0.0324014 0.017343 0.00344834 0.0106017 0.0180567 0.0175249 0.00381852 0.0172377 0.0773347 
1999 0 0.0120528 0.0753821 0.174752 0.0313557 0.100939 0.0845951 0.0732857 0.0420583 0.106457 0.0276653 0.0215201 0.0349722 0.00703043 0.0139426 0.0176094 0.0180794 0.0153917 0.0154869 0.014102 0.113323 
2000 0 0.00803213 0.0503134 0.108129 0.230781 0.0239731 0.102986 0.0827705 0.0587419 0.0175018 0.104804 0.020919 0.0316112 0.0325913 0.013995 0.00678 0.0151006 0.0223431 0.00338578 0.0034044 0.0618377 
2001 0 0 0.0618216 0.111205 0.168064 0.242245 0.0244206 0.0688577 0.0739004 0.0321508 0.0106367 0.0741012 0.0175975 0.00360377 0.0222385 0.00706298 0.0176963 0.00688062 0.00966616 0.00360377 0.0442478 
2002 0 0.0180068 0.0176992 0.123502 0.167656 0.16658 0.124865 0.0111179 0.0659258 0.0491183 0.0318115 0.0207436 0.0741804 0.02881 0.00337046 0.0260992 0.00353566 0.0074221 0.00351251 0.00701055 0.0490332 
2003 0 0.0037926 0.0516342 0.0589747 0.182642 0.116519 0.145213 0.128906 0.00684981 0.0837972 0.0419072 0.0401477 0.00694001 0.0536938 0 0.00374836 0.00704698 0.00337981 0.0138028 0.00357559 0.0474298 
2004 0 0.0236318 0.0566815 0.0895002 0.0732151 0.135917 0.122254 0.129166 0.0952453 0.0141549 0.0352205 0.0140777 0.0257472 0.00342624 0.0422669 0.0348581 0.0112548 0 0.0109654 0.0106386 0.0717789 
2005 0 0.00402304 0.0926839 0.0732003 0.167131 0.0591967 0.146623 0.0630848 0.0704961 0.0934126 0 0.0143763 0.0357596 0.0278576 0.00710427 0.0572555 0.00357631 0.0110242 0.0111037 0.00342972 0.0586618 
2006 0 0 0.0136879 0.198674 0.110596 0.151653 0.0479891 0.110656 0.0559205 0.09063 0.0618355 0.00714231 0.0362201 0.00684482 0.0173669 0.0034271 0.0413956 0.00346468 0.00352892 0.00708225 0.0318857 
2007 0 0.00774377 0 0.031465 0.243051 0.110241 0.110266 0.045039 0.149619 0.0482725 0.0632379 0.0505943 0 0.019869 0.0103873 0.0148686 0 0.0245445 0.00859819 0.0110716 0.0511315 
2008 0 0.00457037 0.0346156 0.0218659 0.0418516 0.322625 0.0838701 0.0590313 0.0244193 0.0738944 0.0639781 0.0456595 0.0652498 0.00697439 0.014141 0.0210497 0.0173453 0.0205294 0.0219388 0.00393305 0.0524569 
2009 0 0.0222939 0.0444778 0.0609838 0.0207189 0.0240789 0.247813 0.0724513 0.114607 0.024204 0.106488 0.0419842 0.0677169 0.0387898 0.00687861 0.0175323 0.0141148 0.00366183 0 0.0426615 0.0285438 
2010 0 0 0.0487068 0.0708194 0.132656 0.0241523 0.055545 0.257248 0.0588736 0.0860084 0.0209444 0.0452366 0.0328226 0.0220909 0.0542259 0.00349044 0.0104794 0.0171689 0.0034406 0 0.0560908 
2011 0 0.0243476 0.0140167 0.115418 0.0828552 0.127349 0.0312225 0.0313566 0.20843 0.0561597 0.0555832 0.0104272 0.0808775 0.0451825 0.0284792 0.028245 0.0141414 0.0103248 0.00711803 0.00379414 0.0246715 
2012 0 0.0272774 0.0817807 0.0383857 0.13882 0.0584136 0.0863043 0.0177153 0.0350853 0.1729 0.0547562 0.0527923 0.0248783 0.0422739 0.0216932 0.0243892 0.0277715 0 0.0176386 0.00731868 0.0698058 
2013 0 0.0113911 0.133907 0.0768982 0.0594236 0.192467 0.0905827 0.0451847 0.0210913 0.01088 0.130002 0.0320693 0.0381993 0.0213273 0.0572595 0.00701976 0.0141629 0.0221457 0 0.0071391 0.0288492 
end_table
table error_values
1990 300 300 300 300 300 300 300 300 300 300 300 300 300 300 300 300 300 300 300 300 300 
1991 300 300 300 300 300 300 300 300 300 300 300 300 300 300 300 300 300 300 300 300 300 
1992 300 300 300 300 300 300 300 300 300 300 300 300 300 300 300 300 300 300 300 300 300 
1993 300 300 300 300 300 300 300 300 300 300 300 300 300 300 300 300 300 300 300 300 300 
1994 300 300 300 300 300 300 300 300 300 300 300 300 300 300 300 300 300 300 300 300 300 
1995 300 300 300 300 300 300 300 300 300 300 300 300 300 300 300 300 300 300 300 300 300 
1996 300 300 300 300 300 300 300 300 300 300 300 300 300 300 300 300 300 300 300 300 300 
1997 300 300 300 300 300 300 300 300 300 300 300 300 300 300 300 300 300 300 300 300 300 
1998 300 300 300 300 300 300 300 300 300 300 300 300 300 300 300 300 300 300 300 300 300 
1999 300 300 300 300 300 300 300 300 300 300 300 300 300 300 300 300 300 300 300 300 300 
2000 300 300 300 300 300 300 300 300 300 300 300 300 300 300 300 300 300 300 300 300 300 
2001 300 300 300 300 300 300 300 300 300 300 300 300 300 300 300 300 300 300 300 300 300 
2002 300 300 300 300 300 300 300 300 300 300 300 300 300 300 300 300 300 300 300 300 300 
2003 300 300 300 300 300 300 300 300 300 300 300 300 300 300 300 300 300 300 300 300 300 
2004 300 300 300 300 300 300 300 300 300 300 300 300 300 300 300 300 300 300 300 300 300 
2005 300 300 300 300 300 300 300 300 300 300 300 300 300 300 300 300 300 300 300 300 300 
2006 300 300 300 300 300 300 300 300 300 300 300 300 300 300 300 300 300 300 300 300 300 
2007 300 300 300 300 300 300 300 300 300 300 300 300 300 300 300 300 300 300 300 300 300 
2008 300 300 300 300 300 300 300 300 300 300 300 300 300 300 300 300 300 300 300 300 300 
2009 300 300 300 300 300 300 300 300 300 300 300 300 300 300 300 300 300 300 300 300 300 
2010 300 300 300 300 300 300 300 300 300 300 300 300 300 300 300 300 300 300 300 300 300 
2011 300 300 300 300 300 300 300 300 300 300 300 300 300 300 300 300 300 300 300 300 300 
2012 300 300 300 300 300 300 300 300 300 300 300 300 300 300 300 300 300 300 300 300 300 
2013 300 300 300 300 300 300 300 300 300 300 300 300 300 300 300 300 300 300 300 300 300 
end_table

