@observation fishery_age_ALK_EN_sim
age_allocation_method proportional 
ageing_error age_error 
fishery_label Fishing_LL 
layer_of_stratum_definitions area_definition 
process_label fishing 
strata_to_include EN 
type mortality_event_biomass_scaled_age_frequency 
years 1990 1991 1992 1993 1994 1995 1996 1997 1998 1999 2000 2001 2002 2003 2004 2005 2006 2007 2008 2009 2010 2011 2012 2013 
table obs
1990 0 0.00548116 0.032104 0.0438187 0.11569 0.104702 0.08439 0.0665563 0.0526133 0.0771678 0.0317144 0.0456263 0.0382785 0.0384434 0.0283832 0.0140098 0.0174841 0.010629 0.024655 0.00689676 0.161356 
1991 0 0.0336499 0.0316328 0.0425698 0.0942447 0.0840457 0.105124 0.0810523 0.0696993 0.066256 0.0647544 0.0437773 0.0289181 0.0278181 0.0248538 0.0249949 0.0105393 0.014103 0 0.00701426 0.144953 
1992 0 0.00472117 0.0800004 0.0783796 0.0950305 0.0772637 0.0763043 0.0732462 0.0631537 0.056051 0.0410918 0.0359027 0.0210588 0.0382524 0.0139074 0.0288729 0.013742 0.0177829 0.0253507 0.0105075 0.14938 
1993 0 0.00415327 0.0175637 0.209654 0.0661386 0.10376 0.0658541 0.101273 0.0523011 0.0480571 0.0493688 0.042267 0.010715 0.0361992 0.0280286 0.0174762 0.0105024 0.0178413 0.0107102 0.025537 0.0825994 
1994 0 0.00408136 0.0397905 0.0283787 0.320293 0.103293 0.0548602 0.0552117 0.0515781 0.031002 0.0341847 0.0319386 0.031316 0.0389087 0.0300354 0.0137472 0.00680668 0.0137978 0.0102815 0.0102005 0.0902942 
1995 0 0.00502375 0.0225546 0.0678509 0.0523011 0.320062 0.0694728 0.0487366 0.0796497 0.035064 0.0349352 0.0315981 0.021038 0.0174851 0.00687985 0.0137669 0.0279427 0.0180716 0.00341029 0.015331 0.108826 
1996 0 0 0.0424237 0.0589303 0.174423 0.0381996 0.239868 0.0585511 0.0384343 0.0419144 0.0416221 0.0243525 0.0176038 0.0147704 0.0228843 0.0209847 0.017789 0.0187415 0.0142514 0.0103872 0.103869 
1997 0 0.0121163 0.0114305 0.0847744 0.100304 0.130539 0.0559964 0.230358 0.0344123 0.0384695 0.0486721 0.0416495 0.028233 0.0390998 0.0109733 0.00339932 0.00706886 0.0140723 0.0107819 0.0121591 0.08549 
1998 0 0.0194898 0.0670239 0.0172502 0.148259 0.0962672 0.0962419 0.00683253 0.216995 0.0415173 0.0215029 0.0461002 0.0254325 0.024424 0.0255573 0.0143188 0.0107091 0.0181273 0.0108569 0.00678692 0.0863077 
1999 0 0.00844739 0.0726915 0.132813 0.0276878 0.135341 0.0939258 0.0628702 0.0386121 0.14989 0.0416686 0.0321833 0.0143402 0.0297103 0.0253734 0.0105638 0.0108628 0.0146641 0.0188487 0.0142739 0.0652325 
2000 0 0.0126462 0.0425417 0.108003 0.237466 0.0241039 0.0786559 0.0721994 0.0896871 0.0241112 0.115141 0.0311171 0.0151257 0.0105044 0.0152082 0.0149865 0.0150241 0.00736138 0.00729026 0.00700874 0.0718184 
2001 0 0 0.0688562 0.114099 0.140739 0.185698 0.0308945 0.0552741 0.0451657 0.074117 0.01403 0.0979536 0.0210559 0.0139936 0.0214502 0.00704109 0.00358192 0.00698007 0.00719465 0.0106174 0.0812586 
2002 0 0.010294 0.018821 0.141233 0.136154 0.149387 0.166771 0.0173452 0.066117 0.0352517 0.0137155 0.0137184 0.0854688 0.0287804 0.0115048 0.00340561 0.00354723 0.0104615 0.0103854 0.0110856 0.0665523 
2003 0 0.00791119 0.062696 0.0443407 0.198449 0.147693 0.128452 0.0829487 0.017614 0.0388683 0.0323623 0.0318835 0.0177834 0.0964798 0.0174286 0.00697156 0.00724288 0 0.0038335 0.00760904 0.0494326 
2004 0 0.0351852 0.0300996 0.121014 0.0556872 0.184979 0.122861 0.127353 0.0769243 0.0107508 0.0319279 0.0396303 0.0190061 0.0104266 0.0278814 0.00342624 0.0139536 0.00754865 0.0140836 0.00976467 0.0574972 
2005 0 0 0.0962593 0.0770968 0.150187 0.0486872 0.17182 0.0811544 0.0555705 0.0846599 0.0138971 0.0317354 0.00696672 0.027968 0.00692161 0.0442764 0.00718615 0.0102765 0.0109857 0.0039243 0.0704279 
2006 0 0 0.00449345 0.204637 0.100159 0.151557 0.0207391 0.126705 0.05561 0.0688789 0.0677805 0.0104333 0.0362468 0.0176958 0.0199196 0.00338014 0.0467934 0.014098 0 0.00350254 0.04737 
2007 0 0.00388898 0.0117627 0.0132956 0.238469 0.142334 0.158946 0.0313326 0.0926549 0.0451701 0.0475914 0.066367 0.00735801 0.0102758 0.0229481 0.0151825 0.0072468 0.0255834 0.010657 0.00340641 0.0455304 
2008 0 0.00457037 0.0412907 0.0141948 0.0281688 0.323649 0.0798978 0.0902513 0.0382025 0.0871734 0.035346 0.0712695 0.0568132 0.00728927 0.0254379 0.0105089 0.0122462 0.0069768 0.0179677 0.00733507 0.0414107 
2009 0 0.0156983 0.0440871 0.0956391 0.0206172 0.0415774 0.244023 0.0769256 0.0729693 0.0207798 0.0997913 0.0521384 0.0419822 0.0465801 0.00676018 0.0316524 0.00387787 0.0103802 0 0.0382763 0.0362443 
2010 0 0 0.0485658 0.0811603 0.11855 0.0138092 0.0172445 0.256254 0.0833575 0.0589857 0.0275356 0.0809719 0.0356068 0.031473 0.0440806 0.00336621 0.0250564 0.00354205 0.010248 0.00695336 0.0532381 
2011 0 0.0206219 0.00740828 0.138764 0.107477 0.100115 0.0344423 0.03121 0.17622 0.0763971 0.0764359 0.0137767 0.0490714 0.0290063 0.045857 0.0346889 0.00751865 0.0154458 0.00701139 0.00687853 0.0216525 
2012 0 0.0313041 0.0603546 0.0278702 0.155694 0.100645 0.0899873 0.0140232 0.0206089 0.1482 0.0532609 0.05384 0.0177459 0.0598162 0.0403748 0.0143104 0.0174956 0 0.00364194 0.0178153 0.0730123 
2013 0 0.0113911 0.112722 0.129661 0.0314825 0.136642 0.0838094 0.0836341 0.0174739 0.0243857 0.141155 0.0249443 0.0611992 0.0139088 0.0377123 0.0116918 0.0214417 0.00341594 0 0.0175977 0.0357311 
end_table
table error_values
1990 300 300 300 300 300 300 300 300 300 300 300 300 300 300 300 300 300 300 300 300 300 
1991 300 300 300 300 300 300 300 300 300 300 300 300 300 300 300 300 300 300 300 300 300 
1992 300 300 300 300 300 300 300 300 300 300 300 300 300 300 300 300 300 300 300 300 300 
1993 300 300 300 300 300 300 300 300 300 300 300 300 300 300 300 300 300 300 300 300 300 
1994 300 300 300 300 300 300 300 300 300 300 300 300 300 300 300 300 300 300 300 300 300 
1995 300 300 300 300 300 300 300 300 300 300 300 300 300 300 300 300 300 300 300 300 300 
1996 300 300 300 300 300 300 300 300 300 300 300 300 300 300 300 300 300 300 300 300 300 
1997 300 300 300 300 300 300 300 300 300 300 300 300 300 300 300 300 300 300 300 300 300 
1998 300 300 300 300 300 300 300 300 300 300 300 300 300 300 300 300 300 300 300 300 300 
1999 300 300 300 300 300 300 300 300 300 300 300 300 300 300 300 300 300 300 300 300 300 
2000 300 300 300 300 300 300 300 300 300 300 300 300 300 300 300 300 300 300 300 300 300 
2001 300 300 300 300 300 300 300 300 300 300 300 300 300 300 300 300 300 300 300 300 300 
2002 300 300 300 300 300 300 300 300 300 300 300 300 300 300 300 300 300 300 300 300 300 
2003 300 300 300 300 300 300 300 300 300 300 300 300 300 300 300 300 300 300 300 300 300 
2004 300 300 300 300 300 300 300 300 300 300 300 300 300 300 300 300 300 300 300 300 300 
2005 300 300 300 300 300 300 300 300 300 300 300 300 300 300 300 300 300 300 300 300 300 
2006 300 300 300 300 300 300 300 300 300 300 300 300 300 300 300 300 300 300 300 300 300 
2007 300 300 300 300 300 300 300 300 300 300 300 300 300 300 300 300 300 300 300 300 300 
2008 300 300 300 300 300 300 300 300 300 300 300 300 300 300 300 300 300 300 300 300 300 
2009 300 300 300 300 300 300 300 300 300 300 300 300 300 300 300 300 300 300 300 300 300 
2010 300 300 300 300 300 300 300 300 300 300 300 300 300 300 300 300 300 300 300 300 300 
2011 300 300 300 300 300 300 300 300 300 300 300 300 300 300 300 300 300 300 300 300 300 
2012 300 300 300 300 300 300 300 300 300 300 300 300 300 300 300 300 300 300 300 300 300 
2013 300 300 300 300 300 300 300 300 300 300 300 300 300 300 300 300 300 300 300 300 300 
end_table

