@observation fishery_age_ALK_BP_sim
age_allocation_method proportional 
ageing_error age_error 
fishery_label Fishing_LL 
layer_of_stratum_definitions area_definition 
process_label fishing 
strata_to_include BP 
type mortality_event_biomass_scaled_age_frequency 
years 1990 1991 1992 1993 1994 1995 1996 1997 1998 1999 2000 2001 2002 2003 2004 2005 2006 2007 2008 2009 2010 2011 2012 2013 
table obs
1990 0 0.00527397 0.0250064 0.0610654 0.0918697 0.0956298 0.0808515 0.0767125 0.0528759 0.0736976 0.038194 0.0663867 0.0607179 0.0256937 0.024961 0.0291604 0.0212379 0.0145387 0.0288495 0.0181184 0.109159 
1991 0 0.0118998 0.029243 0.0820489 0.0949806 0.108969 0.0806801 0.0560571 0.0348564 0.0557918 0.0556755 0.0310648 0.0393205 0.045445 0.0426918 0.0246048 0.0247513 0.0331014 0.0174264 0.0164099 0.114982 
1992 0 0 0.0312169 0.0643479 0.113008 0.113546 0.0676459 0.0672441 0.0695929 0.0565043 0.0666426 0.0247867 0.0537264 0.0527598 0.0222699 0.0211135 0.0282467 0.0175339 0.019511 0.0223238 0.0879796 
1993 0 0 0.0272484 0.077053 0.111685 0.090249 0.0867581 0.0487297 0.0624731 0.0660506 0.0491997 0.0657929 0.0389501 0.0276739 0.0460566 0.0262681 0.0310913 0.0178936 0.00711075 0.0214837 0.0982321 
1994 0 0.0354201 0.00755457 0.0644214 0.129488 0.101979 0.0631291 0.0767374 0.0310769 0.052023 0.056284 0.0447586 0.0417988 0.0409553 0.0384949 0.0362581 0.0173745 0.0242361 0.0183122 0.0169656 0.102732 
1995 0 0.0226442 0.110075 0.0351596 0.0835707 0.11054 0.0695824 0.0685573 0.0637632 0.0571193 0.0565155 0.0242787 0.0294032 0.049497 0.0321229 0.0149082 0.0138887 0.0181171 0.0336825 0.0146402 0.0919339 
1996 0 0.00696801 0.0791755 0.23297 0.0415663 0.100861 0.0767079 0.0460948 0.0451984 0.0559931 0.0357767 0.0488905 0.0173962 0.0338516 0.0559673 0.0107215 0 0.0266702 0.0141858 0.00378141 0.0672232 
1997 0 0.00986715 0.067731 0.145976 0.280332 0.031292 0.0729326 0.0597258 0.0248357 0.0417517 0.0175729 0.0315966 0.0190485 0.0212045 0.0106401 0.0374773 0.00702025 0.0250014 0.00390898 0.014129 0.0779569 
1998 0 0.0388566 0.043593 0.0948711 0.191536 0.251727 0.0314316 0.0462683 0.0361959 0.0343789 0.0281348 0.00741901 0.0181105 0.0357366 0.00736304 0.0207858 0.0111433 0.0112401 0.0228636 0.0120631 0.0562817 
1999 0 0.0155237 0.126056 0.0654318 0.138602 0.170007 0.188541 0.0486407 0.0316597 0.0290482 0.0365121 0.00692615 0.0155166 0.0226161 0 0.00685179 0.00383426 0.00383426 0.00381184 0.0134949 0.0730911 
2000 0 0.0106348 0.0327007 0.237321 0.157569 0.105141 0.123771 0.145877 0.00738128 0.0213419 0.0107092 0.0183845 0.0149702 0.0152234 0.0110836 0.00691178 0.0111968 0.0144519 0.00727269 0.00716738 0.0408894 
2001 0 0.0132034 0.0606298 0.0613281 0.321059 0.0862221 0.0865497 0.093918 0.118497 0.00342207 0.0107171 0.0210224 0.0175737 0.022093 0.0106912 0.0141866 0.00715514 0.00346412 0 0.00829544 0.0399727 
2002 0 0.00790596 0.0875936 0.0839707 0.097714 0.269474 0.0703185 0.073797 0.0656725 0.0953679 0.0138335 0.017508 0.0143311 0.0176605 0.00355457 0 0 0.0191939 0.010454 0.0176432 0.0340071 
2003 0 0.0132164 0.0221089 0.138237 0.131159 0.100871 0.283175 0.0592941 0.074162 0.0494596 0.0467102 0 0.0115607 0.00724984 0.00702286 0 0.0081577 0.0104857 0.00732253 0 0.0298071 
2004 0 0.019706 0.0630777 0.0658125 0.162327 0.134424 0.0789396 0.224919 0.0451446 0.0495029 0.0534661 0.0335271 0.00891005 0 0.00699407 0.0119129 0.0115554 0.0146313 0 0 0.0151493 
2005 0 0.0114841 0.0595959 0.135997 0.0899596 0.144598 0.100381 0.0659788 0.144051 0.0455836 0.0316763 0.0463767 0.0603824 0 0.00700156 0.00784213 0.00714621 0.00732734 0.00968444 0 0.0249342 
2006 0 0.00906227 0.0315102 0.144009 0.16905 0.132516 0.0974752 0.0881794 0.0383052 0.117875 0.0394553 0.0246414 0.0326609 0.0282922 0 0.00725282 0.011185 0.00453516 0 0.00732534 0.01667 
2007 0 0 0.02579 0.091901 0.158645 0.16349 0.0777939 0.109647 0.0664766 0.0496795 0.11287 0.0248062 0.0278258 0.0271763 0.0308859 0 0 0 0.00384833 0.00710472 0.0220591 
2008 0 0.00376055 0.00761705 0.0789763 0.162335 0.155119 0.118047 0.0694123 0.0803782 0.073759 0.0206731 0.0985744 0.0242406 0.0358961 0.0067777 0.0352622 0.00469624 0 0.00339027 0.0100824 0.0110029 
2009 0 0.00896771 0.0555404 0.0456254 0.132061 0.121638 0.148387 0.139533 0.052679 0.070342 0.0481713 0.028263 0.0557056 0.0246039 0.00373581 0.0265906 0.00358237 0.00448275 0 0 0.0300915 
2010 0 0.0468213 0.0230517 0.0865552 0.03513 0.161024 0.104868 0.136701 0.0881336 0.0387766 0.0521431 0.0385409 0.0349636 0.0727645 0.0104634 0.0137053 0.0176172 0.0174052 0.00357811 0 0.0177571 
2011 0 0.0366928 0.0999801 0.0631104 0.130362 0.0454408 0.0920905 0.131892 0.0771063 0.0779425 0.0427444 0.0465566 0.036679 0.025856 0.0471034 0.0094145 0.00351891 0.0106596 0.0108697 0.00342546 0.00855451 
2012 0 0.024319 0.107405 0.187754 0.0779136 0.0862767 0.0355429 0.06807 0.0714975 0.0813259 0.0324499 0.0494529 0.0388864 0.0183261 0.0152645 0.0425868 0.00744024 0.0188031 0.0119782 0.0108625 0.0138447 
2013 0 0.00809257 0.0807643 0.208076 0.256732 0.044948 0.080884 0.0136856 0.0524275 0.0541806 0.0391669 0.0494944 0.018244 0.0176567 0 0.00353423 0.025408 0.0107602 0 0.0113413 0.0246035 
end_table
table error_values
1990 300 300 300 300 300 300 300 300 300 300 300 300 300 300 300 300 300 300 300 300 300 
1991 300 300 300 300 300 300 300 300 300 300 300 300 300 300 300 300 300 300 300 300 300 
1992 300 300 300 300 300 300 300 300 300 300 300 300 300 300 300 300 300 300 300 300 300 
1993 300 300 300 300 300 300 300 300 300 300 300 300 300 300 300 300 300 300 300 300 300 
1994 300 300 300 300 300 300 300 300 300 300 300 300 300 300 300 300 300 300 300 300 300 
1995 300 300 300 300 300 300 300 300 300 300 300 300 300 300 300 300 300 300 300 300 300 
1996 300 300 300 300 300 300 300 300 300 300 300 300 300 300 300 300 300 300 300 300 300 
1997 300 300 300 300 300 300 300 300 300 300 300 300 300 300 300 300 300 300 300 300 300 
1998 300 300 300 300 300 300 300 300 300 300 300 300 300 300 300 300 300 300 300 300 300 
1999 300 300 300 300 300 300 300 300 300 300 300 300 300 300 300 300 300 300 300 300 300 
2000 300 300 300 300 300 300 300 300 300 300 300 300 300 300 300 300 300 300 300 300 300 
2001 300 300 300 300 300 300 300 300 300 300 300 300 300 300 300 300 300 300 300 300 300 
2002 300 300 300 300 300 300 300 300 300 300 300 300 300 300 300 300 300 300 300 300 300 
2003 300 300 300 300 300 300 300 300 300 300 300 300 300 300 300 300 300 300 300 300 300 
2004 300 300 300 300 300 300 300 300 300 300 300 300 300 300 300 300 300 300 300 300 300 
2005 300 300 300 300 300 300 300 300 300 300 300 300 300 300 300 300 300 300 300 300 300 
2006 300 300 300 300 300 300 300 300 300 300 300 300 300 300 300 300 300 300 300 300 300 
2007 300 300 300 300 300 300 300 300 300 300 300 300 300 300 300 300 300 300 300 300 300 
2008 300 300 300 300 300 300 300 300 300 300 300 300 300 300 300 300 300 300 300 300 300 
2009 300 300 300 300 300 300 300 300 300 300 300 300 300 300 300 300 300 300 300 300 300 
2010 300 300 300 300 300 300 300 300 300 300 300 300 300 300 300 300 300 300 300 300 300 
2011 300 300 300 300 300 300 300 300 300 300 300 300 300 300 300 300 300 300 300 300 300 
2012 300 300 300 300 300 300 300 300 300 300 300 300 300 300 300 300 300 300 300 300 300 
2013 300 300 300 300 300 300 300 300 300 300 300 300 300 300 300 300 300 300 300 300 300 
end_table

