@observation fishery_age_ALK_HG_sim
age_allocation_method proportional 
ageing_error age_error 
fishery_label Fishing_LL 
layer_of_stratum_definitions area_definition 
process_label fishing 
strata_to_include HG 
type mortality_event_biomass_scaled_age_frequency 
years 1990 1991 1992 1993 1994 1995 1996 1997 1998 1999 2000 2001 2002 2003 2004 2005 2006 2007 2008 2009 2010 2011 2012 2013 
table obs
1990 0 0.00858634 0.0196641 0.0993433 0.0917675 0.104299 0.0760708 0.0802635 0.101019 0.0467777 0.0494986 0.0282953 0.0319603 0.0491997 0.0355277 0.024953 0.0108455 0.0105544 0.0145413 0.0214862 0.0953459 
1991 0 0.00441169 0.0262135 0.0790126 0.0883289 0.124606 0.0902782 0.0521334 0.0558713 0.0768734 0.0565762 0.0421799 0.0387941 0.0339542 0.024967 0.0143643 0.0181474 0.0149506 0.0187695 0.0260546 0.113513 
1992 0 0 0.0396751 0.0493966 0.114756 0.0936732 0.0797172 0.0904057 0.05921 0.0595043 0.0596122 0.0279949 0.0504058 0.0469592 0.0180417 0.0404952 0.0176953 0.0216079 0.0229714 0.0146098 0.0932688 
1993 0 0.00345728 0.0174954 0.0867592 0.0985614 0.0897385 0.0792007 0.0662382 0.0792669 0.0630039 0.027997 0.0245833 0.0456856 0.0490013 0.0427958 0.0359221 0.0212619 0.00352487 0.0252088 0.010229 0.130069 
1994 0 0.00806988 0.0180603 0.0285149 0.122716 0.107058 0.0965353 0.065556 0.07534 0.0310882 0.0378975 0.0445426 0.0278733 0.0550332 0.0450978 0.0309223 0.017301 0.0255845 0.0277425 0.0119529 0.123114 
1995 0 0.0150048 0.0115376 0.0693292 0.017507 0.143241 0.100679 0.0978386 0.0555851 0.0550234 0.035039 0.0379775 0.0596458 0.0385397 0.0347451 0.00712034 0.0138759 0.0213484 0.0280797 0.0282531 0.129629 
1996 0 0.0108772 0.0325118 0.0658605 0.0943914 0.0282507 0.139747 0.0873085 0.0661301 0.0461487 0.0596416 0.0530839 0.0563107 0.0277216 0.00346759 0.0282391 0.0246534 0.0279403 0.0141932 0.017689 0.115834 
1997 0 0.00569328 0.0272864 0.120633 0.0553269 0.0871201 0.0346583 0.118081 0.0837044 0.0665198 0.0557019 0.0420066 0.0367397 0.0317698 0.0177999 0.0403218 0.0218856 0.0255745 0.0145035 0.0140791 0.100595 
1998 0 0.0146992 0.00722561 0.100904 0.13633 0.0838109 0.0663129 0.0243459 0.0878925 0.0797956 0.0454618 0.0453366 0.0213302 0.0439473 0.0209536 0.031736 0.0200758 0.0140551 0.0147742 0.0146867 0.126326 
1999 0 0.016618 0.0506507 0.0578402 0.0946225 0.160874 0.0630693 0.0555661 0.0345423 0.0856327 0.0431097 0.0562436 0.0392342 0.0425136 0.0287696 0.0174587 0.0217817 0.0140373 0.0153248 0.0147281 0.0873831 
2000 0 0.00978714 0.080464 0.11006 0.0695882 0.122077 0.111567 0.0627712 0.0457011 0.0254071 0.036105 0.0533649 0.0354138 0.0384622 0.0213634 0.0275472 0.0281005 0.0210402 0.0035353 0.0113315 0.0863129 
2001 0 0.00810167 0.0479369 0.197963 0.146674 0.0703569 0.0558766 0.0871565 0.0385564 0.0178109 0.0209318 0.0498733 0.0467132 0.0141578 0.0179554 0.0216204 0 0.0292518 0.00355762 0.0106458 0.11486 
2002 0 0.0348275 0.0577495 0.0695743 0.263219 0.106593 0.0555251 0.0694726 0.0769862 0.0104512 0.0387184 0.0107786 0.0428725 0.017564 0.0152 0.0142134 0.0103708 0.00369916 0.0182432 0.00692777 0.0770132 
2003 0 0.014022 0.0730761 0.123546 0.0941027 0.229421 0.0838597 0.0208176 0.0633298 0.084146 0.0215268 0.0244414 0.00687152 0.0176926 0.0106826 0.0218501 0.00717914 0.0070312 0.0112824 0.0103836 0.0747374 
2004 0 0.0255411 0.0190281 0.141091 0.176523 0.0998932 0.201175 0.0628836 0.0140208 0.0276357 0.0657565 0.0138156 0.0249764 0.00373569 0.00353271 0.0121276 0.0140488 0.00691662 0 0.00685294 0.0804455 
2005 0 0.0162972 0.0605337 0.0599522 0.238788 0.116981 0.0930663 0.166346 0.0482663 0.0171296 0.0170923 0.0521366 0.00752465 0.01998 0.00339142 0.0141373 0.0127822 0.00728882 0 0.00366799 0.044638 
2006 0 0 0.0334646 0.123227 0.108029 0.170367 0.10853 0.0560534 0.134431 0.0566219 0.0176473 0.0176792 0.0323136 0.0142493 0.00350771 0.00351141 0.0132746 0.0105129 0.00743571 0.00729237 0.0818513 
2007 0 0.00371624 0.0111172 0.0981906 0.156189 0.114494 0.188919 0.0839303 0.068486 0.0813115 0.024604 0.032342 0.0140052 0.0251719 0.007243 0.00369747 0.0034925 0.0107029 0.0141087 0.00366759 0.0546119 
2008 0 0.003717 0.0328714 0.0184393 0.125881 0.178236 0.0902402 0.135198 0.0712603 0.0441007 0.112738 0.0244417 0.0139178 0.0144092 0.0320248 0.00733823 0.00347654 0 0.00366533 0.0212192 0.0668258 
2009 0 0.0339655 0.011874 0.0765949 0.0214153 0.125827 0.182208 0.0662044 0.101477 0.0910739 0.0491615 0.0879907 0.0345535 0.00495583 0.0140809 0.0138922 0.0122123 0.00349797 0.00341482 0.010609 0.0549919 
2010 0 0.0129312 0.0998635 0.0460609 0.114483 0.0206869 0.127984 0.131561 0.0807271 0.0904388 0.0814612 0.0558845 0.0363357 0.0208467 0.0156892 0.00724794 0.00720896 0.00707967 0 0.00407022 0.0394396 
2011 0 0.00908029 0.0337835 0.260359 0.0827891 0.0688354 0.0138231 0.069385 0.134806 0.0494835 0.074453 0.042046 0.0107716 0.0442283 0.0243598 0.0107472 0.0144547 0.00396983 0.0033949 0.00715755 0.0420715 
2012 0 0.0148139 0.0406859 0.0713319 0.309309 0.0623785 0.0762556 0.021031 0.0615917 0.0995942 0.0282937 0.0689715 0.017978 0.0315324 0.04329 0.0105945 0.0103986 0 0.00735782 0.00348884 0.0211032 
2013 0 0.00773462 0.0638457 0.0571827 0.0947976 0.307649 0.0421639 0.0458024 0.0138729 0.0599116 0.0853098 0.0178794 0.0316541 0.04871 0.021441 0.0443703 0.00737298 0.00709863 0.0106842 0.0035301 0.0289889 
end_table
table error_values
1990 300 300 300 300 300 300 300 300 300 300 300 300 300 300 300 300 300 300 300 300 300 
1991 300 300 300 300 300 300 300 300 300 300 300 300 300 300 300 300 300 300 300 300 300 
1992 300 300 300 300 300 300 300 300 300 300 300 300 300 300 300 300 300 300 300 300 300 
1993 300 300 300 300 300 300 300 300 300 300 300 300 300 300 300 300 300 300 300 300 300 
1994 300 300 300 300 300 300 300 300 300 300 300 300 300 300 300 300 300 300 300 300 300 
1995 300 300 300 300 300 300 300 300 300 300 300 300 300 300 300 300 300 300 300 300 300 
1996 300 300 300 300 300 300 300 300 300 300 300 300 300 300 300 300 300 300 300 300 300 
1997 300 300 300 300 300 300 300 300 300 300 300 300 300 300 300 300 300 300 300 300 300 
1998 300 300 300 300 300 300 300 300 300 300 300 300 300 300 300 300 300 300 300 300 300 
1999 300 300 300 300 300 300 300 300 300 300 300 300 300 300 300 300 300 300 300 300 300 
2000 300 300 300 300 300 300 300 300 300 300 300 300 300 300 300 300 300 300 300 300 300 
2001 300 300 300 300 300 300 300 300 300 300 300 300 300 300 300 300 300 300 300 300 300 
2002 300 300 300 300 300 300 300 300 300 300 300 300 300 300 300 300 300 300 300 300 300 
2003 300 300 300 300 300 300 300 300 300 300 300 300 300 300 300 300 300 300 300 300 300 
2004 300 300 300 300 300 300 300 300 300 300 300 300 300 300 300 300 300 300 300 300 300 
2005 300 300 300 300 300 300 300 300 300 300 300 300 300 300 300 300 300 300 300 300 300 
2006 300 300 300 300 300 300 300 300 300 300 300 300 300 300 300 300 300 300 300 300 300 
2007 300 300 300 300 300 300 300 300 300 300 300 300 300 300 300 300 300 300 300 300 300 
2008 300 300 300 300 300 300 300 300 300 300 300 300 300 300 300 300 300 300 300 300 300 
2009 300 300 300 300 300 300 300 300 300 300 300 300 300 300 300 300 300 300 300 300 300 
2010 300 300 300 300 300 300 300 300 300 300 300 300 300 300 300 300 300 300 300 300 300 
2011 300 300 300 300 300 300 300 300 300 300 300 300 300 300 300 300 300 300 300 300 300 
2012 300 300 300 300 300 300 300 300 300 300 300 300 300 300 300 300 300 300 300 300 300 
2013 300 300 300 300 300 300 300 300 300 300 300 300 300 300 300 300 300 300 300 300 300 
end_table

