@observation fishery_age_ALK_HG_sim
age_allocation_method proportional 
ageing_error age_error 
fishery_label Fishing_LL 
layer_of_stratum_definitions area_definition 
process_label fishing 
strata_to_include HG 
type mortality_event_biomass_scaled_age_frequency 
years 1990 1991 1992 1993 1994 1995 1996 1997 1998 1999 2000 2001 2002 2003 2004 2005 2006 2007 2008 2009 2010 2011 2012 2013 
table obs
1990 0 0.00858634 0.0189782 0.0835759 0.0627252 0.124832 0.0867901 0.0659761 0.0835906 0.0522933 0.0451808 0.0614426 0.0348242 0.024888 0.0316241 0.017622 0.0262196 0.017747 0.0237127 0.0108051 0.118586 
1991 0 0.00800947 0.0226559 0.0900156 0.0875889 0.0907053 0.0968832 0.0661706 0.0595611 0.0698792 0.0347238 0.0497307 0.0280172 0.042535 0.0394387 0.0289619 0.0181504 0.022142 0.0145124 0.0181203 0.112198 
1992 0 0 0.0331481 0.0559664 0.0828628 0.0974018 0.086851 0.0901979 0.0707069 0.0576121 0.0490238 0.049459 0.0528435 0.0286617 0.0209777 0.0142941 0.0209917 0.0141589 0.00714713 0.015194 0.152502 
1993 0 0.006886 0.00344163 0.088953 0.113797 0.10044 0.0655354 0.090415 0.0937327 0.0420503 0.0453115 0.0385379 0.0354556 0.0403548 0.0319512 0.0245476 0.0212608 0.0247399 0.0195016 0.0176785 0.0954091 
1994 0 0 0.0225537 0.0215281 0.13911 0.114321 0.0828179 0.0761498 0.0725033 0.0586891 0.0413645 0.0377556 0.0275957 0.038219 0.0456562 0.0242614 0.0171209 0.00688964 0.0206102 0.0240976 0.128757 
1995 0 0.0148983 0.0230283 0.0647193 0.0495222 0.128616 0.0906952 0.107939 0.0483581 0.0386465 0.0659839 0.0589686 0.0255129 0.00698408 0.0286032 0.0238816 0.0177266 0.0143078 0.0115458 0.00702107 0.173041 
1996 0 0.0178722 0.0402949 0.0571845 0.106854 0.0525489 0.0936586 0.101169 0.0556203 0.0610549 0.0353108 0.0457939 0.0315872 0.0492985 0.0357143 0.0248353 0.0388897 0.0179455 0.0104404 0.0108093 0.113118 
1997 0 0.00970185 0.0459759 0.0907193 0.062666 0.080133 0.0171132 0.128613 0.0835805 0.0775127 0.0461981 0.0491647 0.0212001 0.0285229 0.0422995 0.0215303 0.0248257 0.0183881 0.014112 0 0.137743 
1998 0 0.0138581 0.026161 0.0438021 0.193457 0.0588313 0.0977758 0.0313339 0.0839283 0.0631979 0.0386177 0.0592649 0.0292198 0.0248276 0.0207774 0.0179426 0.0246216 0.0140267 0.0216803 0.0145111 0.122164 
1999 0 0.0240287 0.0431081 0.0616629 0.115953 0.143009 0.0416564 0.0526809 0.0314346 0.094812 0.0525598 0.0395365 0.034801 0.0383083 0.0282905 0.0212066 0.0142248 0.0115661 0.0140932 0.00758277 0.129485 
2000 0 0.0180913 0.0755034 0.102773 0.0565408 0.0870256 0.146353 0.0449118 0.0708939 0.021032 0.0675484 0.0460648 0.0537189 0.032217 0.0456588 0.010529 0.00696497 0.0105647 0.00340954 0 0.100199 
2001 0 0.00810166 0.0576062 0.202484 0.122527 0.0767182 0.0633471 0.0703241 0.0388171 0.03225 0.00359526 0.0252413 0.0609163 0.0290146 0.0217464 0.0251063 0.0141926 0.0212183 0.0216498 0.0114574 0.0936868 
2002 0 0.0130611 0.0723001 0.0691546 0.260838 0.0964828 0.0864123 0.0450423 0.0842242 0.0245406 0.0281939 0.00722187 0.0209268 0.0142365 0.0141676 0.0208307 0.00676653 0.0105395 0.011224 0.00708405 0.106752 
2003 0 0.0101921 0.0736131 0.102119 0.129955 0.24358 0.0630507 0.0695609 0.0454232 0.0461591 0.0107597 0.0130058 0.0140915 0.0107308 0.010662 0.0312903 0.01094 0.00338163 0.00708264 0.0141996 0.0902041 
2004 0 0.0131562 0.0119124 0.174034 0.152488 0.113681 0.177508 0.0765516 0.00690171 0.0483811 0.052127 0.0068337 0.0241415 0.0107264 0.017406 0.00520976 0 0.00686506 0.014454 0.010997 0.0766251 
2005 0 0.0077893 0.0721779 0.0776963 0.189972 0.165614 0.0756869 0.151968 0.0520529 0.0250069 0.0380988 0.021186 0.0212577 0.018991 0 0.00337103 0.00847339 0.00725274 0.0169699 0.0047777 0.0416572 
2006 0 0 0.0259687 0.136949 0.0914299 0.174966 0.132689 0.073657 0.128015 0.0629135 0.0140417 0.0176525 0.0338486 0.0034095 0.0112709 0.00701541 0.0266583 0.0105706 0 0.0105335 0.038411 
2007 0 0.00371624 0.00343876 0.0956674 0.188253 0.0835269 0.195131 0.108171 0.0462518 0.0842094 0.0246473 0.0287313 0.0286743 0.0142425 0.00363857 0.010375 0.00354553 0.0148106 0.0173238 0 0.0456464 
2008 0 0.0133422 0.0160083 0.038883 0.107875 0.178209 0.0981333 0.171481 0.073074 0.0572536 0.0839738 0.0253589 0.0175776 0.0102911 0.0183063 0 0.00757926 0.00341245 0.0106938 0.00391393 0.0646334 
2009 0 0.0339655 0.0307976 0.0633779 0.0401396 0.112142 0.19134 0.0802478 0.14448 0.0862961 0.0593273 0.0419166 0.0179657 0.00711461 0.0138627 0.014167 0.008578 0.00352691 0.00349797 0.00352691 0.0437293 
2010 0 0.00930596 0.14266 0.0383538 0.107913 0.00339956 0.0928977 0.141693 0.0802712 0.128728 0.0320044 0.0241209 0.0667305 0.0353451 0.0139654 0.00887764 0.0108754 0.00370844 0.0121323 0.00407022 0.0429474 
2011 0 0.0131191 0.0146231 0.239999 0.0834737 0.106777 0.0279337 0.0799753 0.140634 0.0419608 0.0416361 0.0431075 0.0422573 0.0280414 0.0033949 0.00770947 0.0208204 0.00689289 0.00349973 0.00357878 0.0505659 
2012 0 0.0185089 0.0293977 0.0501171 0.314095 0.0728871 0.0390328 0.031636 0.07471 0.101493 0.0139392 0.0651419 0.022477 0.0244184 0.0529055 0.0138166 0.017647 0.0140007 0.00345061 0.00712482 0.0332011 
2013 0 0.00790082 0.0639346 0.0462652 0.0944618 0.325849 0.0489273 0.0316231 0.0210005 0.0429653 0.0805861 0.0432444 0.0353871 0.0308115 0.0228127 0.0399363 0.00378838 0.0198386 0.00360434 0 0.037063 
end_table
table error_values
1990 300 300 300 300 300 300 300 300 300 300 300 300 300 300 300 300 300 300 300 300 300 
1991 300 300 300 300 300 300 300 300 300 300 300 300 300 300 300 300 300 300 300 300 300 
1992 300 300 300 300 300 300 300 300 300 300 300 300 300 300 300 300 300 300 300 300 300 
1993 300 300 300 300 300 300 300 300 300 300 300 300 300 300 300 300 300 300 300 300 300 
1994 300 300 300 300 300 300 300 300 300 300 300 300 300 300 300 300 300 300 300 300 300 
1995 300 300 300 300 300 300 300 300 300 300 300 300 300 300 300 300 300 300 300 300 300 
1996 300 300 300 300 300 300 300 300 300 300 300 300 300 300 300 300 300 300 300 300 300 
1997 300 300 300 300 300 300 300 300 300 300 300 300 300 300 300 300 300 300 300 300 300 
1998 300 300 300 300 300 300 300 300 300 300 300 300 300 300 300 300 300 300 300 300 300 
1999 300 300 300 300 300 300 300 300 300 300 300 300 300 300 300 300 300 300 300 300 300 
2000 300 300 300 300 300 300 300 300 300 300 300 300 300 300 300 300 300 300 300 300 300 
2001 300 300 300 300 300 300 300 300 300 300 300 300 300 300 300 300 300 300 300 300 300 
2002 300 300 300 300 300 300 300 300 300 300 300 300 300 300 300 300 300 300 300 300 300 
2003 300 300 300 300 300 300 300 300 300 300 300 300 300 300 300 300 300 300 300 300 300 
2004 300 300 300 300 300 300 300 300 300 300 300 300 300 300 300 300 300 300 300 300 300 
2005 300 300 300 300 300 300 300 300 300 300 300 300 300 300 300 300 300 300 300 300 300 
2006 300 300 300 300 300 300 300 300 300 300 300 300 300 300 300 300 300 300 300 300 300 
2007 300 300 300 300 300 300 300 300 300 300 300 300 300 300 300 300 300 300 300 300 300 
2008 300 300 300 300 300 300 300 300 300 300 300 300 300 300 300 300 300 300 300 300 300 
2009 300 300 300 300 300 300 300 300 300 300 300 300 300 300 300 300 300 300 300 300 300 
2010 300 300 300 300 300 300 300 300 300 300 300 300 300 300 300 300 300 300 300 300 300 
2011 300 300 300 300 300 300 300 300 300 300 300 300 300 300 300 300 300 300 300 300 300 
2012 300 300 300 300 300 300 300 300 300 300 300 300 300 300 300 300 300 300 300 300 300 
2013 300 300 300 300 300 300 300 300 300 300 300 300 300 300 300 300 300 300 300 300 300 
end_table

