@observation fishery_age_ALK_BP_sim
age_allocation_method proportional 
ageing_error age_error 
fishery_label Fishing_LL 
layer_of_stratum_definitions area_definition 
process_label fishing 
strata_to_include BP 
type mortality_event_biomass_scaled_age_frequency 
years 1990 1991 1992 1993 1994 1995 1996 1997 1998 1999 2000 2001 2002 2003 2004 2005 2006 2007 2008 2009 2010 2011 2012 2013 
table obs
1990 0 0.00866807 0.032557 0.064214 0.102365 0.105818 0.0874702 0.0591908 0.0735988 0.0595636 0.0208036 0.0381234 0.0458074 0.0429565 0.0176611 0.033206 0.0175578 0.018756 0.0185293 0.0207268 0.132427 
1991 0 0.00905519 0.0249914 0.0645492 0.105962 0.101662 0.0623773 0.0695819 0.0454562 0.0779497 0.0595005 0.0524268 0.0464312 0.0374109 0.0173915 0.0281868 0.0275913 0.0139937 0.032681 0.0103553 0.112447 
1992 0 0.00680106 0.026455 0.0641011 0.0968031 0.109942 0.0854538 0.0672319 0.058652 0.0744052 0.0385582 0.0359195 0.0462488 0.0280782 0.0355168 0.0249483 0.0208662 0.022325 0.0182886 0.00758243 0.131823 
1993 0 0 0.0312946 0.0591236 0.13175 0.118254 0.0975987 0.0625893 0.0448381 0.0701583 0.0380811 0.0392781 0.0395241 0.0298082 0.0312533 0.0243486 0.0210094 0.0279327 0.0283222 0.0184783 0.0863574 
1994 0 0.0309083 0.0188949 0.0441711 0.125774 0.129424 0.0906754 0.0453734 0.0628814 0.0455787 0.0488482 0.0618136 0.0604586 0.0278725 0.0292207 0.0210497 0.00693757 0.0185165 0.0148677 0.00692468 0.109809 
1995 0 0.0222567 0.0995728 0.0212616 0.0979657 0.100457 0.118511 0.0765294 0.0415519 0.0424329 0.0471584 0.0426666 0.0285793 0.0504453 0.028625 0.0150721 0.039894 0.00694589 0.020068 0.0105777 0.0894279 
1996 0 0.0105253 0.0822251 0.222851 0.0311803 0.055965 0.0976084 0.0419969 0.0666319 0.0559178 0.0667603 0.0318399 0.0175649 0.0329145 0.0510237 0.018763 0.0136945 0.0105422 0.0106088 0.0150823 0.0663043 
1997 0 0.00986715 0.0492773 0.180978 0.266816 0.0276962 0.0735552 0.0703902 0.0575449 0.0362431 0.0105409 0.0360498 0.0214196 0.0433583 0.0106249 0.00350597 0.0176701 0.0145532 0.00763287 0.00753436 0.0547419 
1998 0 0.034802 0.0294224 0.126314 0.233658 0.203033 0.0247732 0.0600361 0.0246231 0.0290946 0.0363326 0.0142352 0.0246175 0.0211405 0.0116241 0.0200502 0.0224965 0.00745148 0.0121816 0.00678646 0.0573277 
1999 0 0 0.122591 0.0978941 0.110598 0.172795 0.233922 0.0177796 0.0262734 0.025197 0.0337313 0.0229661 0.0473721 0.0157453 0.0105097 0.00383426 0.00399152 0 0.00695805 0.00760667 0.0402351 
2000 0 0.0106348 0.0431605 0.272824 0.0979742 0.105286 0.108856 0.11308 0.0246192 0.0282146 0.039577 0.0144775 0.025282 0.0255301 0.00356637 0.00704815 0.0148901 0.0109658 0.00478148 0 0.0492329 
2001 0 0.0132034 0.0506316 0.071407 0.338214 0.0588137 0.0931523 0.100898 0.136343 0.00377232 0.00725878 0.0170763 0.0176537 0.010844 0.0178 0.00346123 0.00346123 0.00699216 0 0 0.0490171 
2002 0 0.0140135 0.057329 0.101535 0.128748 0.269926 0.092867 0.0528256 0.0822252 0.0800659 0.00692447 0.0213813 0.0139611 0.0142564 0.0175186 0 0 0.00919495 0.00350105 0.00739932 0.0263282 
2003 0 0.0177187 0.0289863 0.164716 0.127463 0.069914 0.219206 0.0983052 0.0633351 0.0718248 0.0667346 0.00349191 0.0107366 0.0142726 0.00365517 0 0 0.0151437 0 0 0.0244962 
2004 0 0.0277552 0.051342 0.080556 0.227303 0.134749 0.0450014 0.172501 0.0356946 0.0463054 0.0535191 0.0648349 0.00342628 0.00870868 0.0148233 0 0 0.0071686 0.003522 0.00342628 0.0193636 
2005 0 0.0113081 0.0639585 0.145688 0.096442 0.134575 0.114716 0.0702153 0.16424 0.028073 0.0212837 0.0358284 0.0525639 0 0.0035392 0.0102605 0.00726925 0.0109947 0.00689945 0 0.0221451 
2006 0 0.0161559 0.0280874 0.123094 0.152421 0.118254 0.112123 0.0630727 0.0453694 0.163673 0.0247539 0.0245553 0.032515 0.045356 0.00705382 0 0.00418248 0.00418248 0 0.00732534 0.0278252 
2007 0 0 0.0401614 0.0989992 0.150978 0.157061 0.0598737 0.0807153 0.105017 0.0491009 0.127981 0.0142901 0.0104514 0.0171934 0.0513639 0 0.00443978 0.00355021 0.00754696 0 0.0212762 
2008 0 0.00376055 0.0251356 0.0999504 0.151234 0.159111 0.10196 0.0798002 0.098005 0.0673812 0.0178145 0.0842213 0.0245748 0.0107762 0.00930876 0.0144514 0.00376055 0.00352568 0.0101629 0.0101013 0.0249638 
2009 0 0.00896771 0.0521119 0.0282327 0.100639 0.180595 0.145299 0.154483 0.0559153 0.0588697 0.0653851 0.0141127 0.0417592 0.0246179 0.0125513 0.0226919 0.00722292 0.00447457 0 0 0.0220707 
2010 0 0.0427422 0.019043 0.0896006 0.0463126 0.154322 0.141306 0.122247 0.0845619 0.048906 0.0698039 0.0346943 0.0315058 0.0411421 0.00695811 0.0211393 0.0248456 0.0138288 0 0 0.00704055 
2011 0 0.0258088 0.125244 0.0661531 0.106154 0.0244189 0.123247 0.0751164 0.0805402 0.101588 0.0410747 0.0387 0.0358163 0.0243187 0.0539376 0.0175235 0.0105283 0.0104316 0.0110316 0.007174 0.0211926 
2012 0 0.0203212 0.103754 0.223776 0.0566704 0.0642398 0.0494148 0.0650554 0.0972846 0.0862828 0.063712 0.0245919 0.0541618 0.0285206 0 0.0223656 0.0106556 0.0183174 0.00382221 0 0.00705471 
2013 0 0.0159869 0.107499 0.183533 0.232835 0.0385846 0.074192 0.0175052 0.0593948 0.0422079 0.0885226 0.0172159 0.0255286 0.0300396 0.0137972 0.00353423 0.0208863 0.00373735 0 0 0.0249995 
end_table
table error_values
1990 300 300 300 300 300 300 300 300 300 300 300 300 300 300 300 300 300 300 300 300 300 
1991 300 300 300 300 300 300 300 300 300 300 300 300 300 300 300 300 300 300 300 300 300 
1992 300 300 300 300 300 300 300 300 300 300 300 300 300 300 300 300 300 300 300 300 300 
1993 300 300 300 300 300 300 300 300 300 300 300 300 300 300 300 300 300 300 300 300 300 
1994 300 300 300 300 300 300 300 300 300 300 300 300 300 300 300 300 300 300 300 300 300 
1995 300 300 300 300 300 300 300 300 300 300 300 300 300 300 300 300 300 300 300 300 300 
1996 300 300 300 300 300 300 300 300 300 300 300 300 300 300 300 300 300 300 300 300 300 
1997 300 300 300 300 300 300 300 300 300 300 300 300 300 300 300 300 300 300 300 300 300 
1998 300 300 300 300 300 300 300 300 300 300 300 300 300 300 300 300 300 300 300 300 300 
1999 300 300 300 300 300 300 300 300 300 300 300 300 300 300 300 300 300 300 300 300 300 
2000 300 300 300 300 300 300 300 300 300 300 300 300 300 300 300 300 300 300 300 300 300 
2001 300 300 300 300 300 300 300 300 300 300 300 300 300 300 300 300 300 300 300 300 300 
2002 300 300 300 300 300 300 300 300 300 300 300 300 300 300 300 300 300 300 300 300 300 
2003 300 300 300 300 300 300 300 300 300 300 300 300 300 300 300 300 300 300 300 300 300 
2004 300 300 300 300 300 300 300 300 300 300 300 300 300 300 300 300 300 300 300 300 300 
2005 300 300 300 300 300 300 300 300 300 300 300 300 300 300 300 300 300 300 300 300 300 
2006 300 300 300 300 300 300 300 300 300 300 300 300 300 300 300 300 300 300 300 300 300 
2007 300 300 300 300 300 300 300 300 300 300 300 300 300 300 300 300 300 300 300 300 300 
2008 300 300 300 300 300 300 300 300 300 300 300 300 300 300 300 300 300 300 300 300 300 
2009 300 300 300 300 300 300 300 300 300 300 300 300 300 300 300 300 300 300 300 300 300 
2010 300 300 300 300 300 300 300 300 300 300 300 300 300 300 300 300 300 300 300 300 300 
2011 300 300 300 300 300 300 300 300 300 300 300 300 300 300 300 300 300 300 300 300 300 
2012 300 300 300 300 300 300 300 300 300 300 300 300 300 300 300 300 300 300 300 300 300 
2013 300 300 300 300 300 300 300 300 300 300 300 300 300 300 300 300 300 300 300 300 300 
end_table

