@observation fishery_age_ALK_EN_sim
age_allocation_method proportional 
ageing_error age_error 
fishery_label Fishing_LL 
layer_of_stratum_definitions area_definition 
process_label fishing 
strata_to_include EN 
type mortality_event_biomass_scaled_age_frequency 
years 1990 1991 1992 1993 1994 1995 1996 1997 1998 1999 2000 2001 2002 2003 2004 2005 2006 2007 2008 2009 2010 2011 2012 2013 
table obs
1990 0 0.00548116 0.0282021 0.0606631 0.103323 0.0765824 0.0873543 0.0628139 0.0734538 0.077007 0.0464324 0.0453066 0.041785 0.0280692 0.045563 0.0212337 0.0211491 0.0245915 0.0246185 0.0139536 0.112417 
1991 0 0.0194934 0.0320401 0.0558558 0.0880281 0.0914716 0.0870361 0.0666852 0.0733114 0.0484536 0.0592831 0.0176503 0.0421299 0.0355704 0.0494982 0.0245988 0.0140035 0.0245452 0.00804772 0.0104635 0.151834 
1992 0 0.00369721 0.0952273 0.0641306 0.102032 0.0701397 0.0935967 0.0836751 0.0663462 0.0423172 0.0627368 0.0367777 0.0498648 0.03981 0.0288716 0.0140131 0.010935 0.0140477 0.0146136 0.00346123 0.103707 
1993 0 0 0.01756 0.203502 0.10371 0.0797086 0.0415816 0.0873712 0.0321677 0.0446768 0.0674032 0.0453702 0.0284798 0.0211144 0.027947 0.0324387 0.0293434 0.0072745 0.0139682 0.0141507 0.102232 
1994 0 0.0110066 0.0285046 0.0213348 0.304339 0.0791955 0.0513801 0.0580264 0.0518594 0.0580826 0.0324838 0.0446196 0.0413688 0.024395 0.0193477 0.0275939 0.0265785 0.00709261 0.0143167 0.00680668 0.0916678 
1995 0 0.0125226 0.0362635 0.04647 0.0389596 0.306614 0.069169 0.0809696 0.0417153 0.0527219 0.0523002 0.0353061 0.0383679 0.0138125 0.0200698 0.0288416 0.0175506 0.0225375 0.00367482 0.0111465 0.0709866 
1996 0 0 0.0343857 0.0700956 0.122361 0.0417551 0.2412 0.0629344 0.043494 0.0486878 0.0657678 0.0244702 0.0243582 0.0449751 0.0156462 0.0142872 0.0244806 0.0176248 0.0108392 0.0104263 0.08221 
1997 0 0.00837319 0.0172529 0.0995036 0.0760562 0.0898102 0.0344602 0.238621 0.0725392 0.0687778 0.052063 0.0103422 0.00718008 0.0319111 0.0173421 0.0274945 0.0139778 0.0142057 0.0140638 0.0108449 0.0951805 
1998 0 0.0172029 0.0658267 0.0275089 0.127227 0.0995926 0.0935319 0.031093 0.166456 0.0551191 0.0279307 0.049639 0.0068807 0.0210607 0.00701637 0.0243451 0.0140391 0.0260267 0.0103129 0.0068909 0.1223 
1999 0 0.0165195 0.0640698 0.157875 0.0417473 0.0970349 0.0626417 0.091414 0.0382302 0.130109 0.0434049 0.0320717 0.0171254 0.0298913 0.0359027 0.014248 0.00705381 0.018917 0.0117709 0 0.0899727 
2000 0 0.0188225 0.0292735 0.139152 0.230317 0.0344397 0.0793004 0.0721263 0.0513684 0.0137151 0.133154 0.0181498 0.0209499 0.0212728 0.010317 0.0176717 0.0105572 0.0109307 0.0106145 0.00736138 0.0705067 
2001 0 0 0.0659309 0.114576 0.108888 0.220239 0.0379015 0.0970294 0.0494978 0.0516038 0.0175379 0.0727363 0.0178222 0.0212208 0.0106853 0.0139813 0.00697454 0.00725082 0.00352707 0.0168691 0.0657287 
2002 0 0.0143677 0.0221948 0.120049 0.143054 0.159441 0.17352 0.0103924 0.0635941 0.0279181 0.0377958 0.0178105 0.0667587 0.015197 0.0147307 0.015139 0.0151927 0.00697584 0.0105275 0.00784627 0.0574942 
2003 0 0.0037926 0.0449139 0.0689298 0.169254 0.158251 0.138298 0.139523 0.021157 0.0454815 0.0412794 0.0173702 0.0177202 0.0719765 0.0111383 0.00733068 0.0142719 0 0.0072074 0 0.0221038 
2004 0 0.0319571 0.0442296 0.104118 0.100874 0.149746 0.101713 0.122504 0.102944 0.00729307 0.0391961 0.010521 0.0253143 0.0216204 0.0320655 0.0418602 0.00352549 0.00801391 0.00349809 0.0109772 0.0380295 
2005 0 0 0.114174 0.094592 0.104567 0.0557653 0.157144 0.0779651 0.101873 0.0920654 0 0.0208036 0.018097 0.0321321 0.00692161 0.0211527 0.0105606 0.0138848 0.0277507 0.00341702 0.0471346 
2006 0 0 0.0160783 0.151451 0.0965562 0.151548 0.058716 0.103661 0.0413973 0.0764691 0.0961071 0.0102751 0.0471669 0.0216411 0.010519 0.0067634 0.0352437 0.00692936 0.016193 0 0.0532849 
2007 0 0.00388898 0.00780875 0.0152012 0.292614 0.104126 0.10983 0.0312152 0.0890777 0.0654791 0.0526053 0.0453328 0.00355233 0.0206773 0.0252721 0.0291724 0.00340641 0.0415848 0.00355233 0.00405628 0.0515466 
2008 0 0.00457037 0.035079 0.0172808 0.035196 0.305776 0.0831382 0.121792 0.0420631 0.0809569 0.0423421 0.0498587 0.0509523 0.0112987 0.0296983 0.0314535 0.00731307 0.00398463 0.0178523 0.00728927 0.0221049 
2009 0 0.0147825 0.0451616 0.0994385 0.0170226 0.0444524 0.230056 0.0620762 0.0802963 0.0414294 0.125739 0.0632955 0.0243445 0.0491598 0 0.0140675 0.0143478 0.00692537 0.0042113 0.0244404 0.0387535 
2010 0 0 0.073588 0.07037 0.111785 0.0242962 0.0243413 0.224615 0.0831349 0.0928116 0.0209147 0.0858908 0.0142244 0.0454483 0.0536602 0 0.0143108 0.0034406 0.00350074 0.00347668 0.0501904 
2011 0 0.0206219 0.0319415 0.115291 0.0898277 0.131181 0.0205823 0.0138193 0.181763 0.0590332 0.0590028 0.0208001 0.0739292 0.0390453 0.0281165 0.0383199 0.00397837 0.0179019 0.00690514 0 0.0479399 
2012 0 0.0347615 0.067199 0.0104025 0.156253 0.0940348 0.0862618 0.0137741 0.0105224 0.134028 0.0736297 0.0783484 0.0173818 0.0509172 0.0177481 0.0354205 0.0178575 0 0.0215954 0.015644 0.0642195 
2013 0 0.00379144 0.109913 0.147226 0.0488942 0.153707 0.108238 0.0669676 0.0177953 0.0211243 0.0991723 0.0323975 0.0423827 0 0.028553 0.0244 0.0251595 0.0274384 0 0.00689624 0.0359429 
end_table
table error_values
1990 300 300 300 300 300 300 300 300 300 300 300 300 300 300 300 300 300 300 300 300 300 
1991 300 300 300 300 300 300 300 300 300 300 300 300 300 300 300 300 300 300 300 300 300 
1992 300 300 300 300 300 300 300 300 300 300 300 300 300 300 300 300 300 300 300 300 300 
1993 300 300 300 300 300 300 300 300 300 300 300 300 300 300 300 300 300 300 300 300 300 
1994 300 300 300 300 300 300 300 300 300 300 300 300 300 300 300 300 300 300 300 300 300 
1995 300 300 300 300 300 300 300 300 300 300 300 300 300 300 300 300 300 300 300 300 300 
1996 300 300 300 300 300 300 300 300 300 300 300 300 300 300 300 300 300 300 300 300 300 
1997 300 300 300 300 300 300 300 300 300 300 300 300 300 300 300 300 300 300 300 300 300 
1998 300 300 300 300 300 300 300 300 300 300 300 300 300 300 300 300 300 300 300 300 300 
1999 300 300 300 300 300 300 300 300 300 300 300 300 300 300 300 300 300 300 300 300 300 
2000 300 300 300 300 300 300 300 300 300 300 300 300 300 300 300 300 300 300 300 300 300 
2001 300 300 300 300 300 300 300 300 300 300 300 300 300 300 300 300 300 300 300 300 300 
2002 300 300 300 300 300 300 300 300 300 300 300 300 300 300 300 300 300 300 300 300 300 
2003 300 300 300 300 300 300 300 300 300 300 300 300 300 300 300 300 300 300 300 300 300 
2004 300 300 300 300 300 300 300 300 300 300 300 300 300 300 300 300 300 300 300 300 300 
2005 300 300 300 300 300 300 300 300 300 300 300 300 300 300 300 300 300 300 300 300 300 
2006 300 300 300 300 300 300 300 300 300 300 300 300 300 300 300 300 300 300 300 300 300 
2007 300 300 300 300 300 300 300 300 300 300 300 300 300 300 300 300 300 300 300 300 300 
2008 300 300 300 300 300 300 300 300 300 300 300 300 300 300 300 300 300 300 300 300 300 
2009 300 300 300 300 300 300 300 300 300 300 300 300 300 300 300 300 300 300 300 300 300 
2010 300 300 300 300 300 300 300 300 300 300 300 300 300 300 300 300 300 300 300 300 300 
2011 300 300 300 300 300 300 300 300 300 300 300 300 300 300 300 300 300 300 300 300 300 
2012 300 300 300 300 300 300 300 300 300 300 300 300 300 300 300 300 300 300 300 300 300 
2013 300 300 300 300 300 300 300 300 300 300 300 300 300 300 300 300 300 300 300 300 300 
end_table

