@observation HG_age_sample_sim
age_samples_per_cluster 10 
ageing_error age_error 
average_cluster_weight 6 
cluster_cv 0.6 
cluster_sigma 1.1 
fishery_label Fishing_LL 
layer_of_stratum_definitions area_definition 
process_label fishing 
strata_to_include HG 
type mortality_event_biomass_age_clusters 
years 1990 1991 1992 1993 1994 1995 1996 1997 1998 1999 2000 2001 2002 2003 2004 2005 2006 2007 2008 2009 2010 2011 2012 2013 
table obs
1990 0.101196 0.202393 0.101196 0.0505981 0 0.363078 0.060513 0.121026 0 0 0 0 0 0 0 0 0 0 0 0 0 0 0 0 0 0 0 0 0 0 
1991 0 0 0 0 0.132726 0.265451 0.199088 0 0 0 0 0 0 0 0 0 0 0 0 0 0.26849 0.0894966 0 0.0447483 0 0 0 0 0 0 
1992 0.299491 0.085569 0.136653 0 0.0683266 0.0683266 0.273306 0.0683266 0 0 0 0 0 0 0 0 0 0 0 0 0 0 0 0 0 0 0 0 0 0 
1993 0 0.54981 0.261174 0.189015 0 0 0 0 0 0 0 0 0 0 0 0 0 0 0 0 0 0 0 0 0 0 0 0 0 0 
1994 0.30427 0.152135 0.228203 0 0 0 0.0700872 0.0350436 0.0700872 0 0.140174 0 0 0 0 0 0 0 0 0 0 0 0 0 0 0 0 0 0 0 
1995 0.0364892 0.218935 0.296844 0.0746219 0.0746219 0 0 0.298488 0 0 0 0 0 0 0 0 0 0 0 0 0 0 0 0 0 0 0 0 0 0 
1996 0 0 0 0 0 0 0 0 0.35586 0.142344 0.142344 0 0 0.0399391 0.119817 0.0399391 0 0.159756 0 0 0 0 0 0 0 0 0 0 0 0 
1997 0 0 0.0703767 0 0.21113 0 0.140753 0.140753 0.0703767 0.122203 0.244407 0 0 0 0 0 0 0 0 0 0 0 0 0 0 0 0 0 0 0 
1998 0.888889 0.0630316 0.0480795 0 0 0 0 0 0 0 0 0 0 0 0 0 0 0 0 0 0 0 0 0 0 0 0 0 0 0 
1999 0.449827 0.224913 0.03614 0.0722799 0.03614 0.1807 0 0 0 0 0 0 0 0 0 0 0 0 0 0 0 0 0 0 0 0 0 0 0 0 
2000 0 0 0.175346 0.0584487 0.111111 0.24566 0.163774 0.24566 0 0 0 0 0 0 0 0 0 0 0 0 0 0 0 0 0 0 0 0 0 0 
2001 0 0 0 0.903341 0.0966588 0 0 0 0 0 0 0 0 0 0 0 0 0 0 0 0 0 0 0 0 0 0 0 0 0 
2002 0 0 0.116074 0.285222 0.598705 0 0 0 0 0 0 0 0 0 0 0 0 0 0 0 0 0 0 0 0 0 0 0 0 0 
2003 0 0.159212 0.159212 0.039803 0.0713081 0.570465 0 0 0 0 0 0 0 0 0 0 0 0 0 0 0 0 0 0 0 0 0 0 0 0 
2004 0.63832 0.0827643 0.139458 0.139458 0 0 0 0 0 0 0 0 0 0 0 0 0 0 0 0 0 0 0 0 0 0 0 0 0 0 
2005 0 0 0.111111 0.171138 0.717751 0 0 0 0 0 0 0 0 0 0 0 0 0 0 0 0 0 0 0 0 0 0 0 0 0 
2006 0 0 0 0.0522325 0.104465 0.496677 0.346626 0 0 0 0 0 0 0 0 0 0 0 0 0 0 0 0 0 0 0 0 0 0 0 
2007 0.234779 0.0469557 0.0939114 0.0469557 0.256622 0.128311 0 0.0641554 0.128311 0 0 0 0 0 0 0 0 0 0 0 0 0 0 0 0 0 0 0 0 0 
2008 0.623087 0.354403 0.0225103 0 0 0 0 0 0 0 0 0 0 0 0 0 0 0 0 0 0 0 0 0 0 0 0 0 0 0 
2009 0.0616281 0.215698 0 0 0 0 0.401485 0.240891 0.0802971 0 0 0 0 0 0 0 0 0 0 0 0 0 0 0 0 0 0 0 0 0 
2010 0.681687 0.318313 0 0 0 0 0 0 0 0 0 0 0 0 0 0 0 0 0 0 0 0 0 0 0 0 0 0 0 0 
2011 0.132673 0.0663367 0.132673 0.265347 0 0 0 0 0.0895489 0.134323 0.134323 0.0447744 0 0 0 0 0 0 0 0 0 0 0 0 0 0 0 0 0 0 
2012 0 0 0.0412482 0 0.329986 0 0 0.139726 0.209589 0.209589 0.0698629 0 0 0 0 0 0 0 0 0 0 0 0 0 0 0 0 0 0 0 
2013 0.523667 0.149619 0 0 0.108904 0.217809 0 0 0 0 0 0 0 0 0 0 0 0 0 0 0 0 0 0 0 0 0 0 0 0 
end_table
table error_values
1990 0 0 0 0 0 0 0 0 0 0 0 0 0 0 0 0 0 0 0 0 0 0 0 0 0 0 0 0 0 0 
1991 0 0 0 0 0 0 0 0 0 0 0 0 0 0 0 0 0 0 0 0 0 0 0 0 0 0 0 0 0 0 
1992 0 0 0 0 0 0 0 0 0 0 0 0 0 0 0 0 0 0 0 0 0 0 0 0 0 0 0 0 0 0 
1993 0 0 0 0 0 0 0 0 0 0 0 0 0 0 0 0 0 0 0 0 0 0 0 0 0 0 0 0 0 0 
1994 0 0 0 0 0 0 0 0 0 0 0 0 0 0 0 0 0 0 0 0 0 0 0 0 0 0 0 0 0 0 
1995 0 0 0 0 0 0 0 0 0 0 0 0 0 0 0 0 0 0 0 0 0 0 0 0 0 0 0 0 0 0 
1996 0 0 0 0 0 0 0 0 0 0 0 0 0 0 0 0 0 0 0 0 0 0 0 0 0 0 0 0 0 0 
1997 0 0 0 0 0 0 0 0 0 0 0 0 0 0 0 0 0 0 0 0 0 0 0 0 0 0 0 0 0 0 
1998 0 0 0 0 0 0 0 0 0 0 0 0 0 0 0 0 0 0 0 0 0 0 0 0 0 0 0 0 0 0 
1999 0 0 0 0 0 0 0 0 0 0 0 0 0 0 0 0 0 0 0 0 0 0 0 0 0 0 0 0 0 0 
2000 0 0 0 0 0 0 0 0 0 0 0 0 0 0 0 0 0 0 0 0 0 0 0 0 0 0 0 0 0 0 
2001 0 0 0 0 0 0 0 0 0 0 0 0 0 0 0 0 0 0 0 0 0 0 0 0 0 0 0 0 0 0 
2002 0 0 0 0 0 0 0 0 0 0 0 0 0 0 0 0 0 0 0 0 0 0 0 0 0 0 0 0 0 0 
2003 0 0 0 0 0 0 0 0 0 0 0 0 0 0 0 0 0 0 0 0 0 0 0 0 0 0 0 0 0 0 
2004 0 0 0 0 0 0 0 0 0 0 0 0 0 0 0 0 0 0 0 0 0 0 0 0 0 0 0 0 0 0 
2005 0 0 0 0 0 0 0 0 0 0 0 0 0 0 0 0 0 0 0 0 0 0 0 0 0 0 0 0 0 0 
2006 0 0 0 0 0 0 0 0 0 0 0 0 0 0 0 0 0 0 0 0 0 0 0 0 0 0 0 0 0 0 
2007 0 0 0 0 0 0 0 0 0 0 0 0 0 0 0 0 0 0 0 0 0 0 0 0 0 0 0 0 0 0 
2008 0 0 0 0 0 0 0 0 0 0 0 0 0 0 0 0 0 0 0 0 0 0 0 0 0 0 0 0 0 0 
2009 0 0 0 0 0 0 0 0 0 0 0 0 0 0 0 0 0 0 0 0 0 0 0 0 0 0 0 0 0 0 
2010 0 0 0 0 0 0 0 0 0 0 0 0 0 0 0 0 0 0 0 0 0 0 0 0 0 0 0 0 0 0 
2011 0 0 0 0 0 0 0 0 0 0 0 0 0 0 0 0 0 0 0 0 0 0 0 0 0 0 0 0 0 0 
2012 0 0 0 0 0 0 0 0 0 0 0 0 0 0 0 0 0 0 0 0 0 0 0 0 0 0 0 0 0 0 
2013 0 0 0 0 0 0 0 0 0 0 0 0 0 0 0 0 0 0 0 0 0 0 0 0 0 0 0 0 0 0 
end_table

