@observation HG_age_sample_sim
age_samples_per_cluster 10 
ageing_error age_error 
average_cluster_weight 6 
cluster_cv 0.6 
cluster_sigma 1.1 
fishery_label Fishing_LL 
layer_of_stratum_definitions area_definition 
max_age 20 
min_age 0 
process_label fishing 
strata_to_include HG 
type mortality_event_biomass_age_clusters 
years 1990 1991 1992 1993 1994 1995 1996 1997 1998 1999 2000 2001 2002 2003 2004 2005 2006 2007 2008 2009 2010 2011 2012 2013 
table obs
1990 0 0.0378341 0.0455183 0.0740951 0.0737834 0.0957583 0.0929426 0.0562007 0.0540292 0.0780715 0.0677306 0.0653949 0.0481851 0.0107075 0.00689893 0.0366015 0.00623557 0.0176885 0.0160746 0.0148281 0.101422 
1991 0 0.0176119 0.0474976 0.0723689 0.0897835 0.0703194 0.0856075 0.0524725 0.103729 0.0852792 0.083343 0.0810717 0.0422561 0.0101456 0.0175523 0.0263236 0.0162839 0.00398973 0.0118064 0.0115245 0.0710341 
1992 0 0.0256836 0.00420751 0.0230247 0.0922683 0.0790499 0.0557318 0.0865941 0.0873717 0.0869448 0.0615403 0.0675324 0.0649141 0.0330293 0.0255759 0.0226909 0.052328 0.028683 0.0337501 0.0214005 0.0476791 
1993 0 0.00600172 0.0077885 0.115665 0.114894 0.090966 0.0745281 0.0763549 0.0455601 0.0538258 0.0450104 0.0498926 0.0508606 0.0429127 0.0369629 0.0254493 0.0209725 0.0242862 0.024676 0.0177778 0.0756148 
1994 0 0.00235315 0.0304142 0.0261671 0.120859 0.118086 0.101017 0.0702947 0.0492377 0.0520552 0.0291735 0.0291274 0.0478148 0.0247845 0.0139115 0.0144454 0.00239752 0.0094845 0.0170375 0.0162337 0.225106 
1995 0 0.0143586 0.0350327 0.107608 0.0486061 0.0801087 0.0503244 0.0527641 0.0344264 0.0435867 0.0622794 0.0715554 0.0685217 0.0528915 0.0362294 0.0361878 0.0224683 0.0228206 0.00685623 0.0132694 0.140105 
1996 0 0.000958799 0.021535 0.0441807 0.125041 0.0512408 0.103816 0.0972594 0.0651917 0.0582032 0.0481532 0.0348162 0.0375778 0.0448042 0.0475228 0.0257217 0.0352404 0.0323244 0.0101392 0.0102192 0.106055 
1997 0 0.0150089 0.0538353 0.12707 0.050418 0.0524126 0.0256841 0.0815121 0.0410839 0.0356171 0.0402085 0.0674062 0.0685152 0.0292566 0.0337385 0.0156363 0.0207011 0.0302634 0.0433235 0.0359665 0.132342 
1998 0 0.0117612 0.029451 0.0978397 0.180695 0.0816179 0.104913 0.0309841 0.0394896 0.036624 0.0701737 0.0643991 0.044475 0.0468858 0.0236091 0.00939378 0.0225143 0.0142097 0.0141196 0.0124061 0.064439 
1999 0 0.0145641 0.0558303 0.0708195 0.159756 0.150069 0.0644621 0.0409816 0.0166765 0.0882487 0.0455795 0.0463047 0.0373063 0.0198318 0.0173777 0.0202097 0.0060177 0.0262955 0.00721705 0.0121585 0.100294 
2000 0 0.0110762 0.166735 0.107017 0.0654208 0.107259 0.103372 0.0423623 0.0404295 0.0148442 0.0436561 0.0308415 0.0295938 0.0227949 0.0274648 0.0210815 0.00485038 0.0105464 0.0144514 0.0170502 0.119153 
2001 0 0.0190712 0.0491785 0.235332 0.192857 0.0662404 0.0461155 0.101503 0.0207664 0.0247458 0.0117942 0.0327028 0.0240087 0.0142485 0.0503855 0.030099 0.0189171 0.0103773 0.0157653 0 0.0358922 
2002 0 0.0124923 0.0176798 0.0681408 0.287572 0.105074 0.0480507 0.0615212 0.0784503 0.0371158 0.0431506 0.0145797 0.0307495 0.0120626 0.0328523 0.0150619 0.0113581 0.0115959 0.0109152 0.0147688 0.0868084 
2003 0 0.00685653 0.0544627 0.0677715 0.10847 0.214866 0.0871721 0.0538033 0.0626446 0.0966828 0.00644235 0.013478 0.00206035 0.0397318 0.0342115 0.0147941 0.0126763 0.0181881 0.00550496 0.00585002 0.0943338 
2004 0 0.012853 0.024151 0.135659 0.181564 0.0949856 0.225739 0.0698201 0.0277493 0.030442 0.0218435 0.0273281 0.0344385 0.00544035 0.00960502 0.000661239 0.00312978 0.00653996 0.00246854 0.00507858 0.0805028 
2005 0 0.00444184 0.0534155 0.0609043 0.207992 0.127401 0.0708596 0.146041 0.0699959 0.0385669 0.0273632 0.0217105 0.0226026 0.0282972 0 0.0202702 0.0228536 0.00339543 0.00609139 0 0.0677986 
2006 0 0 0.0175265 0.123817 0.0950103 0.206611 0.117814 0.0912762 0.12906 0.067513 0.0412488 0.0401009 0.0157327 0.00450109 0.00150036 0 0.0199184 0.0120681 0.00815011 0.00350891 0.00464213 
2007 0 0.000352812 0.00113905 0.00434115 0.0142206 0.00414699 0.0141435 0.00673997 0.00530471 0.0107692 0.00237695 0.00121875 0.00144575 0.000507373 0.000704095 0.000330925 0.00011517 0.00166701 0.000657944 0.00100436 0.928814 
2008 0 0.0273567 0.0260259 0.0394865 0.0892347 0.226256 0.071751 0.159043 0.0793147 0.0514814 0.0736732 0.0386354 0.0201791 0.0150128 0.0216614 0 0.00354561 0 0.00709123 0.00077143 0.0494808 
2009 0 0.0735548 0.0318686 0.0504119 0.0114111 0.157532 0.193654 0.0869281 0.0897864 0.0496207 0.0291987 0.0677419 0.0148223 0.0243096 0.0466113 0.0202548 0 0 0 0.00181917 0.0504746 
2010 0 0.00288911 0.0921045 0.0413825 0.141557 0.0269768 0.0864616 0.10284 0.0384498 0.0939189 0.0656448 0.083288 0.0906596 0.0372408 0.0192579 0.020846 0.0127227 0.00738904 0.00311147 0 0.0332597 
2011 0 0.00258869 0.026128 0.227948 0.0746937 0.0988743 0.0315111 0.0564884 0.112147 0.0399098 0.0692658 0.0746394 0.0293971 0.0511148 0.0142505 0.0137704 0.0198781 0.0112182 0.00318756 0 0.0429897 
2012 0 0 0.00980396 0.0689781 0.317138 0.0592575 0.103196 0.0304326 0.0466862 0.0623453 0.033543 0.0995776 0.035699 0.0148991 0.0283362 0.0204826 0.00229034 0.000718116 0 0 0.0666163 
2013 0 0.0112795 0.0416384 0.0479884 0.102021 0.332939 0.0323327 0.0410353 0.0205085 0.043345 0.0486755 0.00961068 0.0207434 0.012244 0.0192178 0.0683648 0.00753418 0.00543721 0.00415151 0.0119763 0.118957 
end_table
table error_values
1990 0 0 0 0 0 0 0 0 0 0 0 0 0 0 0 0 0 0 0 0 0 
1991 0 0 0 0 0 0 0 0 0 0 0 0 0 0 0 0 0 0 0 0 0 
1992 0 0 0 0 0 0 0 0 0 0 0 0 0 0 0 0 0 0 0 0 0 
1993 0 0 0 0 0 0 0 0 0 0 0 0 0 0 0 0 0 0 0 0 0 
1994 0 0 0 0 0 0 0 0 0 0 0 0 0 0 0 0 0 0 0 0 0 
1995 0 0 0 0 0 0 0 0 0 0 0 0 0 0 0 0 0 0 0 0 0 
1996 0 0 0 0 0 0 0 0 0 0 0 0 0 0 0 0 0 0 0 0 0 
1997 0 0 0 0 0 0 0 0 0 0 0 0 0 0 0 0 0 0 0 0 0 
1998 0 0 0 0 0 0 0 0 0 0 0 0 0 0 0 0 0 0 0 0 0 
1999 0 0 0 0 0 0 0 0 0 0 0 0 0 0 0 0 0 0 0 0 0 
2000 0 0 0 0 0 0 0 0 0 0 0 0 0 0 0 0 0 0 0 0 0 
2001 0 0 0 0 0 0 0 0 0 0 0 0 0 0 0 0 0 0 0 0 0 
2002 0 0 0 0 0 0 0 0 0 0 0 0 0 0 0 0 0 0 0 0 0 
2003 0 0 0 0 0 0 0 0 0 0 0 0 0 0 0 0 0 0 0 0 0 
2004 0 0 0 0 0 0 0 0 0 0 0 0 0 0 0 0 0 0 0 0 0 
2005 0 0 0 0 0 0 0 0 0 0 0 0 0 0 0 0 0 0 0 0 0 
2006 0 0 0 0 0 0 0 0 0 0 0 0 0 0 0 0 0 0 0 0 0 
2007 0 0 0 0 0 0 0 0 0 0 0 0 0 0 0 0 0 0 0 0 0 
2008 0 0 0 0 0 0 0 0 0 0 0 0 0 0 0 0 0 0 0 0 0 
2009 0 0 0 0 0 0 0 0 0 0 0 0 0 0 0 0 0 0 0 0 0 
2010 0 0 0 0 0 0 0 0 0 0 0 0 0 0 0 0 0 0 0 0 0 
2011 0 0 0 0 0 0 0 0 0 0 0 0 0 0 0 0 0 0 0 0 0 
2012 0 0 0 0 0 0 0 0 0 0 0 0 0 0 0 0 0 0 0 0 0 
2013 0 0 0 0 0 0 0 0 0 0 0 0 0 0 0 0 0 0 0 0 0 
end_table

