@observation HG_age_sample_sim
age_samples_per_cluster 10 
ageing_error age_error 
average_cluster_weight 6 
cluster_cv 0.6 
cluster_sigma 1.1 
fishery_label Fishing_LL 
layer_of_stratum_definitions area_definition 
max_age 20 
min_age 0 
process_label fishing 
strata_to_include HG 
type mortality_event_biomass_age_clusters 
years 1990 1991 1992 1993 1994 1995 1996 1997 1998 1999 2000 2001 2002 2003 2004 2005 2006 2007 2008 2009 2010 2011 2012 2013 
table obs
1990 0 0.0102414 0.0289476 0.0417073 0.0590686 0.0528653 0.0864661 0.0946749 0.0658914 0.0616399 0.0502515 0.0506186 0.0718582 0.0376935 0.0427967 0.0174802 0.031538 0.0357112 0.0115597 0.0276406 0.121349 
1991 0 0.0214484 0.0656087 0.0639717 0.105309 0.094748 0.0989152 0.0831958 0.0655619 0.0621217 0.0425101 0.0178458 0.0408758 0.0195628 0.0119131 0.0396317 0.0280636 0.0125503 0.011944 0.0119244 0.102298 
1992 0 0.00639981 0.0465899 0.0444829 0.0758833 0.0809698 0.0718712 0.0795368 0.0709369 0.0329601 0.0426753 0.068169 0.0409069 0.030557 0.0212936 0.0236354 0.0309901 0.015421 0.0101216 0.00465173 0.201948 
1993 0 0 0 0.0678662 0.0745023 0.123485 0.0956491 0.0939571 0.0638701 0.0760114 0.0539736 0.0604772 0.0441828 0.0279092 0.0138464 0.0315385 0.0236511 0.0027837 0.0123852 0.00283445 0.131077 
1994 0 0.00465901 0.043582 0.0202122 0.111676 0.114631 0.0754493 0.058311 0.0572929 0.0812693 0.0531902 0.043122 0.027156 0.0399021 0.0302711 0.0381017 0.0373542 0.0400556 0.0116973 0.0152272 0.09684 
1995 0 0.00179749 0.0210106 0.0548462 0.0312266 0.133804 0.0945725 0.0905466 0.0792073 0.0675158 0.0359365 0.041617 0.046811 0.0495263 0.0221327 0.00843544 0.00586486 0.00427868 0.0103882 0.0179145 0.182568 
1996 0 0.00353784 0.0366684 0.0234865 0.0748406 0.044406 0.0982282 0.0569723 0.0529801 0.0391331 0.0446381 0.0479874 0.062253 0.0753838 0.0842682 0.0543531 0.0401861 0.0179692 0.0175891 0.00907995 0.116039 
1997 0 0 0.0402224 0.100863 0.0615764 0.096072 0.0281137 0.088953 0.0757122 0.10659 0.0565647 0.0671384 0.0373431 0.0381781 0.0180843 0.00908551 0.00616888 0.00704766 0.00823388 0.0093213 0.144731 
1998 0 0 0.0406695 0.0472023 0.166863 0.0934575 0.0918506 0.0292591 0.0637567 0.081507 0.0681233 0.0496257 0.0456874 0.0393109 0.0198969 0.0202577 0.0224658 0.0174728 0.0104523 0.00745792 0.0846832 
1999 0 0.0134305 0.0356567 0.0470313 0.092964 0.144122 0.0581277 0.0663659 0.0125889 0.0469702 0.0454635 0.0617681 0.0480451 0.042433 0.0526057 0.0344209 0.037338 0.0388211 0.0172303 0.0110548 0.0935617 
2000 0 0.02322 0.0915669 0.125651 0.0954288 0.0775228 0.110822 0.0212446 0.038098 0.0320587 0.108568 0.063771 0.0288146 0.0189029 0.0149672 0.0114223 0.0228641 0.0137481 0.0116622 0.0122397 0.0774272 
2001 0 0.0126754 0.0231839 0.22649 0.100264 0.0675738 0.0849195 0.129037 0.0400206 0.0487878 0.00725019 0.0288967 0.0148015 0.0113023 0.0543291 0.0248747 0.0245248 0.010503 0.0240692 0.00950634 0.0569903 
2002 0 0.0212688 0.0710502 0.105439 0.285799 0.110553 0.0460625 0.0754386 0.0253121 0.0196938 0.0465339 0.00455084 0.019136 0.00888209 0.0105848 0.00609572 0.0204451 0.0126109 0.0223634 0.0259363 0.0622442 
2003 0 0.0111684 0.107217 0.118136 0.162007 0.237777 0.0550568 0.0335599 0.0469395 0.0375941 0.00973612 0.0107129 0.00867021 0.0121423 0.0190843 0.0153698 0.02277 0.0131393 0.0114113 0.00587445 0.0616324 
2004 0 0.0140107 0.0561179 0.154223 0.130941 0.0972781 0.16914 0.0446723 0.0321283 0.0215851 0.0766265 0.0198987 0.0358658 0 0.007567 0.0194798 0.01044 0.00320203 0.00109674 0.00329021 0.102437 
2005 0 0.00668083 0.0522843 0.0820878 0.210057 0.11878 0.0620147 0.121919 0.0253426 0.00823681 0.0118266 0.0241972 0.0171883 0.0786818 0.0181123 0.00430969 0.00972369 0.00884562 0.00928466 0.00662012 0.123807 
2006 0 0.00125069 0.0066303 0.0346869 0.0198571 0.0326607 0.0208947 0.00984134 0.0152052 0.00839724 0.00275013 0.00805948 0.00828617 0.00158758 0.00573491 0.00179274 0.00511585 0.451744 0.356083 0 0.00942208 
2007 0 0.0216184 0.0200375 0.060492 0.186798 0.108295 0.165603 0.112338 0.0423275 0.0759593 0.0246656 0.0102714 0.0200112 0.0155297 0.00496097 0 0 0.0375363 0.0123538 0.0312014 0.0500013 
2008 0 0.0127276 0.0397976 0.0250417 0.0709845 0.165956 0.0458226 0.118076 0.087822 0.0470593 0.089398 0.032362 0.0249735 0.0189902 0.00872179 0.00883606 0 0.00542802 0.00309701 0.0316446 0.163261 
2009 0 0.025919 0.0114172 0.0785434 0.0385943 0.191845 0.152227 0.0682728 0.0801645 0.0768734 0.0563715 0.062667 0.0193416 0.0236168 0.01651 0.0580286 0.0159953 0.00533176 0 0 0.0182811 
2010 0 0.000841406 0.12087 0.0369008 0.0727843 0.0417789 0.0890305 0.12038 0.0871549 0.176041 0.0741678 0.02997 0.0550326 0.0117587 0.0171133 0.02482 0.0279794 0 0 0 0.0133771 
2011 0 0.00729338 0.0480057 0.236959 0.0819721 0.116393 0.03618 0.074458 0.0776772 0.0358338 0.0677254 0.0376749 0.0212471 0.0589763 0.0177828 0.00428576 0 0 0.00225599 0.00112799 0.0741522 
2012 0 0.0199747 0.0504054 0.0553146 0.387734 0.0513069 0.0350211 0.00845227 0.0342144 0.0538235 0.0321497 0.0576047 0.0170089 0.0173901 0.0723974 0.00303932 0.0136956 0.0185524 0.014939 0.00790852 0.0490679 
2013 0 0.0137827 0.0572222 0.0580743 0.0611442 0.384158 0.0382194 0.0555038 0.0208787 0.0250484 0.0479767 0.0038191 0.0249224 0.0328183 0.0194302 0.0281708 0.00364691 0.0126562 0.012985 0.009335 0.0902079 
end_table
table error_values
1990 0 0 0 0 0 0 0 0 0 0 0 0 0 0 0 0 0 0 0 0 0 
1991 0 0 0 0 0 0 0 0 0 0 0 0 0 0 0 0 0 0 0 0 0 
1992 0 0 0 0 0 0 0 0 0 0 0 0 0 0 0 0 0 0 0 0 0 
1993 0 0 0 0 0 0 0 0 0 0 0 0 0 0 0 0 0 0 0 0 0 
1994 0 0 0 0 0 0 0 0 0 0 0 0 0 0 0 0 0 0 0 0 0 
1995 0 0 0 0 0 0 0 0 0 0 0 0 0 0 0 0 0 0 0 0 0 
1996 0 0 0 0 0 0 0 0 0 0 0 0 0 0 0 0 0 0 0 0 0 
1997 0 0 0 0 0 0 0 0 0 0 0 0 0 0 0 0 0 0 0 0 0 
1998 0 0 0 0 0 0 0 0 0 0 0 0 0 0 0 0 0 0 0 0 0 
1999 0 0 0 0 0 0 0 0 0 0 0 0 0 0 0 0 0 0 0 0 0 
2000 0 0 0 0 0 0 0 0 0 0 0 0 0 0 0 0 0 0 0 0 0 
2001 0 0 0 0 0 0 0 0 0 0 0 0 0 0 0 0 0 0 0 0 0 
2002 0 0 0 0 0 0 0 0 0 0 0 0 0 0 0 0 0 0 0 0 0 
2003 0 0 0 0 0 0 0 0 0 0 0 0 0 0 0 0 0 0 0 0 0 
2004 0 0 0 0 0 0 0 0 0 0 0 0 0 0 0 0 0 0 0 0 0 
2005 0 0 0 0 0 0 0 0 0 0 0 0 0 0 0 0 0 0 0 0 0 
2006 0 0 0 0 0 0 0 0 0 0 0 0 0 0 0 0 0 0 0 0 0 
2007 0 0 0 0 0 0 0 0 0 0 0 0 0 0 0 0 0 0 0 0 0 
2008 0 0 0 0 0 0 0 0 0 0 0 0 0 0 0 0 0 0 0 0 0 
2009 0 0 0 0 0 0 0 0 0 0 0 0 0 0 0 0 0 0 0 0 0 
2010 0 0 0 0 0 0 0 0 0 0 0 0 0 0 0 0 0 0 0 0 0 
2011 0 0 0 0 0 0 0 0 0 0 0 0 0 0 0 0 0 0 0 0 0 
2012 0 0 0 0 0 0 0 0 0 0 0 0 0 0 0 0 0 0 0 0 0 
2013 0 0 0 0 0 0 0 0 0 0 0 0 0 0 0 0 0 0 0 0 0 
end_table

