@observation HG_age_sample_sim
age_samples_per_cluster 10 
ageing_error age_error 
average_cluster_weight 6 
cluster_cv 0.6 
cluster_sigma 1.1 
fishery_label Fishing_LL 
layer_of_stratum_definitions area_definition 
process_label fishing 
strata_to_include HG 
type mortality_event_biomass_age_clusters 
years 1990 1991 1992 1993 1994 1995 1996 1997 1998 1999 2000 2001 2002 2003 2004 2005 2006 2007 2008 2009 2010 2011 2012 2013 
table obs
1990 0.0937818 0.0556211 0.0396765 0.0946225 0.085984 0.0670787 0.100833 0.0801704 0.0329453 0.019311 0.008602 0 0.0256128 0.00853761 0.0426881 0.0423578 0.148252 0.0299584 0.0239667 0 0 0 0 0 0 0 0 0 0 0 0 0 0 0 0 0 0 0 0 0 
1991 0.00902172 0.0390389 0.16902 0.13919 0.0458954 0.101878 0.139921 0.0499517 0.0186824 0 0.0458414 0.0441993 0.0441993 0.0166607 0.0349128 0 0.0126985 0.0507939 0.0380954 0 0 0 0 0 0 0 0 0 0 0 0 0 0 0 0 0 0 0 0 0 
1992 0 0 0.144186 0.101752 0.160096 0.13925 0.106282 0 0.080645 0.0409041 0.0102252 0.0135348 0 0.0135348 0.0135348 0.0451503 0.0481466 0.0616813 0.0210771 0 0 0 0 0 0 0 0 0 0 0 0 0 0 0 0 0 0 0 0 0 
1993 0 0.00804024 0.00814611 0.281355 0.205849 0.144309 0.136954 0.0277941 0.0345574 0.0345574 0.033822 0.022548 0 0 0 0 0 0 0 0 0 0.0137929 0.0206894 0.0275858 0 0 0 0 0 0 0 0 0 0 0 0 0 0 0 0 
1994 0.0806896 0.0440708 0.0365684 0.00777815 0.0805659 0.124027 0.132287 0.0812508 0.0627362 0.0558743 0.0203142 0.0253928 0 0 0 0 0 0 0 0.11042 0.11042 0.0276049 0 0 0 0 0 0 0 0 0 0 0 0 0 0 0 0 0 0 
1995 0 0.0568201 0.0981705 0.122517 0.0361668 0.22905 0.112309 0.0906526 0.0189639 0.0189639 0.0328426 0.0405635 0.043213 0.0176006 0.00912955 0 0.0182591 0.0456478 0.00912955 0 0 0 0 0 0 0 0 0 0 0 0 0 0 0 0 0 0 0 0 0 
1996 0.0492768 0.0621224 0.231779 0.0229913 0.134557 0.0158722 0 0 0.0407239 0.0187627 0.171146 0.124819 0 0.0103212 0.0329333 0.0390788 0.0103212 0.0241962 0.00277499 0.00832496 0 0 0 0 0 0 0 0 0 0 0 0 0 0 0 0 0 0 0 0 
1997 0.0533648 0.0139021 0.0553103 0.0895943 0.161863 0.18618 0.0465193 0.178494 0.0265886 0.0132943 0.0222677 0.0445354 0 0.0334015 0 0 0 0 0 0 0 0 0 0 0 0 0 0 0 0 0 0 0 0 0 0 0 0.00829836 0.00829836 0.0580885 
1998 0.307417 0.15501 0.0740437 0.133838 0.0846492 0.0427471 0.0408461 0.013004 0.0834246 0 0.0260081 0.0390121 0 0 0 0 0 0 0 0 0 0 0 0 0 0 0 0 0 0 0 0 0 0 0 0 0 0 0 0 
1999 0.0961486 0.214544 0.0859154 0.0657087 0.0953105 0.0630227 0.013962 0 0.017639 0.0881949 0.0529169 0.0356163 0.0178082 0.0267122 0 0 0 0 0 0.0281113 0.084334 0.0140557 0 0 0 0 0 0 0 0 0 0 0 0 0 0 0 0 0 0 
2000 0.105789 0.0719862 0.16307 0.0708636 0.0458562 0.108966 0.27671 0.0280589 0.0280635 0 0 0.0111818 0.055909 0.0335454 0 0 0 0 0 0 0 0 0 0 0 0 0 0 0 0 0 0 0 0 0 0 0 0 0 0 
2001 0.172988 0.185247 0.0595186 0.14492 0.125211 0.026884 0.0601321 0.12519 0.0400199 0 0 0 0 0 0 0 0 0 0 0 0 0 0 0 0 0 0 0 0.0133087 0 0 0.00665434 0.00665434 0.0133087 0.019963 0 0 0 0 0 
2002 0.0435108 0.188612 0.2014 0.135271 0.190542 0.0840858 0.0308037 0.0330057 0.0713628 0.0214059 0 0 0 0 0 0 0 0 0 0 0 0 0 0 0 0 0 0 0 0 0 0 0 0 0 0 0 0 0 0 
2003 0.183739 0.0375179 0.113139 0.0923936 0.118541 0.125327 0.0910556 0.0708546 0.111622 0.0558108 0 0 0 0 0 0 0 0 0 0 0 0 0 0 0 0 0 0 0 0 0 0 0 0 0 0 0 0 0 0 
2004 0.115578 0.204482 0.117673 0.167272 0.0407169 0.0221203 0.173643 0.085949 0.0185349 0.0331934 0.00694562 0.00694562 0.00694562 0 0 0 0 0 0 0 0 0 0 0 0 0 0 0 0 0 0 0 0 0 0 0 0 0 0 0 
2005 0.0152356 0.179617 0.218588 0.0253936 0.106022 0.141628 0.128515 0.0271368 0.0854198 0.0128689 0 0 0.00661949 0 0 0.013239 0.0330974 0.00661949 0 0 0 0 0 0 0 0 0 0 0 0 0 0 0 0 0 0 0 0 0 0 
2006 0.0291276 0.0315745 0.0910926 0.163092 0.131253 0.30663 0.118496 0.0451583 0.0835762 0 0 0 0 0 0 0 0 0 0 0 0 0 0 0 0 0 0 0 0 0 0 0 0 0 0 0 0 0 0 0 
2007 0.0116528 0.0573826 0.0116528 0.115476 0.321215 0.0160874 0.144552 0.0323472 0.0833382 0.0788368 0.0224551 0 0 0.0135063 0 0.0101664 0.0101664 0.0711645 0 0 0 0 0 0 0 0 0 0 0 0 0 0 0 0 0 0 0 0 0 0 
2008 0.453794 0.0305926 0.119143 0.0978342 0.078738 0.0670456 0.0312448 0.0772454 0.0443622 0 0 0 0 0 0 0 0 0 0 0 0 0 0 0 0 0 0 0 0 0 0 0 0 0 0 0 0 0 0 0 
2009 0.0152108 0.159434 0.0737178 0.0171506 0 0.00613941 0.0564861 0.105083 0.116744 0.205338 0.0888225 0.0470446 0.0129278 0 0.0319672 0.0639344 0 0 0 0 0 0 0 0 0 0 0 0 0 0 0 0 0 0 0 0 0 0 0 0 
2010 0.0390601 0.0211979 0.372183 0.0307277 0.0141273 0 0.312169 0.00738673 0.0124533 0.121461 0.0221617 0.0050991 0.0368742 0 0.0050991 0 0 0 0 0 0 0 0 0 0 0 0 0 0 0 0 0 0 0 0 0 0 0 0 0 
2011 0.104792 0.043561 0.0714403 0.50381 0.00626246 0.0526815 0.0351477 0.0702154 0.0747268 0.0373634 0 0 0 0 0 0 0 0 0 0 0 0 0 0 0 0 0 0 0 0 0 0 0 0 0 0 0 0 0 0 
2012 0.0239658 0.0767852 0.0094601 0.0189202 0.391085 0.0271785 0.0145184 0 0.137142 0.133477 0.0208612 0.100507 0.026446 0.0098264 0.0098264 0 0 0 0 0 0 0 0 0 0 0 0 0 0 0 0 0 0 0 0 0 0 0 0 0 
2013 0 0.0196078 0.0877239 0.105264 0.0519327 0.268763 0.116791 0.0545454 0.0100932 0.0100932 0.0201863 0 0.0447835 0.0510937 0.00693808 0.152184 0 0 0 0 0 0 0 0 0 0 0 0 0 0 0 0 0 0 0 0 0 0 0 0 
end_table
table error_values
1990 0 0 0 0 0 0 0 0 0 0 0 0 0 0 0 0 0 0 0 0 0 0 0 0 0 0 0 0 0 0 0 0 0 0 0 0 0 0 0 0 
1991 0 0 0 0 0 0 0 0 0 0 0 0 0 0 0 0 0 0 0 0 0 0 0 0 0 0 0 0 0 0 0 0 0 0 0 0 0 0 0 0 
1992 0 0 0 0 0 0 0 0 0 0 0 0 0 0 0 0 0 0 0 0 0 0 0 0 0 0 0 0 0 0 0 0 0 0 0 0 0 0 0 0 
1993 0 0 0 0 0 0 0 0 0 0 0 0 0 0 0 0 0 0 0 0 0 0 0 0 0 0 0 0 0 0 0 0 0 0 0 0 0 0 0 0 
1994 0 0 0 0 0 0 0 0 0 0 0 0 0 0 0 0 0 0 0 0 0 0 0 0 0 0 0 0 0 0 0 0 0 0 0 0 0 0 0 0 
1995 0 0 0 0 0 0 0 0 0 0 0 0 0 0 0 0 0 0 0 0 0 0 0 0 0 0 0 0 0 0 0 0 0 0 0 0 0 0 0 0 
1996 0 0 0 0 0 0 0 0 0 0 0 0 0 0 0 0 0 0 0 0 0 0 0 0 0 0 0 0 0 0 0 0 0 0 0 0 0 0 0 0 
1997 0 0 0 0 0 0 0 0 0 0 0 0 0 0 0 0 0 0 0 0 0 0 0 0 0 0 0 0 0 0 0 0 0 0 0 0 0 0 0 0 
1998 0 0 0 0 0 0 0 0 0 0 0 0 0 0 0 0 0 0 0 0 0 0 0 0 0 0 0 0 0 0 0 0 0 0 0 0 0 0 0 0 
1999 0 0 0 0 0 0 0 0 0 0 0 0 0 0 0 0 0 0 0 0 0 0 0 0 0 0 0 0 0 0 0 0 0 0 0 0 0 0 0 0 
2000 0 0 0 0 0 0 0 0 0 0 0 0 0 0 0 0 0 0 0 0 0 0 0 0 0 0 0 0 0 0 0 0 0 0 0 0 0 0 0 0 
2001 0 0 0 0 0 0 0 0 0 0 0 0 0 0 0 0 0 0 0 0 0 0 0 0 0 0 0 0 0 0 0 0 0 0 0 0 0 0 0 0 
2002 0 0 0 0 0 0 0 0 0 0 0 0 0 0 0 0 0 0 0 0 0 0 0 0 0 0 0 0 0 0 0 0 0 0 0 0 0 0 0 0 
2003 0 0 0 0 0 0 0 0 0 0 0 0 0 0 0 0 0 0 0 0 0 0 0 0 0 0 0 0 0 0 0 0 0 0 0 0 0 0 0 0 
2004 0 0 0 0 0 0 0 0 0 0 0 0 0 0 0 0 0 0 0 0 0 0 0 0 0 0 0 0 0 0 0 0 0 0 0 0 0 0 0 0 
2005 0 0 0 0 0 0 0 0 0 0 0 0 0 0 0 0 0 0 0 0 0 0 0 0 0 0 0 0 0 0 0 0 0 0 0 0 0 0 0 0 
2006 0 0 0 0 0 0 0 0 0 0 0 0 0 0 0 0 0 0 0 0 0 0 0 0 0 0 0 0 0 0 0 0 0 0 0 0 0 0 0 0 
2007 0 0 0 0 0 0 0 0 0 0 0 0 0 0 0 0 0 0 0 0 0 0 0 0 0 0 0 0 0 0 0 0 0 0 0 0 0 0 0 0 
2008 0 0 0 0 0 0 0 0 0 0 0 0 0 0 0 0 0 0 0 0 0 0 0 0 0 0 0 0 0 0 0 0 0 0 0 0 0 0 0 0 
2009 0 0 0 0 0 0 0 0 0 0 0 0 0 0 0 0 0 0 0 0 0 0 0 0 0 0 0 0 0 0 0 0 0 0 0 0 0 0 0 0 
2010 0 0 0 0 0 0 0 0 0 0 0 0 0 0 0 0 0 0 0 0 0 0 0 0 0 0 0 0 0 0 0 0 0 0 0 0 0 0 0 0 
2011 0 0 0 0 0 0 0 0 0 0 0 0 0 0 0 0 0 0 0 0 0 0 0 0 0 0 0 0 0 0 0 0 0 0 0 0 0 0 0 0 
2012 0 0 0 0 0 0 0 0 0 0 0 0 0 0 0 0 0 0 0 0 0 0 0 0 0 0 0 0 0 0 0 0 0 0 0 0 0 0 0 0 
2013 0 0 0 0 0 0 0 0 0 0 0 0 0 0 0 0 0 0 0 0 0 0 0 0 0 0 0 0 0 0 0 0 0 0 0 0 0 0 0 0 
end_table

