@observation HG_age_sample_sim
age_samples_per_cluster 10 
ageing_error age_error 
average_cluster_weight 6 
cluster_cv 0.6 
cluster_sigma 1.1 
fishery_label Fishing_LL 
layer_of_stratum_definitions area_definition 
max_age 20 
min_age 0 
process_label fishing 
strata_to_include HG 
type mortality_event_biomass_age_clusters 
years 1990 1991 1992 1993 1994 1995 1996 1997 1998 1999 2000 2001 2002 2003 2004 2005 2006 2007 2008 2009 2010 2011 2012 2013 
table obs
1990 0 0.00737506 0.00937966 0.054678 0.101846 0.123786 0.101062 0.0972058 0.0439424 0.0546189 0.0342922 0.0495376 0.0224525 0.0238908 0.0218982 0.0241554 0.0130559 0.029982 0.0149973 0.0449062 0.126938 
1991 0 0.00170198 0.00978809 0.0592271 0.0912496 0.113045 0.0980015 0.0841844 0.055244 0.0351176 0.0325996 0.056498 0.0335068 0.0406368 0.0472333 0.0559097 0.0240406 0.0255409 0.0160376 0.01085 0.109588 
1992 0 0.00606261 0.0269467 0.0804673 0.112059 0.102574 0.0615778 0.0548292 0.0700743 0.0720621 0.0371806 0.0614496 0.0444047 0.0187356 0.0424903 0.0456575 0.0301535 0.0197459 0.0164555 0.00992099 0.0871535 
1993 0 0.0249599 0.0233814 0.0690604 0.0921277 0.0850677 0.0855219 0.101528 0.0680282 0.0586072 0.0740812 0.0577259 0.0462596 0.0412245 0.0199679 0.0190877 0.0155032 0.00888365 0.00447681 0.017447 0.0870604 
1994 0 0.0285648 0.067887 0.0413227 0.155076 0.112204 0.0597541 0.0458242 0.0597757 0.0702658 0.0410207 0.0213495 0.0284517 0.0434076 0.035951 0.0303271 0.0262692 0.0143279 0.0123923 0.0228266 0.0830024 
1995 0 0.00433127 0.0103775 0.0277161 0.0354299 0.075438 0.103906 0.0989468 0.0891126 0.0523198 0.0675537 0.0857761 0.0308938 0.0438577 0.0661809 0.0531315 0.0383601 0.0167923 0.0146966 0.0193133 0.0658656 
1996 0 0.00931205 0.0490308 0.040459 0.0619427 0.0172931 0.092293 0.0869812 0.0811984 0.101217 0.0494703 0.0353316 0.047229 0.0406826 0.031946 0.0480588 0.0308106 0.0322756 0.0279368 0.00909829 0.107433 
1997 0 0.0132503 0.0207871 0.110188 0.0829551 0.0994257 0.0225583 0.0846112 0.0757391 0.0660668 0.025613 0.0224718 0.0245818 0.00979119 0.00123658 0.0207013 0.0235195 0.0586631 0.0468783 0.0249427 0.166019 
1998 0 0.00601904 0.0307463 0.0318667 0.111825 0.0640783 0.0748859 0.0219263 0.095022 0.0983852 0.0840218 0.0792543 0.0527242 0.0282846 0.0227541 0.00752361 0.00762231 0.00895175 0.0129823 0.0398787 0.121248 
1999 0 0.0296643 0.0603814 0.0783644 0.122507 0.124281 0.0626729 0.0480898 0.00135006 0.0429321 0.0459133 0.038045 0.0747218 0.0479695 0.0449033 0.0113452 0.00944642 0.0259251 0.0281927 0.0388638 0.0644307 
2000 0 0.0306674 0.0851917 0.0643684 0.0761102 0.106776 0.109714 0.0593585 0.0676219 0.0248778 0.059635 0.0545574 0.0304841 0.0262726 0.0246001 0.0128679 0.00858206 0 0.00965706 0.00340011 0.145258 
2001 0 0.0376314 0.0224595 0.235261 0.103345 0.0728182 0.0809329 0.119656 0.0404167 0.0209711 0.0205237 0.022221 0.027497 0.0337748 0.0395108 0.0248455 0.0193692 0.00752529 0.0092326 0.00736225 0.0546455 
2002 0 0.0269683 0.10937 0.136936 0.253 0.0833763 0.0542619 0.0380603 0.0549706 0.00643817 0.0364001 0.0304455 0.0560721 0.0324458 0.0129309 0.0151025 0.0312673 0.0219536 0 0 0 
2003 0 0.0234799 0.0737279 0.0800885 0.115035 0.226153 0.0891492 0.0487774 0.0315904 0.0842491 0.0398757 0.00947849 0.000529344 0.0182568 0.0147711 0.0163477 0.00600458 0.00981698 0.0191343 0.0368248 0.0567099 
2004 0 0.00509854 0.0157677 0.135505 0.213092 0.143395 0.135222 0.0620309 0.0349544 0.033615 0.030447 0.0106303 0.00341084 0 0.0196246 0.0122189 0.00280239 0.00224387 0.0104801 0.0103603 0.119101 
2005 0 0.0153465 0.0229564 0.0446064 0.22251 0.155835 0.0873253 0.157021 0.0702564 0.0400781 0.0216344 0.030051 0.000985673 0.000985673 0 0 0.00618111 0.00988814 0.00535386 0.0100168 0.0989672 
2006 0 0.0111325 0.0259871 0.11212 0.109068 0.217135 0.132273 0.0832624 0.135536 0.0374408 0.00429019 0.00225083 0.00450165 0.00450165 0 0.00450165 0.00450165 0.016415 0.0230587 0.0169228 0.0551006 
2007 0 0 0.000540731 0.0115131 0.0367131 0.0109667 0.0276876 0.0131011 0.0152151 0.0205737 0.0112803 0.00255594 0.00333748 0.0024574 0.000573016 0.000103124 0 0.00156632 0.000916925 0.00271858 0.83818 
2008 0 0.00174956 0.0405685 0.0347995 0.115738 0.193467 0.0742186 0.105065 0.104343 0.0389263 0.0876822 0.0485844 0.0178331 0.0066542 0.0173139 0.00696131 0.00270616 0.00331359 0.0103046 0.00736547 0.0824051 
2009 0 0.05006 0.0208727 0.0857964 0.0288672 0.0858284 0.164251 0.077033 0.141031 0.0736829 0.0394839 0.0656181 0.0146711 0.00904476 0.0155234 0.00523725 0.00949482 0.00567205 0.00420529 0.0365631 0.0670639 
2010 0 0 0.101331 0.0488151 0.0995699 0.00783835 0.08768 0.133472 0.0633889 0.134647 0.0583219 0.0333316 0.0982757 0.0268606 0.02153 0.023683 0.0231255 0.0097354 0.0109324 0 0.0174621 
2011 0 0.0104762 0.0408265 0.290428 0.0568006 0.0878613 0.0242192 0.0891434 0.125397 0.060499 0.0651435 0.0326312 0.0212564 0.0258247 0.0126671 0.00158509 0.00477221 0.00518505 0.000947544 0.0038538 0.0404828 
2012 0 0.00123102 0.0313374 0.0510862 0.363661 0.0795598 0.0549775 0.0185182 0.0348635 0.0605583 0.0369868 0.0666027 0.0440031 0.0291873 0.0386796 0.0211087 0.01092 0.014093 0.00873315 0 0.0338929 
2013 0 0.0179837 0.0710852 0.0734783 0.0957476 0.322084 0.0558973 0.0300245 0.0037768 0.0272973 0.069789 0.0469278 0.0557137 0.0397953 0.034456 0.0382186 0.0118616 0.00586368 0 0 0 
end_table
table error_values
1990 0 0 0 0 0 0 0 0 0 0 0 0 0 0 0 0 0 0 0 0 0 
1991 0 0 0 0 0 0 0 0 0 0 0 0 0 0 0 0 0 0 0 0 0 
1992 0 0 0 0 0 0 0 0 0 0 0 0 0 0 0 0 0 0 0 0 0 
1993 0 0 0 0 0 0 0 0 0 0 0 0 0 0 0 0 0 0 0 0 0 
1994 0 0 0 0 0 0 0 0 0 0 0 0 0 0 0 0 0 0 0 0 0 
1995 0 0 0 0 0 0 0 0 0 0 0 0 0 0 0 0 0 0 0 0 0 
1996 0 0 0 0 0 0 0 0 0 0 0 0 0 0 0 0 0 0 0 0 0 
1997 0 0 0 0 0 0 0 0 0 0 0 0 0 0 0 0 0 0 0 0 0 
1998 0 0 0 0 0 0 0 0 0 0 0 0 0 0 0 0 0 0 0 0 0 
1999 0 0 0 0 0 0 0 0 0 0 0 0 0 0 0 0 0 0 0 0 0 
2000 0 0 0 0 0 0 0 0 0 0 0 0 0 0 0 0 0 0 0 0 0 
2001 0 0 0 0 0 0 0 0 0 0 0 0 0 0 0 0 0 0 0 0 0 
2002 0 0 0 0 0 0 0 0 0 0 0 0 0 0 0 0 0 0 0 0 0 
2003 0 0 0 0 0 0 0 0 0 0 0 0 0 0 0 0 0 0 0 0 0 
2004 0 0 0 0 0 0 0 0 0 0 0 0 0 0 0 0 0 0 0 0 0 
2005 0 0 0 0 0 0 0 0 0 0 0 0 0 0 0 0 0 0 0 0 0 
2006 0 0 0 0 0 0 0 0 0 0 0 0 0 0 0 0 0 0 0 0 0 
2007 0 0 0 0 0 0 0 0 0 0 0 0 0 0 0 0 0 0 0 0 0 
2008 0 0 0 0 0 0 0 0 0 0 0 0 0 0 0 0 0 0 0 0 0 
2009 0 0 0 0 0 0 0 0 0 0 0 0 0 0 0 0 0 0 0 0 0 
2010 0 0 0 0 0 0 0 0 0 0 0 0 0 0 0 0 0 0 0 0 0 
2011 0 0 0 0 0 0 0 0 0 0 0 0 0 0 0 0 0 0 0 0 0 
2012 0 0 0 0 0 0 0 0 0 0 0 0 0 0 0 0 0 0 0 0 0 
2013 0 0 0 0 0 0 0 0 0 0 0 0 0 0 0 0 0 0 0 0 0 
end_table

