@observation HG_age_sample_sim
age_samples_per_cluster 10 
ageing_error age_error 
average_cluster_weight 6 
cluster_cv 0.6 
cluster_sigma 1.1 
fishery_label Fishing_LL 
layer_of_stratum_definitions area_definition 
max_age 20 
min_age 0 
process_label fishing 
strata_to_include HG 
type mortality_event_biomass_age_clusters 
years 1990 1991 1992 1993 1994 1995 1996 1997 1998 1999 2000 2001 2002 2003 2004 2005 2006 2007 2008 2009 2010 2011 2012 2013 
table obs
1990 0 0.00495004 0.041945 0.0585946 0.0677223 0.131716 0.104231 0.053519 0.068148 0.0781247 0.0400931 0.0475615 0.0554656 0.0272643 0.0156251 0.0140213 0.0133928 0.00606506 0.0309624 0.0174952 0.123104 
1991 0 0.000813811 0.0371205 0.0532855 0.104925 0.0878299 0.0829009 0.0435488 0.058464 0.0628525 0.0675199 0.0776356 0.0646078 0.0507681 0.0292505 0.0191877 0.0260954 0.00977013 0.017529 0.0155941 0.090301 
1992 0 0 0.0181559 0.0516174 0.0983466 0.120529 0.11182 0.0710721 0.0585504 0.06221 0.0430812 0.040987 0.0466137 0.0339425 0.032868 0.0310517 0.0232125 0.0297989 0.0366483 0.0212164 0.0682786 
1993 0 0 0 0.0350554 0.0785417 0.13332 0.0836396 0.103112 0.0933492 0.0828519 0.053617 0.0444382 0.0217962 0.0418955 0.0177819 0.0108699 0.0170736 0.00991082 0.00853549 0.0113377 0.152874 
1994 0 0.00216015 0.0226609 0.0309668 0.0935569 0.059237 0.0631641 0.0680614 0.0589334 0.0600011 0.0452084 0.0687322 0.0515834 0.0283226 0.0240039 0.0390886 0.02472 0.0409111 0.0301259 0.0260864 0.162476 
1995 0 0.00339676 0.00339676 0.0349379 0.0329737 0.172028 0.0666966 0.0900808 0.080103 0.078974 0.0597199 0.0508468 0.0382928 0.0642755 0.0463117 0.0123231 0.0195854 0.0118304 0.0243652 0.0103206 0.0995411 
1996 0 0.0138534 0.0241878 0.0381192 0.0789025 0.0359202 0.0995899 0.0838765 0.0585416 0.0570202 0.0707559 0.0405122 0.0351564 0.0492409 0.0398479 0.0332618 0.0343804 0.025209 0.0106279 0.0253595 0.145637 
1997 0 0.0111728 0.0449987 0.0883972 0.0928553 0.0595805 0.0374386 0.0639872 0.0617825 0.0487307 0.0338066 0.0442237 0.0392525 0.0563699 0.0324604 0.035825 0.0209174 0.0140014 0.0286499 0.0329794 0.15257 
1998 0 0.020393 0.0376467 0.0604249 0.179598 0.108499 0.0995844 0.0133362 0.0845739 0.04767 0.0340441 0.016934 0.0157031 0.0173721 0.0245488 0.0338552 0.0287509 0.0172458 0.0113475 0.0154214 0.133052 
1999 0 0.046028 0.0509091 0.0903155 0.136621 0.144206 0.0368469 0.0478422 0.00765837 0.0761243 0.061501 0.0401113 0.0410919 0.0254883 0.0321689 0.00259383 0.0181574 0.00785746 0.00731271 0.00478585 0.12238 
2000 0 0.0266341 0.0842806 0.111775 0.0984228 0.125952 0.123042 0.0433589 0.0503281 0.0171653 0.0353677 0.0388493 0.0351994 0.00604162 0.0238283 0.0238914 0.0495292 0.0350034 0.0125067 0.00694432 0.0518797 
2001 0 0.00796689 0.021013 0.192144 0.102855 0.0894441 0.130215 0.142224 0.0521907 0.0437448 0.00893001 0.0380549 0.025634 0.00662197 0.0125482 0.00891068 0.00937769 0.00770423 0.00795497 0.00795497 0.0845118 
2002 0 0.0512173 0.0844987 0.0988803 0.279482 0.0713499 0.0582937 0.0593289 0.0553987 0.0220626 0.0322337 0.0218241 0.0419183 0.0370648 0.0118707 0.00282379 0.00755698 0.00156535 0.00892556 0.00591149 0.0477936 
2003 0 0.025948 0.0741267 0.0941849 0.0961323 0.188049 0.0553094 0.0426506 0.0434205 0.0813956 0.0264809 0.0323297 0.0148196 0.0296988 0.0298957 0.018327 0.0160061 0.0118924 0.0119549 0.0191317 0.0882462 
2004 0 0.00738463 0.0139438 0.187448 0.200575 0.147784 0.164042 0.0800028 0.0417057 0.0128842 0.0149055 0.00471292 0.00411024 0.010101 0.0177901 0.0256053 0.00392251 0.00301626 0.00346184 0.000750293 0.0558535 
2005 0 0.0144714 0.0607682 0.0604862 0.161494 0.142133 0.0596603 0.167181 0.0775581 0.0342052 0.0360447 0.0815927 0.0409739 0.0226082 0.00711537 0.00293895 0.00122942 0.0073765 0.00245883 0.00340245 0.0163011 
2006 0 0 0.0248503 0.108805 0.0943321 0.146222 0.0970621 0.0616136 0.116338 0.0507913 0.0262187 0.0166262 0.0229508 0.00945713 0.0113821 0 0.0595732 0.0195859 0.0221262 0.0265536 0.0855118 
2007 0 0.00205494 0.0109633 0.0750635 0.130908 0.0898942 0.178374 0.123491 0.0437929 0.0706189 0.0225995 0.0246207 0.0157527 0.0162101 0.00632429 0.00455136 0.0031991 0.0240489 0.0143172 0.00270451 0.140511 
2008 0 0.0200743 0.0311342 0.0354798 0.176988 0.18661 0.0971741 0.105312 0.0810131 0.0699818 0.0958527 0.0336667 0.0162094 0.0183596 0.0199333 0.00110984 0.00444228 0 0 0.00110984 0.00554918 
2009 0 0.0675023 0.0319048 0.0912906 0.010474 0.0909375 0.136161 0.102209 0.153681 0.0553417 0.0413975 0.0605044 0.0258413 0.0140534 0.00570334 0.0262705 0.0123474 0.0274929 0 0.0115126 0.0353751 
2010 0 0 0.109524 0.0538619 0.135726 0.0419727 0.101602 0.14695 0.0546995 0.10699 0.0418811 0.0174005 0.083154 0.0110371 0.0057429 0.020209 0.0046401 0.0017209 0.00688359 0.0017209 0.0542825 
2011 0 0.00640473 0.0238503 0.178752 0.0836553 0.113663 0.0453806 0.0731961 0.13014 0.0653744 0.0775534 0.0654668 0.0264827 0.0260817 0.015135 0.00259887 0.0205657 0.0210001 0 0 0.024699 
2012 0 0.0269556 0.00914888 0.0667569 0.259909 0.0457262 0.0780021 0.0275543 0.0890053 0.129083 0.0461781 0.0639337 0.0234551 0.0157339 0.0279594 0.00190887 0 0 0.0100098 0.00307924 0.0756007 
2013 0 0.0144782 0.0700637 0.0726779 0.135111 0.25505 0.0585734 0.0416955 0.0288553 0.041448 0.0531648 0.0228127 0.0381205 0.022991 0.0225971 0.0614381 0.0256166 0.00786922 0.00146333 0.00877454 0.017199 
end_table
table error_values
1990 0 0 0 0 0 0 0 0 0 0 0 0 0 0 0 0 0 0 0 0 0 
1991 0 0 0 0 0 0 0 0 0 0 0 0 0 0 0 0 0 0 0 0 0 
1992 0 0 0 0 0 0 0 0 0 0 0 0 0 0 0 0 0 0 0 0 0 
1993 0 0 0 0 0 0 0 0 0 0 0 0 0 0 0 0 0 0 0 0 0 
1994 0 0 0 0 0 0 0 0 0 0 0 0 0 0 0 0 0 0 0 0 0 
1995 0 0 0 0 0 0 0 0 0 0 0 0 0 0 0 0 0 0 0 0 0 
1996 0 0 0 0 0 0 0 0 0 0 0 0 0 0 0 0 0 0 0 0 0 
1997 0 0 0 0 0 0 0 0 0 0 0 0 0 0 0 0 0 0 0 0 0 
1998 0 0 0 0 0 0 0 0 0 0 0 0 0 0 0 0 0 0 0 0 0 
1999 0 0 0 0 0 0 0 0 0 0 0 0 0 0 0 0 0 0 0 0 0 
2000 0 0 0 0 0 0 0 0 0 0 0 0 0 0 0 0 0 0 0 0 0 
2001 0 0 0 0 0 0 0 0 0 0 0 0 0 0 0 0 0 0 0 0 0 
2002 0 0 0 0 0 0 0 0 0 0 0 0 0 0 0 0 0 0 0 0 0 
2003 0 0 0 0 0 0 0 0 0 0 0 0 0 0 0 0 0 0 0 0 0 
2004 0 0 0 0 0 0 0 0 0 0 0 0 0 0 0 0 0 0 0 0 0 
2005 0 0 0 0 0 0 0 0 0 0 0 0 0 0 0 0 0 0 0 0 0 
2006 0 0 0 0 0 0 0 0 0 0 0 0 0 0 0 0 0 0 0 0 0 
2007 0 0 0 0 0 0 0 0 0 0 0 0 0 0 0 0 0 0 0 0 0 
2008 0 0 0 0 0 0 0 0 0 0 0 0 0 0 0 0 0 0 0 0 0 
2009 0 0 0 0 0 0 0 0 0 0 0 0 0 0 0 0 0 0 0 0 0 
2010 0 0 0 0 0 0 0 0 0 0 0 0 0 0 0 0 0 0 0 0 0 
2011 0 0 0 0 0 0 0 0 0 0 0 0 0 0 0 0 0 0 0 0 0 
2012 0 0 0 0 0 0 0 0 0 0 0 0 0 0 0 0 0 0 0 0 0 
2013 0 0 0 0 0 0 0 0 0 0 0 0 0 0 0 0 0 0 0 0 0 
end_table

