@observation HG_age_sample_sim
age_samples_per_cluster 10 
ageing_error age_error 
average_cluster_weight 6 
cluster_cv 0.6 
cluster_sigma 1.1 
fishery_label Fishing_LL 
layer_of_stratum_definitions area_definition 
max_age 20 
min_age 0 
process_label fishing 
strata_to_include HG 
type mortality_event_biomass_age_clusters 
years 1990 1991 1992 1993 1994 1995 1996 1997 1998 1999 2000 2001 2002 2003 2004 2005 2006 2007 2008 2009 2010 2011 2012 2013 
table obs
1990 0 0.00686681 0.0305249 0.0574212 0.0841541 0.124073 0.0959386 0.0724489 0.0476382 0.0380705 0.0401399 0.0325483 0.0216272 0.0160679 0.0105611 0.0212247 0.0705585 0.0488762 0.0260285 0.0405627 0.114669 
1991 0 0 0.0251618 0.081883 0.109959 0.100826 0.126935 0.106364 0.080866 0.0433294 0.0616139 0.0475542 0.0544148 0.0266492 0.0200304 0.00714599 0.0045792 0.00229595 0.0148694 0.0321929 0.0533299 
1992 0 0.0150964 0.0489939 0.062862 0.0815749 0.0686061 0.0606093 0.0687249 0.0672606 0.0998321 0.084793 0.0628866 0.0277227 0.0296101 0.020096 0.0107457 0.0101237 0.0289635 0.0195557 0.00586593 0.126077 
1993 0 0.0116319 0.00660996 0.129062 0.120093 0.125076 0.0636104 0.0770334 0.0618677 0.0485988 0.0315405 0.0488084 0.0325351 0.0191681 0.0138388 0.0089794 0.0218233 0.0137817 0.00769784 0.0283333 0.129911 
1994 0 0 0.0112438 0.0114224 0.0760909 0.0870223 0.0583535 0.0591939 0.0604308 0.0585743 0.0473995 0.042288 0.014459 0.0225262 0.0413418 0.0463289 0.0274855 0.0523521 0.0407619 0.0365832 0.206142 
1995 0 0.0209574 0.0257759 0.0254822 0.0271815 0.0790392 0.0698737 0.0752541 0.0624854 0.041906 0.0925377 0.0354195 0.0441765 0.056026 0.0239697 0.0151589 0.00926104 0.0166525 0.0294378 0.017841 0.231564 
1996 0 0.00651228 0.0724576 0.0426766 0.048381 0.0253671 0.148271 0.0662731 0.0487354 0.0662775 0.0548086 0.042783 0.064611 0.0456039 0.0519382 0.0235075 0.0243863 0.016781 0.0354456 0.00353972 0.111644 
1997 0 0.00162875 0.0255079 0.121885 0.0776634 0.0769413 0.0102493 0.0779151 0.078036 0.0828314 0.101497 0.0614737 0.0549901 0.0499573 0.013572 0.0175661 0.0413568 0.0333214 0.00266478 0 0.0709422 
1998 0 0.000803641 0.0722499 0.0840075 0.142098 0.0714614 0.0541526 0.0135896 0.110337 0.0673469 0.0498643 0.0332049 0.0231462 0.0215668 0.0161614 0.0523083 0.0204666 0.031011 0.0307803 0.0213143 0.0841289 
1999 0 0.0217275 0.0244463 0.0432937 0.162989 0.191227 0.105879 0.0824582 0.0333638 0.0784079 0.0365264 0.0316469 0.012685 0.0228652 0.0279395 0.0235133 0.00873651 0.00595891 0.00596023 0.0187474 0.061628 
2000 0 0 0.0526074 0.116616 0.0907513 0.0972738 0.12149 0.0458998 0.052868 0.00815287 0.0264366 0.0339502 0.0390532 0.0604461 0.0240307 0.027636 0.0241812 0.0253088 0.0263686 0.0199302 0.106998 
2001 0 0.00748055 0.0417393 0.184562 0.165281 0.0841821 0.0496541 0.0862105 0.0374735 0.0251802 0.0255491 0.0897522 0.0274165 0.0208364 0.0118456 0.0069365 0.00867025 0.0149998 0.00705462 0 0.105176 
2002 0 0.0319961 0.0333677 0.050675 0.274106 0.104668 0.0426275 0.0796965 0.0769221 0.0252972 0.0424915 0.00637266 0.0268544 0.0164524 0.0300533 0.0324067 0.0239707 0.0126413 0.0112122 0.00447857 0.0737104 
2003 0 0.0219134 0.0546105 0.0725516 0.0759876 0.239246 0.0994721 0.0537091 0.0637999 0.0912727 0.0193642 0.0247865 0.00381844 0.0257082 0.0348402 0.0157807 0.0245705 0.0115417 0.00887468 0.00688331 0.051269 
2004 0 0.0325229 0.0362943 0.158416 0.140617 0.116303 0.209303 0.0836119 0.0665336 0.0280175 0.0675113 0.0109151 0.0073038 0.000885661 0.0156358 0.00403106 0.00201553 0 0 0 0.0200818 
2005 0 0 0.0173718 0.0175997 0.0589226 0.0505114 0.0406341 0.0540903 0.0239302 0.0101524 0.0164053 0.0173313 0.0176538 0.356172 0 0.267352 0.00427527 0.00879579 0.00245611 0.00312271 0.0332233 
2006 0 0.00191088 0.0151606 0.113514 0.0813187 0.219497 0.163018 0.080961 0.102182 0.0685311 0.0158349 0.0177734 0.0304883 0.00342878 0.00421238 0 0.0401516 0.0321213 0 0 0.00989577 
2007 0 0.000656959 0.00158809 0.0253568 0.0379747 0.0270392 0.0383986 0.0230336 0.0200783 0.0196805 0.00506651 0.00680414 0.0101842 0.00254132 0.00311428 0.00355207 0.00522804 0.00535261 0.00145837 0.000259784 0.762632 
2008 0 0.00144072 0.0121701 0.0223788 0.0920025 0.158175 0.0850153 0.114758 0.107641 0.0624415 0.0995649 0.0727382 0.0452267 0.0134484 0.00747408 0.00237302 0.0108028 0.0121005 0.0162589 0.0238923 0.0400971 
2009 0 0.0350985 0.0303583 0.0541188 0.0368522 0.133797 0.209856 0.101509 0.136738 0.0577954 0.0300587 0.0581449 0.0208553 0.0179081 0.00884647 0.0177471 0.00834774 0.00675496 0 0.000837141 0.0343766 
2010 0 0.00299677 0.0851691 0.0566841 0.0683346 0.0242033 0.0675046 0.153965 0.0590976 0.159716 0.0822875 0.0681759 0.0494646 0.0176412 0.016447 0.0108734 0.00548356 0 0.0026593 0.00797791 0.0613187 
2011 0 0.00537465 0.0223274 0.32109 0.0609071 0.0910809 0.0341543 0.058438 0.0689087 0.0338733 0.0474272 0.023347 0.0226058 0.0388647 0.0101848 0.0124257 0.033414 0.0591519 0.00349102 0.014006 0.0389272 
2012 0 0.032321 0.0417275 0.0582924 0.250721 0.0469291 0.0532098 0.0118139 0.0513889 0.091029 0.0397137 0.086755 0.0674914 0.0214708 0.0585334 0.022645 0.00979909 0.00834398 0.00360603 0.00360603 0.0406025 
2013 0 0.0258081 0.052532 0.0562898 0.0668761 0.313105 0.0627262 0.0672946 0.0201184 0.0236814 0.0538468 0.0217931 0.0558781 0.0487962 0.0305576 0.0582969 0.0173595 0.00948547 0.0109845 0.00457079 0 
end_table
table error_values
1990 0 0 0 0 0 0 0 0 0 0 0 0 0 0 0 0 0 0 0 0 0 
1991 0 0 0 0 0 0 0 0 0 0 0 0 0 0 0 0 0 0 0 0 0 
1992 0 0 0 0 0 0 0 0 0 0 0 0 0 0 0 0 0 0 0 0 0 
1993 0 0 0 0 0 0 0 0 0 0 0 0 0 0 0 0 0 0 0 0 0 
1994 0 0 0 0 0 0 0 0 0 0 0 0 0 0 0 0 0 0 0 0 0 
1995 0 0 0 0 0 0 0 0 0 0 0 0 0 0 0 0 0 0 0 0 0 
1996 0 0 0 0 0 0 0 0 0 0 0 0 0 0 0 0 0 0 0 0 0 
1997 0 0 0 0 0 0 0 0 0 0 0 0 0 0 0 0 0 0 0 0 0 
1998 0 0 0 0 0 0 0 0 0 0 0 0 0 0 0 0 0 0 0 0 0 
1999 0 0 0 0 0 0 0 0 0 0 0 0 0 0 0 0 0 0 0 0 0 
2000 0 0 0 0 0 0 0 0 0 0 0 0 0 0 0 0 0 0 0 0 0 
2001 0 0 0 0 0 0 0 0 0 0 0 0 0 0 0 0 0 0 0 0 0 
2002 0 0 0 0 0 0 0 0 0 0 0 0 0 0 0 0 0 0 0 0 0 
2003 0 0 0 0 0 0 0 0 0 0 0 0 0 0 0 0 0 0 0 0 0 
2004 0 0 0 0 0 0 0 0 0 0 0 0 0 0 0 0 0 0 0 0 0 
2005 0 0 0 0 0 0 0 0 0 0 0 0 0 0 0 0 0 0 0 0 0 
2006 0 0 0 0 0 0 0 0 0 0 0 0 0 0 0 0 0 0 0 0 0 
2007 0 0 0 0 0 0 0 0 0 0 0 0 0 0 0 0 0 0 0 0 0 
2008 0 0 0 0 0 0 0 0 0 0 0 0 0 0 0 0 0 0 0 0 0 
2009 0 0 0 0 0 0 0 0 0 0 0 0 0 0 0 0 0 0 0 0 0 
2010 0 0 0 0 0 0 0 0 0 0 0 0 0 0 0 0 0 0 0 0 0 
2011 0 0 0 0 0 0 0 0 0 0 0 0 0 0 0 0 0 0 0 0 0 
2012 0 0 0 0 0 0 0 0 0 0 0 0 0 0 0 0 0 0 0 0 0 
2013 0 0 0 0 0 0 0 0 0 0 0 0 0 0 0 0 0 0 0 0 0 
end_table

