@observation HG_age_sample_sim
age_samples_per_cluster 10 
ageing_error age_error 
average_cluster_weight 6 
cluster_cv 0.6 
cluster_sigma 1.1 
fishery_label Fishing_LL 
layer_of_stratum_definitions area_definition 
max_age 20 
min_age 0 
process_label fishing 
strata_to_include HG 
type mortality_event_biomass_age_clusters 
years 1990 1991 1992 1993 1994 1995 1996 1997 1998 1999 2000 2001 2002 2003 2004 2005 2006 2007 2008 2009 2010 2011 2012 2013 
table obs
1990 0 0 0.0179554 0.092196 0.109944 0.0900862 0.0616829 0.0566309 0.0870209 0.0695192 0.0149856 0.048809 0.0393687 0.0294526 0.0377386 0.0486581 0.0286395 0.0332408 0.0124303 0.0117768 0.109864 
1991 0 0.00595105 0.0563074 0.107623 0.108406 0.094387 0.075237 0.0616079 0.042999 0.0643086 0.0529038 0.0449911 0.0338664 0.0424871 0.00880895 0.0400368 0.0340106 0.012562 0.0119154 0.0176079 0.083983 
1992 0 0 0.08437 0.0852218 0.129979 0.0654701 0.0584762 0.0453034 0.0343994 0.0334871 0.022205 0.0476594 0.0467992 0.0458634 0.0295358 0.0220374 0.0235982 0.0258318 0.0351585 0.0153918 0.149212 
1993 0 0.0304083 0.0161772 0.127939 0.171445 0.154151 0.076475 0.0397267 0.0453675 0.0365806 0.0419283 0.049406 0.0512667 0.0241488 0.055221 0.0330361 0.0183259 0.00561157 0.00328984 0.00281094 0.0166853 
1994 0 0.00477755 0.0110895 0.02801 0.141978 0.100522 0.0744501 0.0721957 0.0596149 0.0646059 0.0393669 0.0497854 0.0392037 0.0451941 0.0256642 0.0391 0.0332487 0.030694 0.0217331 0.0164216 0.102344 
1995 0 0.0104367 0.00828123 0.0240625 0.0392261 0.158961 0.136633 0.102663 0.0485913 0.0990153 0.0456216 0.0036575 0.00764716 0.019133 0.0329793 0.0572006 0.0396322 0.0219708 0.0389566 0.00767792 0.0976527 
1996 0 0 0.0338828 0.0520774 0.0829132 0.0310287 0.126279 0.102527 0.0759129 0.0687994 0.0805603 0.0726171 0.05736 0.033232 0.0459591 0.0408757 0.0166022 0.00628813 0.00692447 0.00479845 0.061362 
1997 0 0.00287465 0.0490149 0.110803 0.0750303 0.0606206 0.0301812 0.0836216 0.0746196 0.0527319 0.0527585 0.0576129 0.0221926 0.0351797 0.0461631 0.0411509 0.0198577 0.0254874 0.0244745 0.0103447 0.12528 
1998 0 0.00727453 0.0262375 0.0626552 0.176399 0.0601816 0.0857044 0.0368365 0.107044 0.0570831 0.0512216 0.0370348 0.0153447 0.0346044 0.0184721 0.019983 0.00910745 0.0135894 0.0116914 0.0268394 0.142696 
1999 0 0.0243416 0.0562085 0.0647707 0.123098 0.179356 0.081165 0.0771032 0.0210076 0.0587705 0.0578935 0.0386391 0.0411881 0.0328821 0.019064 0.00759309 0.00474081 0.00235017 0.000993217 0.00413758 0.104697 
2000 0 0.00956189 0.112349 0.0912642 0.0974425 0.105701 0.122381 0.0449328 0.0413486 0.0113914 0.0189792 0.0526428 0.0545784 0.01967 0.0435927 0.0283019 0.0177351 0.0156448 0.0208241 0.00616277 0.0854956 
2001 0 0.0285351 0.0489859 0.164515 0.0896817 0.042517 0.0460284 0.0609811 0.0293833 0.0263924 0.0220195 0.0523326 0.045791 0.0292616 0.0282576 0.0434318 0.015179 0.0103933 0.00372908 0.0105778 0.202007 
2002 0 0.0134042 0.0480208 0.0426314 0.189538 0.0851445 0.043046 0.0565032 0.0666465 0.0483966 0.0659975 0.0255679 0.0323058 0.0322139 0.0202267 0.00807111 0.00880058 0.0337356 0.0249702 0.0118569 0.142922 
2003 0 0.0222941 0.0745325 0.0915582 0.0877483 0.241038 0.0683525 0.0295218 0.0348095 0.0477752 0.0133792 0.0305643 0.00155453 0.0161604 0.0153024 0.0205416 0.0197513 0.0109778 0.0156064 0.0305079 0.128024 
2004 0 0.0631068 0.0441961 0.153142 0.169278 0.123487 0.212371 0.0505024 0.0248766 0.0290427 0.0153288 0.0110349 0.0172524 0.00358348 0.00944789 0.00577388 0.00309235 0.00154618 0 0.00153889 0.0613979 
2005 0 0.00627526 0.0379402 0.07582 0.180148 0.0740118 0.0640749 0.0870585 0.0365376 0.0148686 0.0392724 0.0553784 0.0377048 0.0599786 0.00500674 0.0932433 0.0274441 0.0230662 0.013553 0.0117186 0.0568989 
2006 0 0 0.0225295 0.0792496 0.0583126 0.151456 0.15231 0.105783 0.132905 0.0562097 0.0099593 0.019464 0.0896305 0.00409164 0.00847102 0 0.0179559 0.0112836 0.00564181 0 0.0747468 
2007 0 0.000792828 0.000527243 0.00404452 0.0180101 0.00704818 0.0129627 0.00928617 0.00688027 0.00955577 0.00241698 0.00126158 0.00141037 0.000653841 9.08809e-005 4.54404e-005 0.000453925 0.000510606 0.000484365 0.0014531 0.922111 
2008 0 0.00734605 0.0140433 0.0268109 0.0887063 0.138117 0.090682 0.157567 0.0995366 0.0521889 0.0905902 0.0212375 0.0116522 0.008279 0.0212757 0.00761529 0.0115465 0 0.0258607 0.0207726 0.106172 
2009 0 0.0409519 0.00941393 0.0629143 0.0135863 0.164737 0.196647 0.0697207 0.0789007 0.0571058 0.0326514 0.096008 0.0248066 0.0215544 0.02306 0.048917 0.0180198 0.0114548 0.00923567 0.0121891 0.0081261 
2010 0 0.0221296 0.113146 0.0775796 0.117649 0.0315257 0.080477 0.157126 0.0776966 0.111852 0.0489841 0.0527455 0.0467883 0.0309284 0.00393225 0.0100958 0.0173446 0 0 0 0 
2011 0 0.00355283 0.027126 0.169821 0.0675149 0.0644609 0.0273014 0.0784882 0.144846 0.0484272 0.0846174 0.033071 0.015321 0.0295922 0.0217609 0.0117769 0.00957057 0.00555527 0.0110795 0.00676717 0.13935 
2012 0 0.0280998 0.0209567 0.0431733 0.348884 0.0534779 0.0774489 0.0210287 0.038582 0.0862521 0.03581 0.0448456 0.0434588 0.0321393 0.0489951 0.00793705 0.0268816 0.00535664 0.00838205 0 0.0282907 
2013 0 0.0183943 0.0696464 0.065504 0.0708622 0.245067 0.045279 0.0724077 0.0218637 0.083255 0.0732921 0.0156791 0.0648884 0.010434 0.0171904 0.0534977 0.0163416 0 0 0 0.0563969 
end_table
table error_values
1990 0 0 0 0 0 0 0 0 0 0 0 0 0 0 0 0 0 0 0 0 0 
1991 0 0 0 0 0 0 0 0 0 0 0 0 0 0 0 0 0 0 0 0 0 
1992 0 0 0 0 0 0 0 0 0 0 0 0 0 0 0 0 0 0 0 0 0 
1993 0 0 0 0 0 0 0 0 0 0 0 0 0 0 0 0 0 0 0 0 0 
1994 0 0 0 0 0 0 0 0 0 0 0 0 0 0 0 0 0 0 0 0 0 
1995 0 0 0 0 0 0 0 0 0 0 0 0 0 0 0 0 0 0 0 0 0 
1996 0 0 0 0 0 0 0 0 0 0 0 0 0 0 0 0 0 0 0 0 0 
1997 0 0 0 0 0 0 0 0 0 0 0 0 0 0 0 0 0 0 0 0 0 
1998 0 0 0 0 0 0 0 0 0 0 0 0 0 0 0 0 0 0 0 0 0 
1999 0 0 0 0 0 0 0 0 0 0 0 0 0 0 0 0 0 0 0 0 0 
2000 0 0 0 0 0 0 0 0 0 0 0 0 0 0 0 0 0 0 0 0 0 
2001 0 0 0 0 0 0 0 0 0 0 0 0 0 0 0 0 0 0 0 0 0 
2002 0 0 0 0 0 0 0 0 0 0 0 0 0 0 0 0 0 0 0 0 0 
2003 0 0 0 0 0 0 0 0 0 0 0 0 0 0 0 0 0 0 0 0 0 
2004 0 0 0 0 0 0 0 0 0 0 0 0 0 0 0 0 0 0 0 0 0 
2005 0 0 0 0 0 0 0 0 0 0 0 0 0 0 0 0 0 0 0 0 0 
2006 0 0 0 0 0 0 0 0 0 0 0 0 0 0 0 0 0 0 0 0 0 
2007 0 0 0 0 0 0 0 0 0 0 0 0 0 0 0 0 0 0 0 0 0 
2008 0 0 0 0 0 0 0 0 0 0 0 0 0 0 0 0 0 0 0 0 0 
2009 0 0 0 0 0 0 0 0 0 0 0 0 0 0 0 0 0 0 0 0 0 
2010 0 0 0 0 0 0 0 0 0 0 0 0 0 0 0 0 0 0 0 0 0 
2011 0 0 0 0 0 0 0 0 0 0 0 0 0 0 0 0 0 0 0 0 0 
2012 0 0 0 0 0 0 0 0 0 0 0 0 0 0 0 0 0 0 0 0 0 
2013 0 0 0 0 0 0 0 0 0 0 0 0 0 0 0 0 0 0 0 0 0 
end_table

