@observation HG_age_sample_sim
age_samples_per_cluster 10 
ageing_error age_error 
average_cluster_weight 6 
cluster_cv 0.6 
cluster_sigma 1.1 
fishery_label Fishing_LL 
layer_of_stratum_definitions area_definition 
process_label fishing 
strata_to_include HG 
type mortality_event_biomass_age_clusters 
years 1990 1991 1992 1993 1994 1995 1996 1997 1998 1999 2000 2001 2002 2003 2004 2005 2006 2007 2008 2009 2010 2011 2012 2013 
table obs
1990 0 0 0 0.0852345 0.153183 0.237326 0.257494 0.0889208 0.0755499 0.102292 0 0 0 0 0 0 0 0 0 0 0 0 0 0 0 0 0 0 0 0 
1991 0 0.117426 0.098763 0.165473 0.136089 0.108148 0.0869932 0.0107203 0.0736423 0.0294569 0.0323461 0 0.0176177 0.0352353 0.0352353 0.0352353 0.0176177 0 0 0 0 0 0 0 0 0 0 0 0 0 
1992 0.14138 0 0.0576757 0.0691262 0.0172815 0.0345631 0.173098 0.185722 0.125029 0.0738808 0.122244 0 0 0 0 0 0 0 0 0 0 0 0 0 0 0 0 0 0 0 
1993 0 0 0.0246197 0.127775 0.212926 0.102901 0.190899 0.0243652 0 0 0 0 0.107621 0.0269054 0.0538107 0.0269054 0.0269054 0.00826281 0.0578397 0.00826281 0 0 0 0 0 0 0 0 0 0 
1994 0.0200472 0 0.195515 0.0468493 0.284914 0.143366 0.147001 0.040587 0 0 0 0 0 0.0135245 0.0270491 0.0405736 0.0135245 0.0270491 0 0 0 0 0 0 0 0 0 0 0 0 
1995 0.0785994 0.0112285 0.0304558 0.240637 0 0.0868187 0.0289396 0.0289396 0.0289396 0 0 0.0228961 0.0457922 0.149224 0.18989 0.0576392 0 0 0 0 0 0 0 0 0 0 0 0 0 0 
1996 0 0 0.244103 0.0581883 0.115586 0.128445 0.0226283 0.0863476 0.169212 0.15738 0.00905478 0 0.00905478 0 0 0 0 0 0 0 0 0 0 0 0 0 0 0 0 0 
1997 0.187232 0.0334576 0.155039 0.281438 0.0528872 0.0528872 0 0 0.0263399 0.0526797 0.0526797 0.0526797 0.0263399 0.0263399 0 0 0 0 0 0 0 0 0 0 0 0 0 0 0 0 
1998 0.089995 0.0877831 0.0809611 0.223052 0.216684 0.217523 0.0615035 0.0224987 0 0 0 0 0 0 0 0 0 0 0 0 0 0 0 0 0 0 0 0 0 0 
1999 0.0453061 0.25331 0.339904 0.0525583 0.152597 0.156324 0 0 0 0 0 0 0 0 0 0 0 0 0 0 0 0 0 0 0 0 0 0 0 0 
2000 0.289026 0.122483 0.0772547 0 0.056804 0.227216 0.056804 0.056804 0.113608 0 0 0 0 0 0 0 0 0 0 0 0 0 0 0 0 0 0 0 0 0 
2001 0.196155 0.142513 0.179159 0.281035 0.0589748 0 0 0 0 0 0 0 0 0 0.0157959 0.0157959 0.0157959 0 0.0157959 0 0.0157959 0.0315918 0.0315918 0 0 0 0 0 0 0 
2002 0 0.283878 0.229518 0.138817 0.288635 0.0591529 0 0 0 0 0 0 0 0 0 0 0 0 0 0 0 0 0 0 0 0 0 0 0 0 
2003 0.112001 0.182296 0.0548222 0.283198 0.156783 0.159259 0.0103279 0.0206558 0.0206558 0 0 0 0 0 0 0 0 0 0 0 0 0 0 0 0 0 0 0 0 0 
2004 0.727614 0.117965 0.0281691 0.056112 0.014028 0 0.056112 0 0 0 0 0 0 0 0 0 0 0 0 0 0 0 0 0 0 0 0 0 0 0 
2005 0 0.0865559 0.326467 0.178807 0.40817 0 0 0 0 0 0 0 0 0 0 0 0 0 0 0 0 0 0 0 0 0 0 0 0 0 
2006 0.00956049 0.00956049 0.111928 0.164774 0.01332 0.550086 0.0729281 0 0.0678433 0 0 0 0 0 0 0 0 0 0 0 0 0 0 0 0 0 0 0 0 0 
2007 0.0426968 0.149439 0 0 0.0798625 0.0676308 0.262947 0.343725 0.0379156 0.0157837 0 0 0 0 0 0 0 0 0 0 0 0 0 0 0 0 0 0 0 0 
2008 0.523835 0.112412 0 0 0 0.0702142 0.0340245 0.208478 0.0510368 0 0 0 0 0 0 0 0 0 0 0 0 0 0 0 0 0 0 0 0 0 
2009 0.0145384 0.317919 0.11815 0.0900212 0.0454748 0.1472 0.0684251 0.0576495 0.0576495 0.0829723 0 0 0 0 0 0 0 0 0 0 0 0 0 0 0 0 0 0 0 0 
2010 0 0 0.671877 0.135123 0.017684 0 0 0.0779182 0.0194795 0.0779182 0 0 0 0 0 0 0 0 0 0 0 0 0 0 0 0 0 0 0 0 
2011 0.174991 0.0164728 0.0586678 0.116164 0.0486946 0.130538 0.0331489 0.0994468 0 0.0541801 0.267696 0 0 0 0 0 0 0 0 0 0 0 0 0 0 0 0 0 0 0 
2012 0.168083 0.110934 0.0654387 0.120039 0.0943661 0.0314554 0.125821 0 0 0 0.0630806 0.157701 0.0315403 0 0.0315403 0 0 0 0 0 0 0 0 0 0 0 0 0 0 0 
2013 0.0166147 0.0664589 0.0501266 0.083356 0.0791525 0.615729 0.088562 0 0 0 0 0 0 0 0 0 0 0 0 0 0 0 0 0 0 0 0 0 0 0 
end_table
table error_values
1990 0 0 0 0 0 0 0 0 0 0 0 0 0 0 0 0 0 0 0 0 0 0 0 0 0 0 0 0 0 0 
1991 0 0 0 0 0 0 0 0 0 0 0 0 0 0 0 0 0 0 0 0 0 0 0 0 0 0 0 0 0 0 
1992 0 0 0 0 0 0 0 0 0 0 0 0 0 0 0 0 0 0 0 0 0 0 0 0 0 0 0 0 0 0 
1993 0 0 0 0 0 0 0 0 0 0 0 0 0 0 0 0 0 0 0 0 0 0 0 0 0 0 0 0 0 0 
1994 0 0 0 0 0 0 0 0 0 0 0 0 0 0 0 0 0 0 0 0 0 0 0 0 0 0 0 0 0 0 
1995 0 0 0 0 0 0 0 0 0 0 0 0 0 0 0 0 0 0 0 0 0 0 0 0 0 0 0 0 0 0 
1996 0 0 0 0 0 0 0 0 0 0 0 0 0 0 0 0 0 0 0 0 0 0 0 0 0 0 0 0 0 0 
1997 0 0 0 0 0 0 0 0 0 0 0 0 0 0 0 0 0 0 0 0 0 0 0 0 0 0 0 0 0 0 
1998 0 0 0 0 0 0 0 0 0 0 0 0 0 0 0 0 0 0 0 0 0 0 0 0 0 0 0 0 0 0 
1999 0 0 0 0 0 0 0 0 0 0 0 0 0 0 0 0 0 0 0 0 0 0 0 0 0 0 0 0 0 0 
2000 0 0 0 0 0 0 0 0 0 0 0 0 0 0 0 0 0 0 0 0 0 0 0 0 0 0 0 0 0 0 
2001 0 0 0 0 0 0 0 0 0 0 0 0 0 0 0 0 0 0 0 0 0 0 0 0 0 0 0 0 0 0 
2002 0 0 0 0 0 0 0 0 0 0 0 0 0 0 0 0 0 0 0 0 0 0 0 0 0 0 0 0 0 0 
2003 0 0 0 0 0 0 0 0 0 0 0 0 0 0 0 0 0 0 0 0 0 0 0 0 0 0 0 0 0 0 
2004 0 0 0 0 0 0 0 0 0 0 0 0 0 0 0 0 0 0 0 0 0 0 0 0 0 0 0 0 0 0 
2005 0 0 0 0 0 0 0 0 0 0 0 0 0 0 0 0 0 0 0 0 0 0 0 0 0 0 0 0 0 0 
2006 0 0 0 0 0 0 0 0 0 0 0 0 0 0 0 0 0 0 0 0 0 0 0 0 0 0 0 0 0 0 
2007 0 0 0 0 0 0 0 0 0 0 0 0 0 0 0 0 0 0 0 0 0 0 0 0 0 0 0 0 0 0 
2008 0 0 0 0 0 0 0 0 0 0 0 0 0 0 0 0 0 0 0 0 0 0 0 0 0 0 0 0 0 0 
2009 0 0 0 0 0 0 0 0 0 0 0 0 0 0 0 0 0 0 0 0 0 0 0 0 0 0 0 0 0 0 
2010 0 0 0 0 0 0 0 0 0 0 0 0 0 0 0 0 0 0 0 0 0 0 0 0 0 0 0 0 0 0 
2011 0 0 0 0 0 0 0 0 0 0 0 0 0 0 0 0 0 0 0 0 0 0 0 0 0 0 0 0 0 0 
2012 0 0 0 0 0 0 0 0 0 0 0 0 0 0 0 0 0 0 0 0 0 0 0 0 0 0 0 0 0 0 
2013 0 0 0 0 0 0 0 0 0 0 0 0 0 0 0 0 0 0 0 0 0 0 0 0 0 0 0 0 0 0 
end_table

