@observation HG_age_sample_sim
age_samples_per_cluster 10 
ageing_error age_error 
average_cluster_weight 6 
cluster_cv 0.6 
cluster_sigma 1.1 
fishery_label Fishing_LL 
layer_of_stratum_definitions area_definition 
max_age 20 
min_age 0 
process_label fishing 
strata_to_include HG 
type mortality_event_biomass_age_clusters 
years 1990 1991 1992 1993 1994 1995 1996 1997 1998 1999 2000 2001 2002 2003 2004 2005 2006 2007 2008 2009 2010 2011 2012 2013 
table obs
1990 0 0 0.0206062 0.0728162 0.078355 0.0864283 0.106155 0.0830185 0.0941367 0.0797771 0.076303 0.0481586 0.0504952 0.0251102 0.0418864 0.0309613 0.0158414 0.00690839 0.00159973 0.0033532 0.0780892 
1991 0 0.00797189 0.0440858 0.089694 0.100194 0.121908 0.059382 0.075782 0.0408283 0.0431748 0.0326286 0.0380427 0.0352826 0.0435453 0.0551872 0.0455411 0.0426304 0.0278228 0.0135889 0.0162648 0.0664455 
1992 0 0 0.00641499 0.0747733 0.130131 0.126038 0.132988 0.0937935 0.0563314 0.0318134 0.0297569 0.0230987 0.0304322 0.0196298 0.0310722 0.0365792 0.025604 0.0381927 0.0376242 0.0272583 0.0484686 
1993 0 0 0.000343283 0.0517354 0.101427 0.0922685 0.0786539 0.105931 0.0503771 0.0668832 0.0483644 0.0159005 0.0535129 0.0403371 0.048535 0.0272718 0.0434492 0.0301873 0.023533 0.0167902 0.104499 
1994 0 0.00112946 0.00839563 0.0160544 0.0729579 0.100262 0.0973461 0.0979738 0.0605142 0.0528702 0.0541323 0.0611136 0.0429899 0.0557599 0.0352079 0.0482216 0.0363716 0.0150181 0.00837568 0.00693016 0.128376 
1995 0 0.00379714 0.00595433 0.0403089 0.0449953 0.12692 0.0894306 0.0554175 0.0566684 0.0603627 0.0444544 0.0447119 0.0430976 0.041375 0.0439752 0.0668176 0.0241451 0.0192047 0.00750748 0.00447751 0.176379 
1996 0 0.00473267 0.0483302 0.0708515 0.0820295 0.0494402 0.1875 0.0633248 0.0533454 0.0482422 0.0193768 0.023741 0.0463733 0.0407145 0.0173514 0.0109623 0.0130037 0.00729826 0.0184644 0.0378861 0.157032 
1997 0 0.000880068 0.0118978 0.106276 0.0488833 0.0508773 0.0183602 0.112818 0.0426828 0.054847 0.0503649 0.053382 0.0317941 0.0479426 0.0284587 0.0480659 0.0256767 0.0451234 0.0203317 0.0242533 0.177084 
1998 0 0.00546657 0.0235192 0.0485012 0.0529816 0.0160894 0.0588761 0.0227187 0.10367 0.121337 0.106105 0.0862437 0.0498907 0.027779 0.0389565 0.0205675 0.0324358 0.0284409 0.015222 0.00955689 0.131641 
1999 0 0.0361028 0.0718585 0.0486011 0.108299 0.203154 0.0546041 0.0492639 0.0165041 0.066288 0.0436377 0.0350378 0.0200091 0.0174279 0.0429927 0.061279 0.00806348 0.0088863 0.0142963 0.0218263 0.0718685 
2000 0 0.0520704 0.158895 0.0960779 0.0661958 0.0947818 0.106221 0.0232874 0.0615129 0.0158325 0.042218 0.0207052 0.0139898 0.00967112 0.0241033 0.0087737 0.0108029 0.0181245 0.00826673 0.00644394 0.162026 
2001 0 0.0114974 0.0621124 0.292958 0.153719 0.0683054 0.0693133 0.052969 0.0173997 0.0378701 0.0156868 0.0330519 0.0362206 0.0431657 0.0276529 0.0194456 0.00747552 0.0104876 0.00499535 0.010784 0.024889 
2002 0 0.0299967 0.0371538 0.0818242 0.267389 0.0790824 0.0413739 0.0662573 0.125913 0.0522802 0.0410398 0.0109582 0.0155245 0.0186126 0.0232283 0.0104356 0.0211173 0.0206666 0.0163637 0.0138238 0.0269587 
2003 0 0.0179646 0.0702797 0.0840146 0.0898079 0.186296 0.070617 0.0645273 0.0853604 0.0773135 0.0281701 0.018289 0.00720417 0.0382834 0.0307131 0.0275266 0.00670716 0.00638024 0.0126066 0.0058317 0.0721071 
2004 0 0.032769 0.0291202 0.138694 0.164965 0.158553 0.187153 0.0566564 0.0343912 0.0184302 0.0141206 0.0116089 0.0203272 0.00309572 0.0100748 0.0119279 0.00613286 0.00311215 0.0219229 0.0134745 0.0634701 
2005 0 0.0155859 0.0488053 0.0595462 0.147448 0.103401 0.0793415 0.222238 0.0404867 0.0276782 0.0352257 0.0301413 0.0328859 0.0268321 0.00886039 0.0408657 0.0148758 0.0167177 0.00835004 0.00526378 0.0354504 
2006 0 0 0.0243766 0.0858782 0.0884965 0.203962 0.111872 0.0717583 0.0995899 0.0339701 0.0196015 0.0409505 0.00957865 0.0142217 0.00866698 0.00225005 0.0271819 0.0264002 0.0372628 0.0200501 0.0739317 
2007 0 0.000915002 0.000691903 0.00814999 0.0307448 0.016724 0.0150788 0.00960968 0.00599498 0.0112721 0.00491536 0.00314742 0.00530014 0.0014458 0.000679813 0.000534954 0.000188283 0.00373699 0.00484315 0.00685147 0.869175 
2008 0 0.00970281 0.0186223 0.0187372 0.095197 0.15398 0.0607818 0.115271 0.0731512 0.0627693 0.138273 0.0357087 0.0285593 0.0335757 0.0261667 0.00655932 0.0147555 0.000988396 0.00249695 0.00400132 0.100702 
2009 0 0.0225129 0.0213865 0.0796744 0.048256 0.121064 0.175145 0.053714 0.086763 0.0476259 0.0188366 0.0365286 0.0438369 0.0278215 0.0237956 0.0252825 0.0197255 0.0188776 0.00149958 0.0420446 0.0856085 
2010 0 0.00481163 0.125018 0.0473705 0.0980643 0.0151384 0.111186 0.113254 0.0623985 0.0885697 0.0737766 0.0289258 0.106836 0.0199924 0.0112058 0.0100879 0.00758698 0.000517046 0 0 0.0752592 
2011 0 0.0167368 0.0374002 0.299238 0.0709846 0.0820888 0.017973 0.0869421 0.0874698 0.0468196 0.0510565 0.0678127 0.0419024 0.0308832 0.0223079 0.00314245 0.0062849 0 0 0 0.0309572 
2012 0 0.0148289 0.00911228 0.0469908 0.363218 0.0505421 0.0575237 0.0254451 0.0532479 0.151097 0.039085 0.0449762 0.0192604 0.0257165 0.0254383 0.0368995 0 0.00159096 0.00159096 0.00835804 0.0250786 
2013 0 0.0192878 0.0698032 0.073366 0.111677 0.265136 0.0378591 0.0383156 0.00854569 0.0297836 0.0724544 0.0200324 0.0666026 0.0463712 0.0202607 0.0271854 0.00284371 0.00724365 0.0139119 0.00505343 0.0642659 
end_table
table error_values
1990 0 0 0 0 0 0 0 0 0 0 0 0 0 0 0 0 0 0 0 0 0 
1991 0 0 0 0 0 0 0 0 0 0 0 0 0 0 0 0 0 0 0 0 0 
1992 0 0 0 0 0 0 0 0 0 0 0 0 0 0 0 0 0 0 0 0 0 
1993 0 0 0 0 0 0 0 0 0 0 0 0 0 0 0 0 0 0 0 0 0 
1994 0 0 0 0 0 0 0 0 0 0 0 0 0 0 0 0 0 0 0 0 0 
1995 0 0 0 0 0 0 0 0 0 0 0 0 0 0 0 0 0 0 0 0 0 
1996 0 0 0 0 0 0 0 0 0 0 0 0 0 0 0 0 0 0 0 0 0 
1997 0 0 0 0 0 0 0 0 0 0 0 0 0 0 0 0 0 0 0 0 0 
1998 0 0 0 0 0 0 0 0 0 0 0 0 0 0 0 0 0 0 0 0 0 
1999 0 0 0 0 0 0 0 0 0 0 0 0 0 0 0 0 0 0 0 0 0 
2000 0 0 0 0 0 0 0 0 0 0 0 0 0 0 0 0 0 0 0 0 0 
2001 0 0 0 0 0 0 0 0 0 0 0 0 0 0 0 0 0 0 0 0 0 
2002 0 0 0 0 0 0 0 0 0 0 0 0 0 0 0 0 0 0 0 0 0 
2003 0 0 0 0 0 0 0 0 0 0 0 0 0 0 0 0 0 0 0 0 0 
2004 0 0 0 0 0 0 0 0 0 0 0 0 0 0 0 0 0 0 0 0 0 
2005 0 0 0 0 0 0 0 0 0 0 0 0 0 0 0 0 0 0 0 0 0 
2006 0 0 0 0 0 0 0 0 0 0 0 0 0 0 0 0 0 0 0 0 0 
2007 0 0 0 0 0 0 0 0 0 0 0 0 0 0 0 0 0 0 0 0 0 
2008 0 0 0 0 0 0 0 0 0 0 0 0 0 0 0 0 0 0 0 0 0 
2009 0 0 0 0 0 0 0 0 0 0 0 0 0 0 0 0 0 0 0 0 0 
2010 0 0 0 0 0 0 0 0 0 0 0 0 0 0 0 0 0 0 0 0 0 
2011 0 0 0 0 0 0 0 0 0 0 0 0 0 0 0 0 0 0 0 0 0 
2012 0 0 0 0 0 0 0 0 0 0 0 0 0 0 0 0 0 0 0 0 0 
2013 0 0 0 0 0 0 0 0 0 0 0 0 0 0 0 0 0 0 0 0 0 
end_table

