@observation HG_age_sample_sim
age_samples_per_cluster 10 
ageing_error age_error 
average_cluster_weight 6 
cluster_cv 0.6 
cluster_sigma 1.1 
fishery_label Fishing_LL 
layer_of_stratum_definitions area_definition 
process_label fishing 
strata_to_include HG 
type mortality_event_biomass_age_clusters 
years 1990 1991 1992 1993 1994 1995 1996 1997 1998 1999 2000 2001 2002 2003 2004 2005 2006 2007 2008 2009 2010 2011 2012 2013 
table obs
1990 0.0718666 0.0956826 0.115043 0.0367231 0.0431766 0.0302695 0 0.0714479 0.023816 0.0222865 0.0222865 0.044573 0.0111432 0 0 0 0 0 0 0.0457428 0.182971 0.0914856 0.0914856 0 0 0 0 0 0 0 0 0 0 0 0 0 0 0 0 0 
1991 0 0 0 0.032972 0.0219813 0.0219813 0.0354542 0.0755938 0.0393495 0.0400333 0.0296655 0.0139895 0 0 0 0 0 0 0 0 0 0 0 0 0 0 0 0 0 0.0765533 0.22966 0.153107 0 0.153107 0 0.0765533 0 0 0 0 
1992 0.0919077 0.0150283 0.121095 0.197165 0.0656122 0.194735 0.027172 0.087725 0.0259072 0.0129536 0 0.0459141 0.0918282 0.022957 0 0 0 0 0 0 0 0 0 0 0 0 0 0 0 0 0 0 0 0 0 0 0 0 0 0 
1993 0.215035 0.215035 0.0537587 0.0560173 0 0 0.0155242 0.0309287 0.123954 0.0619172 0.0960831 0.0713278 0 0.0604192 0 0 0 0 0 0 0 0 0 0 0 0 0 0 0 0 0 0 0 0 0 0 0 0 0 0 
1994 0 0 0.0661178 0.0495883 0.187198 0.0924832 0.0703513 0.170562 0.075988 0.0209378 0 0.0296416 0.0889247 0.118566 0.0296416 0 0 0 0 0 0 0 0 0 0 0 0 0 0 0 0 0 0 0 0 0 0 0 0 0 
1995 0.127157 0.110215 0.135628 0.0695175 0 0.0777777 0.0388888 0 0 0.0622158 0.0622158 0.124432 0.0311079 0.0178716 0.0357432 0.0714865 0.0357432 0 0 0 0 0 0 0 0 0 0 0 0 0 0 0 0 0 0 0 0 0 0 0 
1996 0.188683 0.078419 0.155644 0 0.0542002 0.1084 0 0 0 0 0.0844756 0.0281585 0.112634 0.0281585 0 0 0 0 0 0.0179141 0.0716563 0.0179141 0.0537422 0 0 0 0 0 0 0 0 0 0 0 0 0 0 0 0 0 
1997 0.0950441 0.175725 0.0854686 0.0854686 0 0.0854686 0 0 0.036987 0.109684 0 0.0771618 0.0184935 0.0216812 0 0 0 0 0 0 0 0 0 0 0 0 0.069606 0.092808 0.046404 0 0 0 0 0 0 0 0 0 0 0 
1998 0.37103 0.0417774 0 0.0716159 0.199928 0.0149192 0.0374904 0.0225712 0.0112856 0.0112856 0.0112856 0.0225712 0 0 0.0409422 0 0.0204711 0.0204711 0.102356 0 0 0 0 0 0 0 0 0 0 0 0 0 0 0 0 0 0 0 0 0 
1999 0 0.161448 0.0461279 0.0274309 0.216063 0.117989 0.0291334 0.071131 0.0145667 0.0291334 0.0145667 0.0302679 0 0.121072 0.121072 0 0 0 0 0 0 0 0 0 0 0 0 0 0 0 0 0 0 0 0 0 0 0 0 0 
2000 0.0950481 0.143005 0.445787 0.225817 0.0903435 0 0 0 0 0 0 0 0 0 0 0 0 0 0 0 0 0 0 0 0 0 0 0 0 0 0 0 0 0 0 0 0 0 0 0 
2001 0.114049 0.139193 0.0585934 0.378076 0.0561465 0.0124556 0.0896466 0.0921041 0.0199121 0.0398242 0 0 0 0 0 0 0 0 0 0 0 0 0 0 0 0 0 0 0 0 0 0 0 0 0 0 0 0 0 0 
2002 0.0414706 0.0407935 0.0490876 0.0245438 0.432704 0.101503 0.10904 0.0403111 0 0 0 0 0 0.0535155 0.0535155 0.0535155 0 0 0 0 0 0 0 0 0 0 0 0 0 0 0 0 0 0 0 0 0 0 0 0 
2003 0.249097 0.158988 0.286808 0.27412 0.0309876 0 0 0 0 0 0 0 0 0 0 0 0 0 0 0 0 0 0 0 0 0 0 0 0 0 0 0 0 0 0 0 0 0 0 0 
2004 0 0.0538511 0 0.356157 0.198356 0.0584607 0.299429 0.033747 0 0 0 0 0 0 0 0 0 0 0 0 0 0 0 0 0 0 0 0 0 0 0 0 0 0 0 0 0 0 0 0 
2005 0 0.0555245 0.194568 0.300596 0.29374 0 0.0172857 0.0518571 0.0518571 0.0172857 0.0172857 0 0 0 0 0 0 0 0 0 0 0 0 0 0 0 0 0 0 0 0 0 0 0 0 0 0 0 0 0 
2006 0.0833819 0.0116353 0.0959867 0.267734 0.146678 0.153385 0.153973 0.0232706 0.0639552 0 0 0 0 0 0 0 0 0 0 0 0 0 0 0 0 0 0 0 0 0 0 0 0 0 0 0 0 0 0 0 
2007 0.143314 0.0463241 0 0.0413129 0.0999727 0.230109 0.369375 0.0695927 0 0 0 0 0 0 0 0 0 0 0 0 0 0 0 0 0 0 0 0 0 0 0 0 0 0 0 0 0 0 0 0 
2008 0.114191 0 0.0199076 0.0537656 0.308643 0.0677161 0.033858 0.00965561 0.00965561 0.105006 0.232943 0.0446576 0 0 0 0 0 0 0 0 0 0 0 0 0 0 0 0 0 0 0 0 0 0 0 0 0 0 0 0 
2009 0.0380366 0.254721 0.151991 0.0427007 0 0.17472 0.103846 0.0368898 0 0 0.0656979 0.131396 0 0 0 0 0 0 0 0 0 0 0 0 0 0 0 0 0 0 0 0 0 0 0 0 0 0 0 0 
2010 0.118109 0.135885 0.636586 0.0810678 0.0283522 0 0 0 0 0 0 0 0 0 0 0 0 0 0 0 0 0 0 0 0 0 0 0 0 0 0 0 0 0 0 0 0 0 0 0 
2011 0.492235 0.244502 0 0.0111637 0 0 0 0 0 0 0 0.0560221 0.112044 0.0560221 0.0280111 0 0 0 0 0 0 0 0 0 0 0 0 0 0 0 0 0 0 0 0 0 0 0 0 0 
2012 0.0524699 0.134662 0.0139499 0.0970427 0.559674 0 0 0 0.0158001 0.0158001 0.0158001 0.0158001 0.0158001 0.0158001 0.0474004 0 0 0 0 0 0 0 0 0 0 0 0 0 0 0 0 0 0 0 0 0 0 0 0 0 
2013 0.187257 0.184858 0.124285 0.0357641 0.0715282 0.214585 0 0.0201914 0 0.0807655 0.0605741 0.0201914 0 0 0 0 0 0 0 0 0 0 0 0 0 0 0 0 0 0 0 0 0 0 0 0 0 0 0 0 
end_table
table error_values
1990 0 0 0 0 0 0 0 0 0 0 0 0 0 0 0 0 0 0 0 0 0 0 0 0 0 0 0 0 0 0 0 0 0 0 0 0 0 0 0 0 
1991 0 0 0 0 0 0 0 0 0 0 0 0 0 0 0 0 0 0 0 0 0 0 0 0 0 0 0 0 0 0 0 0 0 0 0 0 0 0 0 0 
1992 0 0 0 0 0 0 0 0 0 0 0 0 0 0 0 0 0 0 0 0 0 0 0 0 0 0 0 0 0 0 0 0 0 0 0 0 0 0 0 0 
1993 0 0 0 0 0 0 0 0 0 0 0 0 0 0 0 0 0 0 0 0 0 0 0 0 0 0 0 0 0 0 0 0 0 0 0 0 0 0 0 0 
1994 0 0 0 0 0 0 0 0 0 0 0 0 0 0 0 0 0 0 0 0 0 0 0 0 0 0 0 0 0 0 0 0 0 0 0 0 0 0 0 0 
1995 0 0 0 0 0 0 0 0 0 0 0 0 0 0 0 0 0 0 0 0 0 0 0 0 0 0 0 0 0 0 0 0 0 0 0 0 0 0 0 0 
1996 0 0 0 0 0 0 0 0 0 0 0 0 0 0 0 0 0 0 0 0 0 0 0 0 0 0 0 0 0 0 0 0 0 0 0 0 0 0 0 0 
1997 0 0 0 0 0 0 0 0 0 0 0 0 0 0 0 0 0 0 0 0 0 0 0 0 0 0 0 0 0 0 0 0 0 0 0 0 0 0 0 0 
1998 0 0 0 0 0 0 0 0 0 0 0 0 0 0 0 0 0 0 0 0 0 0 0 0 0 0 0 0 0 0 0 0 0 0 0 0 0 0 0 0 
1999 0 0 0 0 0 0 0 0 0 0 0 0 0 0 0 0 0 0 0 0 0 0 0 0 0 0 0 0 0 0 0 0 0 0 0 0 0 0 0 0 
2000 0 0 0 0 0 0 0 0 0 0 0 0 0 0 0 0 0 0 0 0 0 0 0 0 0 0 0 0 0 0 0 0 0 0 0 0 0 0 0 0 
2001 0 0 0 0 0 0 0 0 0 0 0 0 0 0 0 0 0 0 0 0 0 0 0 0 0 0 0 0 0 0 0 0 0 0 0 0 0 0 0 0 
2002 0 0 0 0 0 0 0 0 0 0 0 0 0 0 0 0 0 0 0 0 0 0 0 0 0 0 0 0 0 0 0 0 0 0 0 0 0 0 0 0 
2003 0 0 0 0 0 0 0 0 0 0 0 0 0 0 0 0 0 0 0 0 0 0 0 0 0 0 0 0 0 0 0 0 0 0 0 0 0 0 0 0 
2004 0 0 0 0 0 0 0 0 0 0 0 0 0 0 0 0 0 0 0 0 0 0 0 0 0 0 0 0 0 0 0 0 0 0 0 0 0 0 0 0 
2005 0 0 0 0 0 0 0 0 0 0 0 0 0 0 0 0 0 0 0 0 0 0 0 0 0 0 0 0 0 0 0 0 0 0 0 0 0 0 0 0 
2006 0 0 0 0 0 0 0 0 0 0 0 0 0 0 0 0 0 0 0 0 0 0 0 0 0 0 0 0 0 0 0 0 0 0 0 0 0 0 0 0 
2007 0 0 0 0 0 0 0 0 0 0 0 0 0 0 0 0 0 0 0 0 0 0 0 0 0 0 0 0 0 0 0 0 0 0 0 0 0 0 0 0 
2008 0 0 0 0 0 0 0 0 0 0 0 0 0 0 0 0 0 0 0 0 0 0 0 0 0 0 0 0 0 0 0 0 0 0 0 0 0 0 0 0 
2009 0 0 0 0 0 0 0 0 0 0 0 0 0 0 0 0 0 0 0 0 0 0 0 0 0 0 0 0 0 0 0 0 0 0 0 0 0 0 0 0 
2010 0 0 0 0 0 0 0 0 0 0 0 0 0 0 0 0 0 0 0 0 0 0 0 0 0 0 0 0 0 0 0 0 0 0 0 0 0 0 0 0 
2011 0 0 0 0 0 0 0 0 0 0 0 0 0 0 0 0 0 0 0 0 0 0 0 0 0 0 0 0 0 0 0 0 0 0 0 0 0 0 0 0 
2012 0 0 0 0 0 0 0 0 0 0 0 0 0 0 0 0 0 0 0 0 0 0 0 0 0 0 0 0 0 0 0 0 0 0 0 0 0 0 0 0 
2013 0 0 0 0 0 0 0 0 0 0 0 0 0 0 0 0 0 0 0 0 0 0 0 0 0 0 0 0 0 0 0 0 0 0 0 0 0 0 0 0 
end_table

