@observation HG_age_sample_sim
age_samples_per_cluster 10 
ageing_error age_error 
average_cluster_weight 6 
cluster_cv 0.6 
cluster_sigma 1.1 
fishery_label Fishing_LL 
layer_of_stratum_definitions area_definition 
max_age 20 
min_age 0 
process_label fishing 
strata_to_include HG 
type mortality_event_biomass_age_clusters 
years 1990 1991 1992 1993 1994 1995 1996 1997 1998 1999 2000 2001 2002 2003 2004 2005 2006 2007 2008 2009 2010 2011 2012 2013 
table obs
1990 0 0.00121521 0.018918 0.0425611 0.0806069 0.103904 0.0692551 0.0701247 0.068012 0.0917709 0.0331548 0.0648129 0.0652651 0.0346885 0.0210551 0.0172439 0.0131779 0.017124 0.00638023 0.0179082 0.162821 
1991 0 0.00194189 0.0130053 0.0471255 0.0554467 0.0922692 0.0660309 0.105832 0.067139 0.0737951 0.0893737 0.0675397 0.0356214 0.0338227 0.019658 0.0152334 0.0311849 0.0117809 0.0189336 0.0258732 0.128393 
1992 0 0 0.0230345 0.0540779 0.0895412 0.125442 0.142382 0.0710177 0.060494 0.0506887 0.024016 0.0201422 0.0173237 0.0156146 0.0218548 0.0379358 0.0472818 0.0426993 0.0115995 0.0180368 0.126817 
1993 0 0.00241885 0.00494519 0.113924 0.135369 0.0961805 0.0707002 0.0683911 0.0370303 0.0362978 0.0414499 0.0554613 0.0290082 0.0224341 0.0517825 0.0273009 0.0258554 0.0176773 0.01354 0.0074362 0.142798 
1994 0 0.00127563 0.0213139 0.00876676 0.0981574 0.0882491 0.0667349 0.0566755 0.0633597 0.0471715 0.0507712 0.0576303 0.0338884 0.0181089 0.0253594 0.0328349 0.0465271 0.0381195 0.0311694 0.0185658 0.195321 
1995 0 0.00255907 0.00688655 0.0289909 0.0403021 0.128198 0.10685 0.0835759 0.0597449 0.0556107 0.0379156 0.0326777 0.0294947 0.0431503 0.050762 0.055455 0.0265296 0.0376586 0.0185372 0.022432 0.132669 
1996 0 0.0099478 0.0708986 0.0642647 0.0935444 0.0394858 0.0619495 0.057424 0.0463645 0.0622744 0.0303883 0.0652915 0.0420075 0.0492182 0.0546551 0.0274968 0.0344187 0.0137405 0.0158989 0.0159007 0.14483 
1997 0 0 0.00475335 0.124154 0.0900031 0.0726681 0.0247021 0.115552 0.0671169 0.0639237 0.0580468 0.0496876 0.017213 0.0256722 0.00599075 0.0130992 0.018613 0.014112 0.0364389 0.0327878 0.165465 
1998 0 0.00997515 0.0297068 0.133819 0.131536 0.0890176 0.0840348 0.0371412 0.10663 0.0644352 0.0375711 0.0303555 0.0379333 0.0212407 0.0247943 0.0251907 0.0146914 0.0111637 0.00619235 0.00495784 0.0996124 
1999 0 0.026633 0.064367 0.063537 0.145408 0.122221 0.0472113 0.0347148 0.0150718 0.0688909 0.0475133 0.0399985 0.0298243 0.02112 0.0188132 0.0153564 0.0368282 0.0156882 0.0142393 0.0175855 0.154979 
2000 0 0.00805923 0.0674373 0.0662862 0.0891921 0.122844 0.113176 0.0306864 0.0476725 0.0219615 0.0429216 0.0408613 0.0186826 0.00893993 0.0435125 0.0430574 0.0219195 0.0187795 0.0129988 0.0248011 0.15621 
2001 0 0.0298159 0.059668 0.205531 0.146339 0.063259 0.072008 0.0782225 0.0360501 0.0498614 0.0125958 0.0249702 0.0180358 0.0233061 0.0199909 0.00383708 0.0111413 0.0117425 0.0108919 0.0121031 0.11063 
2002 0 0.0225544 0.0587299 0.0699111 0.234875 0.100195 0.0399922 0.0559648 0.0798857 0.0278146 0.034425 0.018913 0.0447567 0.0557161 0.0592395 0.00300261 0.00979419 0 0 0.00914658 0.0750839 
2003 0 0.00775198 0.105486 0.0830163 0.143959 0.240677 0.0752614 0.0234176 0.0296892 0.0376031 0.00340448 0.012568 0.00366562 0.0106021 0.0524292 0.025238 0.00196416 0.00065472 0 0.00497154 0.13764 
2004 0 0.0161398 0.0260924 0.152046 0.160112 0.0818648 0.242953 0.0741755 0.0215056 0.034343 0.0385766 0.00809443 0.00279429 0.000680397 0.0120027 0.0256032 0.0298661 0.0280787 0.0031141 0.00552003 0.0364372 
2005 0 0.00298067 0.0543581 0.0449818 0.235109 0.189243 0.127302 0.160616 0.0319877 0.0275145 0.0212284 0.0312189 0.00506563 0.00380553 0 0.019155 0.011493 0.003831 0 0 0.0301103 
2006 0 0.00117711 0.0450681 0.129116 0.117312 0.121424 0.113853 0.0552127 0.113404 0.0324011 0.0255503 0.0497314 0.0303549 0.0200041 0.0116265 0.00472021 0.0272654 0.0240232 0.0175592 0.00678473 0.0534123 
2007 0 0 0.000445218 0.00623159 0.0180183 0.00760377 0.0110499 0.00600649 0.00314939 0.00398023 0.0017762 0.00111917 0.000491402 0.000439839 0.000419656 0.000370923 0.000668278 0.00269191 0.000632286 0.000494916 0.934411 
2008 0 0.0024272 0.0258593 0.0132034 0.14968 0.16261 0.103505 0.12576 0.0446841 0.0379962 0.141643 0.0265448 0.00870525 0.0139636 0.0221942 0.00155111 0.0181595 0.0021761 0.0263162 0.0170649 0.0559559 
2009 0 0.0122927 0.0235248 0.0961345 0.0275067 0.085673 0.216391 0.0982222 0.0948195 0.0436146 0.0265941 0.0691714 0.0160595 0.0140683 0.00810786 0.0286532 0.0334469 0.00578043 0.00244557 0.0146614 0.0828321 
2010 0 0.0032569 0.183721 0.0420353 0.0860474 0.0233163 0.0810099 0.174169 0.0747156 0.121305 0.0396945 0.0380805 0.0479738 0.027274 0.00491856 0.0076213 0.0112536 0.000767817 0 0 0.0328384 
2011 0 0.0193794 0.0371928 0.288595 0.096217 0.105593 0.014197 0.0872861 0.100285 0.0510632 0.0538819 0.0217492 0.00980663 0.0160513 0.0106507 0.0032374 0.0165155 0.0136236 0.0159663 0.00751182 0.0311972 
2012 0 0.0284025 0.0456987 0.0586084 0.357752 0.0889012 0.0723472 0.021333 0.0332038 0.0665957 0.018795 0.0481196 0.063742 0.0248564 0.0498041 0.00329648 0.00462984 0.00618946 0.00772458 0 0 
2013 0 0.00102411 0.0687517 0.0626962 0.112849 0.269098 0.0566996 0.0583331 0.0101023 0.0339157 0.0953944 0.0190012 0.019396 0.0304666 0.0146631 0.0411152 0.0198947 0.0161517 0.00589087 0.00466096 0.0598947 
end_table
table error_values
1990 0 0 0 0 0 0 0 0 0 0 0 0 0 0 0 0 0 0 0 0 0 
1991 0 0 0 0 0 0 0 0 0 0 0 0 0 0 0 0 0 0 0 0 0 
1992 0 0 0 0 0 0 0 0 0 0 0 0 0 0 0 0 0 0 0 0 0 
1993 0 0 0 0 0 0 0 0 0 0 0 0 0 0 0 0 0 0 0 0 0 
1994 0 0 0 0 0 0 0 0 0 0 0 0 0 0 0 0 0 0 0 0 0 
1995 0 0 0 0 0 0 0 0 0 0 0 0 0 0 0 0 0 0 0 0 0 
1996 0 0 0 0 0 0 0 0 0 0 0 0 0 0 0 0 0 0 0 0 0 
1997 0 0 0 0 0 0 0 0 0 0 0 0 0 0 0 0 0 0 0 0 0 
1998 0 0 0 0 0 0 0 0 0 0 0 0 0 0 0 0 0 0 0 0 0 
1999 0 0 0 0 0 0 0 0 0 0 0 0 0 0 0 0 0 0 0 0 0 
2000 0 0 0 0 0 0 0 0 0 0 0 0 0 0 0 0 0 0 0 0 0 
2001 0 0 0 0 0 0 0 0 0 0 0 0 0 0 0 0 0 0 0 0 0 
2002 0 0 0 0 0 0 0 0 0 0 0 0 0 0 0 0 0 0 0 0 0 
2003 0 0 0 0 0 0 0 0 0 0 0 0 0 0 0 0 0 0 0 0 0 
2004 0 0 0 0 0 0 0 0 0 0 0 0 0 0 0 0 0 0 0 0 0 
2005 0 0 0 0 0 0 0 0 0 0 0 0 0 0 0 0 0 0 0 0 0 
2006 0 0 0 0 0 0 0 0 0 0 0 0 0 0 0 0 0 0 0 0 0 
2007 0 0 0 0 0 0 0 0 0 0 0 0 0 0 0 0 0 0 0 0 0 
2008 0 0 0 0 0 0 0 0 0 0 0 0 0 0 0 0 0 0 0 0 0 
2009 0 0 0 0 0 0 0 0 0 0 0 0 0 0 0 0 0 0 0 0 0 
2010 0 0 0 0 0 0 0 0 0 0 0 0 0 0 0 0 0 0 0 0 0 
2011 0 0 0 0 0 0 0 0 0 0 0 0 0 0 0 0 0 0 0 0 0 
2012 0 0 0 0 0 0 0 0 0 0 0 0 0 0 0 0 0 0 0 0 0 
2013 0 0 0 0 0 0 0 0 0 0 0 0 0 0 0 0 0 0 0 0 0 
end_table

