@observation HG_age_sample_sim
age_samples_per_cluster 10 
ageing_error age_error 
average_cluster_weight 6 
cluster_cv 0.6 
cluster_sigma 1.1 
fishery_label Fishing_LL 
layer_of_stratum_definitions area_definition 
max_age 20 
min_age 0 
process_label fishing 
strata_to_include HG 
type mortality_event_biomass_age_clusters 
years 1990 1991 1992 1993 1994 1995 1996 1997 1998 1999 2000 2001 2002 2003 2004 2005 2006 2007 2008 2009 2010 2011 2012 2013 
table obs
1990 0 0.00161087 0.0310415 0.0875373 0.0819482 0.0639557 0.0747827 0.0899876 0.0600746 0.0536863 0.0593234 0.0463364 0.0625836 0.0295075 0.0222066 0.0189506 0.016049 0.0155977 0.0276425 0.030804 0.126374 
1991 0 0 0.0355627 0.0819642 0.117555 0.102164 0.0921591 0.0771376 0.0666679 0.047218 0.009806 0.0279416 0.0252134 0.0208534 0.0174658 0.027837 0.0305314 0.0235571 0.0210415 0.033882 0.141442 
1992 0 0 0.0167672 0.0433722 0.113225 0.0748716 0.0758621 0.0857296 0.101335 0.0298751 0.0091864 0.00941119 0.0154653 0.0112902 0.0125691 0.0324309 0.0510605 0.0269443 0.0133425 0.0159982 0.261264 
1993 0 0.0176596 0.0062317 0.0710982 0.097353 0.0666452 0.0624509 0.048868 0.042898 0.0579414 0.0420804 0.05925 0.0562191 0.0270969 0.042813 0.0528553 0.0486909 0.0319193 0.0160644 0.0165802 0.135285 
1994 0 0 0.0334999 0.0317604 0.100573 0.0687102 0.0493578 0.0502772 0.0529601 0.0503496 0.0499419 0.0457939 0.0445155 0.0453635 0.0273326 0.0358907 0.0308847 0.0127627 0.0118162 0.0193057 0.238904 
1995 0 0.0142481 0.0299969 0.0940815 0.048392 0.0689311 0.0552481 0.0352034 0.025768 0.0831525 0.0563392 0.0454158 0.0355275 0.0207172 0.0551832 0.031026 0.0276494 0.0193617 0.0276947 0.0323945 0.193669 
1996 0 0.0254568 0.0575021 0.0589222 0.107141 0.0346368 0.0657934 0.070777 0.0651615 0.0582964 0.0601375 0.0392702 0.049759 0.0375489 0.0203888 0.0334493 0.0246608 0.0162238 0.015314 0.0195442 0.140017 
1997 0 0 0.0230101 0.140211 0.0719177 0.127165 0.0603898 0.0722652 0.0625297 0.0305039 0.0682481 0.0682338 0.0416444 0.0126896 0.0185612 0.0152623 0.00812853 0.0202646 0.0216549 0.0124923 0.124828 
1998 0 0.00889232 0.0366984 0.0406098 0.141761 0.0665377 0.0659037 0.0277929 0.13755 0.0693455 0.0612208 0.0496086 0.0217247 0.0337212 0.0189353 0.0055678 0.0106692 0.0178201 0.0136909 0.0232529 0.148697 
1999 0 0.0271432 0.0410589 0.0540002 0.120648 0.135025 0.0438607 0.0693519 0.0177818 0.0525717 0.0373048 0.0333707 0.0534346 0.0556366 0.0387605 0.0312741 0.0115788 0.00969929 0.011581 0 0.155918 
2000 0 0.0101518 0.0765653 0.0814235 0.0701795 0.112564 0.14848 0.0436831 0.0600902 0.0184834 0.0668203 0.0537627 0.0541446 0.0305115 0.0165908 0.0159021 0.0227981 0.000942056 0.0166656 0.00773846 0.0925029 
2001 0 0.0152135 0.0415691 0.159566 0.116282 0.0460813 0.0499261 0.0445371 0.0282827 0.0551242 0.0420476 0.130195 0.0514367 0.0498772 0.0365389 0.00497855 0.0105161 0.0202779 0.00317226 0.0153227 0.0790551 
2002 0 0.0187113 0.0737491 0.106916 0.20469 0.10698 0.0715464 0.0474136 0.0650756 0.00963462 0.0144974 0.0068679 0.0361125 0.022657 0.0154087 0.0127352 0.00278123 0.00629546 0.0100043 0.0198753 0.148048 
2003 0 0 0.119136 0.141038 0.093027 0.232348 0.076909 0.0396506 0.0443527 0.048858 0.0151943 0.0102325 0.00224776 0.00515192 0.00957389 0.0187816 0.0210943 0.0107279 0.00594389 0.00516709 0.100565 
2004 0 0.0258679 0.0257779 0.157347 0.14814 0.108095 0.169729 0.0534156 0.0365913 0.0467186 0.0397921 0.00907985 0.0105375 0.00645824 0.00430549 0.0134654 0.00671974 0.0150406 0.0114129 0.0084134 0.103092 
2005 0 0.00677667 0.0797927 0.091789 0.181017 0.122329 0.0945162 0.163664 0.0671789 0.0304462 0.0150702 0.0157683 0.00714293 0.0119049 0 0.000880155 0.00358928 0.00629841 0.012525 0.0270099 0.062301 
2006 0 0.00182027 0.0798317 0.0996177 0.0817293 0.128365 0.0991827 0.0441472 0.129048 0.0368139 0.0127496 0.028195 0.0377973 0.00378962 0.00282881 0 0.0185927 0.024889 0.0365952 0.00981867 0.124189 
2007 0 0.00201152 0.00135983 0.0045962 0.0119807 0.00824067 0.0123609 0.00709916 0.00273374 0.00561919 0.00213016 0.00248247 0.00222274 0.00132096 0.000243388 8.78862e-005 0 0.000175772 0 0 0.935335 
2008 0 0.0062417 0.0359978 0.0231226 0.144772 0.186667 0.0875124 0.131253 0.106089 0.062263 0.074819 0.0480762 0.0195457 0.0144039 0.0154763 0.0147029 0 0 0 0 0.0290574 
2009 0 0.0571052 0.03968 0.0744051 0.0366751 0.0934276 0.119502 0.0696248 0.135803 0.0666535 0.0414771 0.13747 0.0523833 0.0277059 0.0121148 0.00574229 0.00845989 0.00679401 0 0.0016641 0.0133128 
2010 0 0.00870042 0.135134 0.0422013 0.0719708 0.0177241 0.0766634 0.123123 0.0652824 0.115417 0.039943 0.0584042 0.0830081 0.0598846 0.0219709 0.0118391 0.042979 0 0 0 0.0257552 
2011 0 0.036096 0.0381168 0.257213 0.0579288 0.102719 0.00878169 0.0550798 0.113562 0.0552506 0.0673428 0.055197 0.0159557 0.035513 0.0108531 0.00561696 0.00450879 0.00401284 0.00193879 0 0.0743137 
2012 0 0.0152414 0.0116477 0.044378 0.34827 0.0371592 0.0507983 0.0158561 0.100465 0.091134 0.0549356 0.0363577 0.0363744 0.0198489 0.0404431 0.0146242 0.00676309 0.00472709 0.0201602 0.0113351 0.0394811 
2013 0 0.00904401 0.0900444 0.0738439 0.0974154 0.27433 0.037577 0.0237838 0.0279059 0.0799509 0.0416446 0.00838935 0.041992 0.0302636 0.0210062 0.0560582 0.0106348 0.0106261 0.0150742 0.0114198 0.0389955 
end_table
table error_values
1990 0 0 0 0 0 0 0 0 0 0 0 0 0 0 0 0 0 0 0 0 0 
1991 0 0 0 0 0 0 0 0 0 0 0 0 0 0 0 0 0 0 0 0 0 
1992 0 0 0 0 0 0 0 0 0 0 0 0 0 0 0 0 0 0 0 0 0 
1993 0 0 0 0 0 0 0 0 0 0 0 0 0 0 0 0 0 0 0 0 0 
1994 0 0 0 0 0 0 0 0 0 0 0 0 0 0 0 0 0 0 0 0 0 
1995 0 0 0 0 0 0 0 0 0 0 0 0 0 0 0 0 0 0 0 0 0 
1996 0 0 0 0 0 0 0 0 0 0 0 0 0 0 0 0 0 0 0 0 0 
1997 0 0 0 0 0 0 0 0 0 0 0 0 0 0 0 0 0 0 0 0 0 
1998 0 0 0 0 0 0 0 0 0 0 0 0 0 0 0 0 0 0 0 0 0 
1999 0 0 0 0 0 0 0 0 0 0 0 0 0 0 0 0 0 0 0 0 0 
2000 0 0 0 0 0 0 0 0 0 0 0 0 0 0 0 0 0 0 0 0 0 
2001 0 0 0 0 0 0 0 0 0 0 0 0 0 0 0 0 0 0 0 0 0 
2002 0 0 0 0 0 0 0 0 0 0 0 0 0 0 0 0 0 0 0 0 0 
2003 0 0 0 0 0 0 0 0 0 0 0 0 0 0 0 0 0 0 0 0 0 
2004 0 0 0 0 0 0 0 0 0 0 0 0 0 0 0 0 0 0 0 0 0 
2005 0 0 0 0 0 0 0 0 0 0 0 0 0 0 0 0 0 0 0 0 0 
2006 0 0 0 0 0 0 0 0 0 0 0 0 0 0 0 0 0 0 0 0 0 
2007 0 0 0 0 0 0 0 0 0 0 0 0 0 0 0 0 0 0 0 0 0 
2008 0 0 0 0 0 0 0 0 0 0 0 0 0 0 0 0 0 0 0 0 0 
2009 0 0 0 0 0 0 0 0 0 0 0 0 0 0 0 0 0 0 0 0 0 
2010 0 0 0 0 0 0 0 0 0 0 0 0 0 0 0 0 0 0 0 0 0 
2011 0 0 0 0 0 0 0 0 0 0 0 0 0 0 0 0 0 0 0 0 0 
2012 0 0 0 0 0 0 0 0 0 0 0 0 0 0 0 0 0 0 0 0 0 
2013 0 0 0 0 0 0 0 0 0 0 0 0 0 0 0 0 0 0 0 0 0 
end_table

