@observation HG_age_sample_sim
age_samples_per_cluster 10 
ageing_error age_error 
average_cluster_weight 6 
cluster_cv 0.6 
cluster_sigma 1.1 
fishery_label Fishing_LL 
layer_of_stratum_definitions area_definition 
max_age 20 
min_age 0 
process_label fishing 
strata_to_include HG 
type mortality_event_biomass_age_clusters 
years 1990 1991 1992 1993 1994 1995 1996 1997 1998 1999 2000 2001 2002 2003 2004 2005 2006 2007 2008 2009 2010 2011 2012 2013 
table obs
1990 0 0.00852639 0.0231756 0.0416769 0.0642818 0.102156 0.0857463 0.0468011 0.0639978 0.0716962 0.0755004 0.0541084 0.0692717 0.0482439 0.0177299 0.0378582 0.0122263 0.0098133 0.0105372 0.016663 0.13999 
1991 0 0.00375667 0.0449892 0.0943584 0.0917233 0.102856 0.0413853 0.0568488 0.0462808 0.0489028 0.0577042 0.0326965 0.0192515 0.0160641 0.0251108 0.0587121 0.0207723 0.0264042 0.0210152 0.0206028 0.170565 
1992 0 0.0144708 0.036614 0.0843419 0.0965765 0.0765206 0.0857014 0.114418 0.0537402 0.0478475 0.0339067 0.0222683 0.0254548 0.0498922 0.0345533 0.0407893 0.0708822 0.0179237 0.0180124 0.0103113 0.0657753 
1993 0 0.00836932 0.0107006 0.0866634 0.149387 0.117462 0.0811286 0.0749444 0.0395127 0.0424898 0.0262964 0.0257129 0.0361909 0.0390077 0.0173 0.00966171 0.0198346 0.020703 0.023771 0.0153402 0.155524 
1994 0 0 0.0186727 0.0181107 0.133689 0.150268 0.0997732 0.10275 0.106759 0.052672 0.0441835 0.0379059 0.0424808 0.0303213 0.0221537 0.0257454 0.00979228 0.0180171 0.0112856 0.0136075 0.0618118 
1995 0 0.01768 0.0223835 0.088868 0.0442593 0.129035 0.091993 0.0683653 0.048438 0.0475302 0.0268649 0.0176098 0.0277189 0.0398407 0.0661163 0.0451495 0.0267833 0.02578 0.0204322 0.011588 0.133564 
1996 0 0 0.0788224 0.0901118 0.0921029 0.0337179 0.112325 0.0752572 0.0657113 0.0517355 0.049279 0.04861 0.068469 0.0465993 0.0383639 0.0299155 0.0338711 0.0129564 0.0179499 0.0042698 0.0499319 
1997 0 0 0.02392 0.143223 0.0981042 0.103602 0.0390425 0.0865178 0.0734006 0.0551592 0.0442854 0.0312475 0.0434381 0.0280686 0.0273699 0.0189027 0.0088622 0.0169169 0.00950897 0.0119942 0.136436 
1998 0 0.00759744 0.013368 0.0552877 0.204535 0.0585672 0.0530226 0.0196099 0.0679927 0.0469985 0.0475987 0.0630606 0.0365498 0.0393379 0.0592971 0.0129659 0.0134679 0.0105057 0.0123193 0.0133736 0.164544 
1999 0 0.0145329 0.0278232 0.0310236 0.0813721 0.153045 0.0694663 0.0526181 0.0223065 0.082011 0.0368517 0.0330912 0.00590157 0.0534593 0.0298953 0.0381393 0.0216407 0.0201088 0.00772844 0.0268096 0.192176 
2000 0 0.0178059 0.0653764 0.136696 0.0985756 0.12723 0.115877 0.0428231 0.0393652 0.0244229 0.0415732 0.0279571 0.0250499 0.0201612 0.0527152 0.0630416 0.0383172 0.00791226 0.00634461 0.0109222 0.0378342 
2001 0 0.018275 0.0366312 0.224266 0.105324 0.079665 0.0999097 0.113832 0.0242719 0.029739 0.00753886 0.0356314 0.0347814 0.0146642 0.028767 0.0223994 0.0108434 0.00572353 0.0206503 0.0162268 0.0708603 
2002 0 0.00520247 0.0514354 0.075775 0.279516 0.133842 0.0611255 0.0792478 0.0608307 0.0130534 0.0134405 0.0039739 0.0550541 0.0154022 0.0117073 0.0130709 0.00571702 0.00717716 0.00448672 0.0244189 0.0855235 
2003 0 0.012229 0.0481485 0.110927 0.0927142 0.186082 0.0806175 0.0386703 0.0289975 0.060654 0.0167815 0.0518673 0.00363341 0.0259258 0.0249151 0.0227803 0.0188999 0.0303016 0.0373892 0.0336019 0.074864 
2004 0 0.0276744 0.0274689 0.14687 0.162138 0.1263 0.147956 0.0691379 0.0354424 0.0471031 0.0585353 0.0243448 0.0222006 0 0.0092779 0.00757899 0.00551127 0 0.00533829 0.00538158 0.0717403 
2005 0 0.00480083 0.035986 0.0470198 0.144678 0.130925 0.111723 0.202111 0.0397026 0.0197765 0.0249579 0.0436118 0.0139916 0.00919089 0 0.0505642 0.0424717 0.0105939 0.00359194 0.0107132 0.0535895 
2006 0 0.00634069 0.0538054 0.124742 0.0984856 0.154831 0.135634 0.0730809 0.0977198 0.0517035 0.0101663 0.0215113 0.0318879 0.0094539 0.0234804 0.00267682 0.00535365 0.0106712 0.0137821 0.00923827 0.0654356 
2007 0 0 0.0027532 0.0121522 0.0227847 0.0116595 0.0170533 0.0111057 0.00333841 0.0140915 0.00326126 0.00152532 0.00740123 0.00361053 0.00230898 0.00136146 0 0.000762641 6.06531e-005 6.06531e-005 0.884709 
2008 0 0.0110225 0.0210652 0.0111177 0.0635835 0.162596 0.0514486 0.130217 0.126346 0.0450093 0.143421 0.0370175 0.0287897 0.0247445 0.0668191 0.0198949 0.0147194 0.00254419 0.00145177 0.00972172 0.0284693 
2009 0 0.04508 0.0182767 0.0736354 0.0254561 0.153012 0.17403 0.051703 0.11325 0.0893439 0.0676396 0.10212 0.0273083 0.0137489 0.00952266 0.0173611 0.00414583 0.00134934 0.00134934 0 0.0116673 
2010 0 0.0125388 0.182144 0.0292668 0.0609527 0.0128791 0.0916341 0.124638 0.0494612 0.0974947 0.0722402 0.0189068 0.04568 0.0204791 0.013585 0.0231426 0.0373222 0.0130071 0.00416357 0.00207307 0.0883906 
2011 0 0 0.0141903 0.244429 0.0723101 0.0729874 0.0282321 0.0753448 0.0824772 0.0787551 0.0629511 0.0796652 0.0529503 0.045771 0.00787546 0.00270132 0.0108337 0.0152065 0.00163488 0 0.051685 
2012 0 0.0402021 0.0329808 0.0467071 0.362824 0.0771583 0.131928 0.0312616 0.0586454 0.0832354 0.0162574 0.0329369 0.0254582 0.00252425 0.0229091 0.00344163 0 0.000972416 0 0 0.0305574 
2013 0 0.0187509 0.0334484 0.0318715 0.0677243 0.242424 0.0790156 0.0488885 0.0223501 0.0557153 0.090331 0.04344 0.0721236 0.063501 0.0239719 0.022563 0.0102664 0.00314049 0.00756963 0.00663358 0.0562705 
end_table
table error_values
1990 0 0 0 0 0 0 0 0 0 0 0 0 0 0 0 0 0 0 0 0 0 
1991 0 0 0 0 0 0 0 0 0 0 0 0 0 0 0 0 0 0 0 0 0 
1992 0 0 0 0 0 0 0 0 0 0 0 0 0 0 0 0 0 0 0 0 0 
1993 0 0 0 0 0 0 0 0 0 0 0 0 0 0 0 0 0 0 0 0 0 
1994 0 0 0 0 0 0 0 0 0 0 0 0 0 0 0 0 0 0 0 0 0 
1995 0 0 0 0 0 0 0 0 0 0 0 0 0 0 0 0 0 0 0 0 0 
1996 0 0 0 0 0 0 0 0 0 0 0 0 0 0 0 0 0 0 0 0 0 
1997 0 0 0 0 0 0 0 0 0 0 0 0 0 0 0 0 0 0 0 0 0 
1998 0 0 0 0 0 0 0 0 0 0 0 0 0 0 0 0 0 0 0 0 0 
1999 0 0 0 0 0 0 0 0 0 0 0 0 0 0 0 0 0 0 0 0 0 
2000 0 0 0 0 0 0 0 0 0 0 0 0 0 0 0 0 0 0 0 0 0 
2001 0 0 0 0 0 0 0 0 0 0 0 0 0 0 0 0 0 0 0 0 0 
2002 0 0 0 0 0 0 0 0 0 0 0 0 0 0 0 0 0 0 0 0 0 
2003 0 0 0 0 0 0 0 0 0 0 0 0 0 0 0 0 0 0 0 0 0 
2004 0 0 0 0 0 0 0 0 0 0 0 0 0 0 0 0 0 0 0 0 0 
2005 0 0 0 0 0 0 0 0 0 0 0 0 0 0 0 0 0 0 0 0 0 
2006 0 0 0 0 0 0 0 0 0 0 0 0 0 0 0 0 0 0 0 0 0 
2007 0 0 0 0 0 0 0 0 0 0 0 0 0 0 0 0 0 0 0 0 0 
2008 0 0 0 0 0 0 0 0 0 0 0 0 0 0 0 0 0 0 0 0 0 
2009 0 0 0 0 0 0 0 0 0 0 0 0 0 0 0 0 0 0 0 0 0 
2010 0 0 0 0 0 0 0 0 0 0 0 0 0 0 0 0 0 0 0 0 0 
2011 0 0 0 0 0 0 0 0 0 0 0 0 0 0 0 0 0 0 0 0 0 
2012 0 0 0 0 0 0 0 0 0 0 0 0 0 0 0 0 0 0 0 0 0 
2013 0 0 0 0 0 0 0 0 0 0 0 0 0 0 0 0 0 0 0 0 0 
end_table

