@observation HG_age_sample_sim
age_samples_per_cluster 10 
ageing_error age_error 
average_cluster_weight 6 
cluster_cv 0.6 
cluster_sigma 1.1 
fishery_label Fishing_LL 
layer_of_stratum_definitions area_definition 
max_age 20 
min_age 0 
process_label fishing 
strata_to_include HG 
type mortality_event_biomass_age_clusters 
years 1990 1991 1992 1993 1994 1995 1996 1997 1998 1999 2000 2001 2002 2003 2004 2005 2006 2007 2008 2009 2010 2011 2012 2013 
table obs
1990 0 0.00668254 0.0633743 0.0800507 0.0988323 0.0694298 0.0851005 0.0903733 0.0515666 0.0415751 0.0394029 0.0400357 0.0307822 0.0293478 0.0171225 0.0167484 0.021569 0.0184544 0.0309788 0.0176494 0.150924 
1991 0 0.0191901 0.00906536 0.0675574 0.0804554 0.0813993 0.0691402 0.0848797 0.063276 0.0694109 0.062977 0.0393773 0.0493264 0.0300065 0.043322 0.019457 0.0379779 0.0174423 0.00249532 0.0137225 0.139521 
1992 0 0 0.0261602 0.0338444 0.0647666 0.0882062 0.0586277 0.0796378 0.074091 0.0588602 0.0666155 0.0731632 0.0709068 0.0634796 0.0319186 0.0497712 0.0274801 0.0145242 0.011001 0.00634061 0.100605 
1993 0 0.0105542 0.00783288 0.0654426 0.0960686 0.0956274 0.0986795 0.066956 0.0462365 0.0478992 0.0431939 0.0348405 0.0357219 0.0215873 0.0248772 0.0154552 0.0265116 0.0141569 0.00895892 0.0137216 0.225678 
1994 0 0.00131364 0.0227161 0.0187519 0.10453 0.126073 0.103436 0.084102 0.0664535 0.077125 0.0507119 0.0284713 0.0330282 0.0290872 0.0281335 0.0287277 0.0415365 0.0254151 0.0179336 0.00560755 0.106847 
1995 0 0.00705388 0.0186939 0.105011 0.0736394 0.135613 0.111534 0.0679933 0.0308585 0.0652068 0.0566314 0.0634284 0.0207887 0.0235459 0.0241034 0.0329665 0.01469 0.0373473 0.0184877 0.0191911 0.073216 
1996 0 0.0103895 0.080134 0.0779939 0.1039 0.0392188 0.119759 0.0493813 0.0504948 0.0419226 0.0511184 0.0450136 0.0240519 0.0160921 0.0552368 0.0465125 0.0318861 0.0164703 0.0131777 0.00490008 0.122346 
1997 0 0.00256683 0.0272593 0.175335 0.101258 0.119348 0.0188659 0.0651036 0.0381933 0.0302806 0.0366889 0.0422657 0.0228787 0.0404101 0.0283321 0.0322358 0.0436008 0.0233729 0.0181006 0.0219647 0.11194 
1998 0 0.0171822 0.0125932 0.0634094 0.116373 0.0513293 0.0978788 0.031295 0.0898947 0.0872406 0.071408 0.0751222 0.0579328 0.0389248 0.0145013 0.0124688 0.0106299 0.00313711 0.00213036 0.0132446 0.133303 
1999 0 0.0235274 0.0233585 0.0465448 0.10222 0.141174 0.0431642 0.0276121 0.0341674 0.106262 0.0718854 0.088765 0.0871786 0.0210005 0.0114384 0.0167267 0.0294656 0.0188713 0.0118574 0.00341653 0.0913646 
2000 0 0 0.0827487 0.0820719 0.0641424 0.143927 0.165981 0.0675232 0.0619967 0.0194391 0.0420072 0.0226775 0.0357501 0.0234763 0.0187846 0.00832524 0.0124474 0.00687871 0.0188878 0.0195129 0.103421 
2001 0 0.00664056 0.0491591 0.227461 0.0994641 0.0502786 0.0344843 0.0539236 0.0166395 0.0353651 0.00752374 0.0552751 0.0181104 0.0275149 0.0398587 0.0227387 0.0794149 0.0535498 0.0247066 0.0282884 0.0696034 
2002 0 0.0374454 0.0713132 0.125544 0.214844 0.0777041 0.0551163 0.0598623 0.0687073 0.0455293 0.0344884 0.0122787 0.0272267 0.0259512 0.0115327 0.0212487 0.0167712 0.00603289 0.00475106 0.0079423 0.0757102 
2003 0 0.0210519 0.0625388 0.142099 0.157184 0.270465 0.101088 0.0388276 0.0445407 0.0443233 0.0058597 0.00567117 0.00218794 0.0128948 0.00582687 0.00962782 0.0112937 0.00856201 0.0150014 0.00868798 0.0322689 
2004 0 0.0316876 0.03234 0.157597 0.143061 0.114896 0.189074 0.0427644 0.0399565 0.0271031 0.032343 0.0168876 0.0218062 0.00867985 0.0283047 0.0319544 0.034714 0.0110761 0.0137976 0.00799348 0.0139639 
2005 0 0.00931414 0.0690144 0.0679159 0.171613 0.110831 0.0752667 0.140492 0.0560183 0.0369972 0.0390773 0.0459847 0.0235675 0.0315155 0.00209393 0.0410503 0.0312452 0.0149752 0.015325 0 0.0177031 
2006 0 0 0.0232116 0.0391097 0.0694989 0.1843 0.109325 0.109821 0.192492 0.0551605 0.0102305 0.0133014 0.0289757 0.0324841 0.0151221 0.00238422 0.00476843 0.00238422 0.0194735 0.0150376 0.0729187 
2007 0 0.000847297 0.00136232 0.0087048 0.0211983 0.0099846 0.0197902 0.0078114 0.00632888 0.0119933 0.00484401 0.00399421 0.00347845 0.00506752 0.000410962 0.000621896 0.000501485 0.00245251 0.00335788 0.00566267 0.881587 
2008 0 0.00499446 0.0258259 0.0241275 0.0852435 0.208542 0.111871 0.128577 0.0697127 0.0353973 0.0460691 0.0309166 0.0276641 0.0159185 0.0284283 0.0188191 0.0253731 0.00728688 0.0447674 0.0123682 0.048098 
2009 0 0.0540867 0.035089 0.0603259 0.0226551 0.166211 0.193628 0.0702605 0.137017 0.070093 0.0576118 0.0557404 0.00149892 0.000460484 0.00241989 0.00757211 0.00832908 0.0145864 0.00387791 0.010506 0.0280305 
2010 0 0.0126658 0.0818369 0.0626023 0.177336 0.0225878 0.0813185 0.112703 0.0747056 0.127906 0.0560294 0.0457871 0.0766489 0.0172 0.00767327 0.00211406 0.00211406 0.000986422 0.00197284 0 0.0358111 
2011 0 0.00141808 0.0125577 0.228685 0.0403271 0.119906 0.0290979 0.0945135 0.161676 0.0511199 0.048328 0.0284214 0.0130834 0.0810989 0.0148423 0.00126629 0 0.00716472 0.00102153 0.00442167 0.0610501 
2012 0 0.00544467 0.0150165 0.0335916 0.291585 0.11663 0.0923892 0.0243322 0.0575535 0.102906 0.0264604 0.0357796 0.0320748 0.0302237 0.0309749 0.0168725 0.00288068 0 0 0.00536959 0.0799147 
2013 0 0.00803078 0.0791117 0.092731 0.0921876 0.374323 0.040624 0.0617175 0.0182715 0.00893042 0.0374651 0.013048 0.0356176 0.0154334 0.0183232 0.0189258 0.0077768 0.00708891 0.00542433 0.0328251 0.0321441 
end_table
table error_values
1990 0 0 0 0 0 0 0 0 0 0 0 0 0 0 0 0 0 0 0 0 0 
1991 0 0 0 0 0 0 0 0 0 0 0 0 0 0 0 0 0 0 0 0 0 
1992 0 0 0 0 0 0 0 0 0 0 0 0 0 0 0 0 0 0 0 0 0 
1993 0 0 0 0 0 0 0 0 0 0 0 0 0 0 0 0 0 0 0 0 0 
1994 0 0 0 0 0 0 0 0 0 0 0 0 0 0 0 0 0 0 0 0 0 
1995 0 0 0 0 0 0 0 0 0 0 0 0 0 0 0 0 0 0 0 0 0 
1996 0 0 0 0 0 0 0 0 0 0 0 0 0 0 0 0 0 0 0 0 0 
1997 0 0 0 0 0 0 0 0 0 0 0 0 0 0 0 0 0 0 0 0 0 
1998 0 0 0 0 0 0 0 0 0 0 0 0 0 0 0 0 0 0 0 0 0 
1999 0 0 0 0 0 0 0 0 0 0 0 0 0 0 0 0 0 0 0 0 0 
2000 0 0 0 0 0 0 0 0 0 0 0 0 0 0 0 0 0 0 0 0 0 
2001 0 0 0 0 0 0 0 0 0 0 0 0 0 0 0 0 0 0 0 0 0 
2002 0 0 0 0 0 0 0 0 0 0 0 0 0 0 0 0 0 0 0 0 0 
2003 0 0 0 0 0 0 0 0 0 0 0 0 0 0 0 0 0 0 0 0 0 
2004 0 0 0 0 0 0 0 0 0 0 0 0 0 0 0 0 0 0 0 0 0 
2005 0 0 0 0 0 0 0 0 0 0 0 0 0 0 0 0 0 0 0 0 0 
2006 0 0 0 0 0 0 0 0 0 0 0 0 0 0 0 0 0 0 0 0 0 
2007 0 0 0 0 0 0 0 0 0 0 0 0 0 0 0 0 0 0 0 0 0 
2008 0 0 0 0 0 0 0 0 0 0 0 0 0 0 0 0 0 0 0 0 0 
2009 0 0 0 0 0 0 0 0 0 0 0 0 0 0 0 0 0 0 0 0 0 
2010 0 0 0 0 0 0 0 0 0 0 0 0 0 0 0 0 0 0 0 0 0 
2011 0 0 0 0 0 0 0 0 0 0 0 0 0 0 0 0 0 0 0 0 0 
2012 0 0 0 0 0 0 0 0 0 0 0 0 0 0 0 0 0 0 0 0 0 
2013 0 0 0 0 0 0 0 0 0 0 0 0 0 0 0 0 0 0 0 0 0 
end_table

