@observation HG_age_sample_sim
age_samples_per_cluster 10 
ageing_error age_error 
average_cluster_weight 6 
cluster_cv 0.6 
cluster_sigma 1.1 
fishery_label Fishing_LL 
layer_of_stratum_definitions area_definition 
max_age 20 
min_age 0 
process_label fishing 
strata_to_include HG 
type mortality_event_biomass_age_clusters 
years 1990 1991 1992 1993 1994 1995 1996 1997 1998 1999 2000 2001 2002 2003 2004 2005 2006 2007 2008 2009 2010 2011 2012 2013 
table obs
1990 0 0.00618826 0.00399965 0.0636217 0.0755486 0.114256 0.0774094 0.116735 0.103636 0.0715055 0.0548732 0.0840042 0.0285461 0.00974302 0.00870911 0.0038252 0.0132537 0.00961876 0.00666443 0.00895435 0.138908 
1991 0 0.0113585 0.0629322 0.0961205 0.106683 0.103502 0.104113 0.0815223 0.108716 0.0878432 0.0525407 0.0396352 0.015916 0.0322532 0.0209427 0.00843065 0.0021661 0.00433221 0.00433221 0 0.0566605 
1992 0 0 0.0417226 0.0487429 0.11438 0.137136 0.0640097 0.0477103 0.0827777 0.0892046 0.0659882 0.0524352 0.0386326 0.0463255 0.0265161 0.0120351 0.00654642 0.00869973 0.0127182 0.0157195 0.0886996 
1993 0 0.00679587 0.00411378 0.118422 0.0975883 0.0977786 0.0657619 0.0651532 0.0866348 0.0424167 0.0194276 0.0292953 0.0139686 0.00700467 0.0402892 0.0305206 0.0352406 0.0158759 0.0238118 0.007446 0.192455 
1994 0 0.0102093 0.017825 0.00906498 0.131571 0.0952393 0.0783856 0.0542517 0.0579875 0.0489286 0.0573682 0.0490767 0.0725647 0.0328849 0.0341519 0.0417692 0.0266322 0.0184701 0.0362365 0.00370583 0.123677 
1995 0 0.0397261 0.0321968 0.0877741 0.0437562 0.148249 0.113467 0.0814533 0.0838499 0.0715366 0.0562428 0.0177609 0.0424011 0.0298093 0.0247575 0.0184295 0.0200837 0.0109585 0.0132083 0.00579563 0.0585437 
1996 0 0.0137498 0.0667793 0.125005 0.135932 0.0474343 0.0712002 0.0440681 0.0446696 0.0398594 0.0330251 0.0574534 0.0383718 0.05043 0.02964 0.0329958 0.0346863 0.0196211 0.00943584 0.0228394 0.0828027 
1997 0 0 0.0434178 0.0995664 0.0366964 0.0807217 0.0255978 0.0506083 0.0621269 0.0631254 0.0604567 0.0644286 0.0474396 0.056937 0.0505856 0.0169583 0.00744225 0.0145331 0.0264446 0.033177 0.159736 
1998 0 0.015418 0.0245256 0.0730474 0.251567 0.0890698 0.0777877 0.0110782 0.05403 0.0286233 0.0294471 0.0176602 0.0251335 0.014063 0.0233769 0.0324712 0.0384593 0.0298824 0.0140228 0.0306492 0.119688 
1999 0 0.0288243 0.0543794 0.0673767 0.130014 0.143338 0.0317775 0.0739735 0.0296298 0.0367118 0.0458956 0.0723198 0.024458 0.0383282 0.0409493 0.038206 0.0117598 0.00975143 0 0.00500527 0.117301 
2000 0 0.016651 0.102311 0.105731 0.0946765 0.119234 0.14791 0.0510588 0.022473 0.00595287 0.0382026 0.035322 0.0365982 0.0304522 0.0257643 0.0200706 0.0140771 0.0106858 0.00388013 0.000805747 0.118144 
2001 0 0.0180573 0.0372655 0.220599 0.168063 0.0818827 0.0904168 0.0968909 0.0254127 0.0224711 0.00477787 0.0282618 0.0417335 0.046913 0.0351038 0.0361134 0.0135454 0.00499931 0.00386196 0.00193098 0.0217001 
2002 0 0.0270023 0.0252703 0.0881889 0.272377 0.0735731 0.0798301 0.0603265 0.069379 0.0222044 0.0244817 0.018717 0.0356783 0.0237093 0.0180802 0.0303457 0.0422795 0.0200596 0.00658663 0.00272439 0.0591861 
2003 0 0 0.0472008 0.0935539 0.0947942 0.324713 0.0902388 0.0401995 0.0282235 0.0470074 0.0221225 0.0370413 0.0121579 0.0131213 0.0173309 0.00676156 0.00992702 0.0110062 0.00118323 0.0150153 0.0884014 
2004 0 0.00700298 0.0252011 0.180279 0.176454 0.108559 0.204208 0.0422506 0.0246848 0.0383206 0.0470859 0.0197441 0.0341067 0.00411411 0.00538196 0.00342881 0.00492579 0.00518784 0.00115004 0.0040378 0.0638772 
2005 0 0.0296023 0.0534891 0.0615143 0.233778 0.145851 0.100087 0.112552 0.0391169 0.0260939 0.0134686 0.00840597 0.00827778 0.00810289 0.00204427 0.00405525 0.00477263 0.0173417 0.010567 0.0122013 0.108677 
2006 0 0.00569255 0.0482287 0.125661 0.123835 0.23016 0.0919365 0.045572 0.105676 0.0493675 0.0190226 0.0147681 0.030761 0.00860606 0.00858291 0.00312741 0.0162581 0.0189577 0.0143487 0.0191316 0.0203058 
2007 0 0 7.71982e-005 0.00512438 0.0149849 0.00793262 0.0148887 0.00761281 0.00453755 0.00818749 0.0045124 0.00468578 0.00157033 0.00104143 0.000175657 0.000160022 0 0.00438968 0.00114329 0.00127172 0.917704 
2008 0 0.00908914 0.0177422 0.03392 0.0944247 0.192238 0.093735 0.164861 0.0729098 0.0716974 0.0884431 0.0388056 0.0218187 0.0209434 0.0339806 0.00748462 0.00249487 0 0.00432512 0.00432512 0.0267624 
2009 0 0.0433212 0.0394578 0.0530142 0.0169778 0.0672438 0.162594 0.0672681 0.143595 0.0706158 0.0574501 0.0756321 0.0265466 0.0198216 0.0247592 0.0300544 0.0105514 0.00327104 0.000632203 0.0189004 0.0682924 
2010 0 0.0134632 0.15731 0.0714912 0.0965529 0.0185284 0.0651931 0.148415 0.0601603 0.0833177 0.0455499 0.0181058 0.0619609 0.0275669 0.020956 0.021393 0.024879 0.00642971 0.00874587 0 0.0499808 
2011 0 0.0224129 0.0458288 0.224248 0.0644917 0.126979 0.0122316 0.0883589 0.119945 0.0510391 0.0886785 0.042582 0.0228754 0.0131064 0.00427327 0.00607085 0.0262003 0.0145132 0.00116539 0 0.0249997 
2012 0 0.0125858 0.040081 0.0699698 0.322047 0.0829896 0.0457479 0.0159864 0.0376778 0.0846155 0.0240502 0.114663 0.025313 0.0214194 0.0567424 0.00488291 0.00354499 0.00496837 0.0047811 0.00490929 0.0230241 
2013 0 0.00225773 0.0739774 0.0468174 0.121409 0.306153 0.0585323 0.0569675 0.0119765 0.0285467 0.0565753 0.0220488 0.065467 0.0343079 0.00615667 0.0128234 0.0154982 0.00574348 0.0197644 0.016782 0.0381956 
end_table
table error_values
1990 0 0 0 0 0 0 0 0 0 0 0 0 0 0 0 0 0 0 0 0 0 
1991 0 0 0 0 0 0 0 0 0 0 0 0 0 0 0 0 0 0 0 0 0 
1992 0 0 0 0 0 0 0 0 0 0 0 0 0 0 0 0 0 0 0 0 0 
1993 0 0 0 0 0 0 0 0 0 0 0 0 0 0 0 0 0 0 0 0 0 
1994 0 0 0 0 0 0 0 0 0 0 0 0 0 0 0 0 0 0 0 0 0 
1995 0 0 0 0 0 0 0 0 0 0 0 0 0 0 0 0 0 0 0 0 0 
1996 0 0 0 0 0 0 0 0 0 0 0 0 0 0 0 0 0 0 0 0 0 
1997 0 0 0 0 0 0 0 0 0 0 0 0 0 0 0 0 0 0 0 0 0 
1998 0 0 0 0 0 0 0 0 0 0 0 0 0 0 0 0 0 0 0 0 0 
1999 0 0 0 0 0 0 0 0 0 0 0 0 0 0 0 0 0 0 0 0 0 
2000 0 0 0 0 0 0 0 0 0 0 0 0 0 0 0 0 0 0 0 0 0 
2001 0 0 0 0 0 0 0 0 0 0 0 0 0 0 0 0 0 0 0 0 0 
2002 0 0 0 0 0 0 0 0 0 0 0 0 0 0 0 0 0 0 0 0 0 
2003 0 0 0 0 0 0 0 0 0 0 0 0 0 0 0 0 0 0 0 0 0 
2004 0 0 0 0 0 0 0 0 0 0 0 0 0 0 0 0 0 0 0 0 0 
2005 0 0 0 0 0 0 0 0 0 0 0 0 0 0 0 0 0 0 0 0 0 
2006 0 0 0 0 0 0 0 0 0 0 0 0 0 0 0 0 0 0 0 0 0 
2007 0 0 0 0 0 0 0 0 0 0 0 0 0 0 0 0 0 0 0 0 0 
2008 0 0 0 0 0 0 0 0 0 0 0 0 0 0 0 0 0 0 0 0 0 
2009 0 0 0 0 0 0 0 0 0 0 0 0 0 0 0 0 0 0 0 0 0 
2010 0 0 0 0 0 0 0 0 0 0 0 0 0 0 0 0 0 0 0 0 0 
2011 0 0 0 0 0 0 0 0 0 0 0 0 0 0 0 0 0 0 0 0 0 
2012 0 0 0 0 0 0 0 0 0 0 0 0 0 0 0 0 0 0 0 0 0 
2013 0 0 0 0 0 0 0 0 0 0 0 0 0 0 0 0 0 0 0 0 0 
end_table

