@observation HG_age_sample_sim
age_samples_per_cluster 10 
ageing_error age_error 
average_cluster_weight 6 
cluster_cv 0.6 
cluster_sigma 1.1 
fishery_label Fishing_LL 
layer_of_stratum_definitions area_definition 
max_age 20 
min_age 0 
process_label fishing 
strata_to_include HG 
type mortality_event_biomass_age_clusters 
years 1990 1991 1992 1993 1994 1995 1996 1997 1998 1999 2000 2001 2002 2003 2004 2005 2006 2007 2008 2009 2010 2011 2012 2013 
table obs
1990 0 0.000888074 0 0.0680642 0.07886 0.112891 0.0991912 0.0778906 0.0633897 0.0562602 0.0354816 0.064843 0.0249364 0.0307125 0.0203271 0.0252984 0.0325294 0.0273168 0.0294649 0.0191068 0.132548 
1991 0 0.000953958 0.0239375 0.084503 0.0864929 0.104775 0.08395 0.0820338 0.0613123 0.0464049 0.0682288 0.0497067 0.0597013 0.0274733 0.0217588 0.0326346 0.0334273 0.0220211 0.0133773 0.00672021 0.0905874 
1992 0 0 0.0563893 0.0458362 0.0897612 0.0682091 0.0441123 0.0739219 0.0621459 0.0478268 0.0356312 0.025356 0.0383027 0.0588725 0.0476448 0.05965 0.0318018 0.0121719 0.0267498 0.0170247 0.158592 
1993 0 0.00830234 0.00473745 0.128947 0.162856 0.0902059 0.108147 0.0604671 0.0723952 0.0519798 0.035648 0.0186566 0.0446504 0.0182861 0.0166175 0.0153564 0.00904725 0.0194551 0.0274371 0.0262428 0.0805651 
1994 0 0.00558256 0.00186085 0.0144576 0.0770162 0.136541 0.106402 0.0718004 0.0605955 0.0381989 0.0140146 0.0199011 0.0203636 0.0389024 0.0406478 0.0360222 0.0165386 0.0383503 0.0423344 0.0238017 0.196669 
1995 0 0.00482637 0.0216225 0.0568322 0.0225583 0.157024 0.128228 0.0703911 0.0587292 0.0315491 0.0300761 0.0392511 0.05962 0.0392389 0.0424001 0.0251344 0.0249439 0.0290495 0.0174291 0.0178751 0.123221 
1996 0 0 0.0479469 0.0233636 0.0932561 0.040343 0.116742 0.0679241 0.0571568 0.0328522 0.0349856 0.0451096 0.0632258 0.0627695 0.0419053 0.0235536 0.015461 0.0106347 0.0319761 0.0399962 0.150798 
1997 0 0 0.0327969 0.136117 0.0871685 0.131596 0.0326848 0.14491 0.0832247 0.0440253 0.0265829 0.0199505 0.0238764 0.0277596 0.0286779 0.0163371 0.010089 0.00936539 0.015803 0.0264014 0.102634 
1998 0 0.00501549 0.0332064 0.0653745 0.160201 0.0764945 0.0725673 0.0248894 0.0673881 0.0392446 0.0281656 0.0407811 0.0375276 0.04672 0.0316344 0.0541622 0.0278387 0.0458035 0.00193881 0.0276862 0.113361 
1999 0 0.0437433 0.0643445 0.0558112 0.0839132 0.162186 0.0645175 0.0347674 0.014149 0.090746 0.0477777 0.039127 0.0417861 0.0187393 0.00881346 0.0136178 0.0128294 0.0260777 0.0340609 0.025671 0.117321 
2000 0 0.00357902 0.0800672 0.123889 0.0916962 0.123953 0.136037 0.0542598 0.074435 0.00565505 0.0454286 0.0379821 0.0326051 0.0216995 0.0126204 0.00945994 0.00787501 0.00934891 0.00394996 0.00521632 0.120242 
2001 0 0.0131803 0.0436521 0.201989 0.105308 0.0769689 0.044648 0.130362 0.0308216 0.029233 0.0107089 0.0279819 0.0277692 0.0229563 0.0305012 0.0322047 0.0224389 0.0220373 0.0175508 0.0244317 0.0852564 
2002 0 0.0323868 0.05453 0.122881 0.245933 0.0932707 0.0352429 0.0408102 0.0657218 0.0407812 0.0320879 0.00424627 0.0188344 0.00618267 0.0199229 0.0303495 0.0107614 0.0117184 0.0087141 0.00247961 0.123146 
2003 0 0.0200808 0.0644451 0.149915 0.146565 0.222072 0.0632314 0.0516755 0.0307872 0.0491408 0.0141064 0.02142 0.00638128 0.0260694 0.0180089 0.00302977 0.00302977 0.00223696 0 0 0.107805 
2004 0 0.00950664 0.0474366 0.168178 0.159619 0.102798 0.207113 0.0661839 0.0310763 0.0248104 0.0242318 0.0149999 0.00994725 0.00236183 0.0130132 0.0509478 0.00820793 0.0127156 0.0104429 0.0178127 0.0185984 
2005 0 0.00288393 0.0384038 0.068749 0.25882 0.15134 0.0748071 0.122458 0.0549284 0.0272584 0.0424036 0.0408489 0.0130824 0.0163718 0.00120266 0.00240532 0.00321139 0.00642279 0.0054642 0.00172754 0.0672105 
2006 0 0 0.0263284 0.186692 0.129835 0.156799 0.122095 0.041326 0.0632213 0.0461977 0.0136331 0.0114803 0.0274326 0.00234147 0.00715051 0.00677336 0.0205291 0.0746877 0.0170226 0.00271475 0.0437398 
2007 0 0.000728294 0.00166768 0.00497085 0.0145987 0.00775539 0.0106631 0.00533486 0.00311091 0.00587456 0.000998171 0.000783653 0.00136395 0.000858476 0.000623588 7.52542e-005 0.000396386 0.00171214 0.00104324 0.00167437 0.935766 
2008 0 0.0142032 0.0391234 0.0562618 0.12804 0.17974 0.0835463 0.145251 0.0819765 0.0493979 0.0928299 0.0227113 0.0118122 0.0149027 0.00745136 0.00771516 0.00494539 0 0.0188356 0.00152671 0.0397301 
2009 0 0.0489147 0.0440946 0.0767117 0.0277313 0.121658 0.121822 0.0493644 0.099672 0.0461153 0.0338566 0.146116 0.0486018 0.00508563 0.0124228 0.0131808 0.0173627 0.0073114 0.00226594 0.0189891 0.0587228 
2010 0 0.0032997 0.119601 0.0387371 0.0781511 0.0136689 0.097553 0.15342 0.129179 0.162976 0.0546144 0.0342733 0.0515434 0.012281 0.0137254 0.0124876 0.0108842 0 0 0 0.0136044 
2011 0 0 0.0282171 0.27098 0.0682659 0.0509097 0.0209234 0.0701773 0.148601 0.0490174 0.0552327 0.0437902 0.0533347 0.0514891 0.0305476 0.00183196 0.00904653 0.00366393 0.00164577 0.00142907 0.0408965 
2012 0 0.0220975 0.0251861 0.0546812 0.345469 0.0397045 0.0236513 0.0135333 0.0568538 0.0923635 0.0239655 0.0564742 0.0412775 0.0247714 0.0412285 0.0135372 0.00536533 0.016398 0.0267047 0.0323153 0.0444222 
2013 0 0.00459404 0.0433556 0.033101 0.0556203 0.294337 0.0362345 0.0588724 0.0160774 0.0394496 0.0527778 0.0311995 0.108948 0.0456911 0.0405339 0.0631267 0.0542513 0.0080749 0.00109059 0.00763415 0.00503019 
end_table
table error_values
1990 0 0 0 0 0 0 0 0 0 0 0 0 0 0 0 0 0 0 0 0 0 
1991 0 0 0 0 0 0 0 0 0 0 0 0 0 0 0 0 0 0 0 0 0 
1992 0 0 0 0 0 0 0 0 0 0 0 0 0 0 0 0 0 0 0 0 0 
1993 0 0 0 0 0 0 0 0 0 0 0 0 0 0 0 0 0 0 0 0 0 
1994 0 0 0 0 0 0 0 0 0 0 0 0 0 0 0 0 0 0 0 0 0 
1995 0 0 0 0 0 0 0 0 0 0 0 0 0 0 0 0 0 0 0 0 0 
1996 0 0 0 0 0 0 0 0 0 0 0 0 0 0 0 0 0 0 0 0 0 
1997 0 0 0 0 0 0 0 0 0 0 0 0 0 0 0 0 0 0 0 0 0 
1998 0 0 0 0 0 0 0 0 0 0 0 0 0 0 0 0 0 0 0 0 0 
1999 0 0 0 0 0 0 0 0 0 0 0 0 0 0 0 0 0 0 0 0 0 
2000 0 0 0 0 0 0 0 0 0 0 0 0 0 0 0 0 0 0 0 0 0 
2001 0 0 0 0 0 0 0 0 0 0 0 0 0 0 0 0 0 0 0 0 0 
2002 0 0 0 0 0 0 0 0 0 0 0 0 0 0 0 0 0 0 0 0 0 
2003 0 0 0 0 0 0 0 0 0 0 0 0 0 0 0 0 0 0 0 0 0 
2004 0 0 0 0 0 0 0 0 0 0 0 0 0 0 0 0 0 0 0 0 0 
2005 0 0 0 0 0 0 0 0 0 0 0 0 0 0 0 0 0 0 0 0 0 
2006 0 0 0 0 0 0 0 0 0 0 0 0 0 0 0 0 0 0 0 0 0 
2007 0 0 0 0 0 0 0 0 0 0 0 0 0 0 0 0 0 0 0 0 0 
2008 0 0 0 0 0 0 0 0 0 0 0 0 0 0 0 0 0 0 0 0 0 
2009 0 0 0 0 0 0 0 0 0 0 0 0 0 0 0 0 0 0 0 0 0 
2010 0 0 0 0 0 0 0 0 0 0 0 0 0 0 0 0 0 0 0 0 0 
2011 0 0 0 0 0 0 0 0 0 0 0 0 0 0 0 0 0 0 0 0 0 
2012 0 0 0 0 0 0 0 0 0 0 0 0 0 0 0 0 0 0 0 0 0 
2013 0 0 0 0 0 0 0 0 0 0 0 0 0 0 0 0 0 0 0 0 0 
end_table

