@observation HG_age_sample_sim
age_samples_per_cluster 10 
ageing_error age_error 
average_cluster_weight 6 
cluster_cv 0.6 
cluster_sigma 1.1 
fishery_label Fishing_LL 
layer_of_stratum_definitions area_definition 
max_age 20 
min_age 0 
process_label fishing 
strata_to_include HG 
type mortality_event_biomass_age_clusters 
years 1990 1991 1992 1993 1994 1995 1996 1997 1998 1999 2000 2001 2002 2003 2004 2005 2006 2007 2008 2009 2010 2011 2012 2013 
table obs
1990 0 0.0209366 0.0127517 0.0269491 0.0652319 0.0714354 0.0702266 0.0668614 0.0698944 0.0831618 0.0498426 0.0777451 0.058767 0.0345609 0.0308598 0.0480271 0.0313373 0.0635857 0.026356 0.006854 0.0846157 
1991 0 0.0277337 0.044085 0.0744414 0.12767 0.154178 0.0941528 0.0783173 0.0501355 0.0394094 0.0468869 0.0383949 0.0434949 0.0347214 0.0247638 0.0315944 0.0236739 0.00958733 0.00103784 0.00473276 0.050988 
1992 0 0.00595462 0.0265156 0.066361 0.0884896 0.0919777 0.0973065 0.06631 0.0801864 0.05317 0.0382988 0.0447839 0.0391029 0.0345428 0.0216566 0.0229654 0.0370194 0.0321493 0.01882 0.022599 0.111791 
1993 0 0.0179797 0.0114149 0.128837 0.100194 0.0761026 0.0792057 0.0642533 0.0520665 0.0381294 0.0499196 0.0526637 0.0181422 0.0424106 0.0174841 0.0242847 0.0108621 0.0136931 0.0246039 0.0383721 0.139381 
1994 0 0.00916312 0.0403234 0.0449528 0.125399 0.17882 0.121677 0.0759478 0.0377982 0.0135523 0.0127151 0.0226356 0.0449984 0.0756287 0.041931 0.0163298 0.0152453 0.0169186 0.00839687 0.00961677 0.0879502 
1995 0 0 0.00668283 0.0544899 0.0400304 0.135329 0.103457 0.0658215 0.113766 0.0521748 0.0499804 0.0221783 0.01376 0.0147317 0.00734667 0.0109136 0.0277187 0.0223026 0.0227893 0.0204384 0.216088 
1996 0 0.00453707 0.033313 0.0786959 0.0997729 0.0518061 0.119418 0.0565803 0.058095 0.0327125 0.0400555 0.0253111 0.03572 0.0410428 0.0584532 0.0431853 0.0275781 0.0324345 0.0110724 0.00763086 0.142586 
1997 0 0.00673903 0.0247067 0.090636 0.0674307 0.0785934 0.0215917 0.0663026 0.0580818 0.0432999 0.0223927 0.0239112 0.0361962 0.034359 0.0242326 0.0536116 0.0716233 0.0486798 0.0421928 0.0284415 0.156977 
1998 0 0.00874103 0.0275235 0.13706 0.196084 0.0602604 0.062336 0.0298779 0.0786021 0.059168 0.0363365 0.0322025 0.0224305 0.0132361 0.0116791 0.017654 0.022192 0.0187776 0.0161359 0.0241186 0.125585 
1999 0 0.0111889 0.0122564 0.0365856 0.104975 0.168865 0.0443827 0.0840075 0.0313872 0.0862699 0.0574976 0.0388173 0.0198426 0.024241 0.0212452 0.0311613 0.0280557 0.0110444 0.0192178 0.0324554 0.136504 
2000 0 0.0200734 0.0958816 0.0887826 0.0780094 0.0912007 0.13322 0.0425192 0.0557079 0.0287813 0.0658877 0.0757405 0.0411693 0.0182617 0.0163816 0.0142243 0.00634509 0.0150714 0.00421968 0.0254983 0.0830248 
2001 0 0.0133054 0.0461642 0.187166 0.134899 0.115964 0.0897885 0.101216 0.0515982 0.0697831 0.0242556 0.044896 0.0318357 0.027081 0.00599192 0.0022723 0.00459253 0.00523056 0.00632104 0.0121774 0.0254612 
2002 0 0.0174644 0.0263036 0.0906365 0.232748 0.108108 0.0559066 0.066267 0.0915413 0.0359006 0.0406713 0.00610484 0.0266358 0.0319136 0.0299223 0.0175982 0.0256772 0.0124089 0.0128064 0.0117217 0.0596646 
2003 0 0.0499058 0.0680274 0.155116 0.142128 0.231182 0.0754059 0.0296471 0.0326035 0.0358556 0.0252903 0.036457 0.00453908 0.00821472 0.00618803 0.0191233 0.00967158 0.00668518 0.0101069 0.0185209 0.0353318 
2004 0 0.0185671 0.0247025 0.134772 0.162013 0.120275 0.167941 0.0642119 0.0410726 0.0360111 0.0271857 0.00565703 0.00391538 0.00833036 0.0313151 0.0144001 0.0249989 0.0159316 0.0138088 0.0101619 0.0747291 
2005 0 0.00576949 0.0701551 0.0726273 0.215422 0.127225 0.101053 0.115414 0.0328153 0.0370401 0.0287845 0.057339 0.0117763 0.00673067 0.00907003 0.015704 0.0149449 0.0182434 0.0147146 0.00655411 0.0386166 
2006 0 0.00477867 0.0270617 0.102727 0.104953 0.131316 0.0900862 0.0490616 0.0723342 0.0450929 0.0157698 0.0440151 0.024608 0.0229837 0.00759088 0.00241494 0.0159012 0.0467076 0.0530026 0.0372183 0.102376 
2007 0 0.000125483 0.0016348 0.00695741 0.0333539 0.0190472 0.0236612 0.0149124 0.00836382 0.0123832 0.00466576 0.000464715 0.0010257 0.00354441 0.000586844 0 0.00053369 0.0103972 0.0188145 0.0104322 0.829096 
2008 0 0.0186287 0.0446273 0.0716611 0.0827753 0.153987 0.0681511 0.111853 0.0905249 0.0357872 0.0656178 0.0545287 0.0189052 0.0186844 0.0342543 0.0150824 0.00728693 0 0.014339 0.00940729 0.0838993 
2009 0 0.0102007 0.0173973 0.0806783 0.0419266 0.148329 0.275481 0.0965964 0.134903 0.0469176 0.0288839 0.0445973 0.0244614 0.00761465 0.00456713 0.0115216 0.0035352 0 0 0 0.0223888 
2010 0 0.00794232 0.0848171 0.0332962 0.0723163 0.0239008 0.103192 0.160132 0.0895823 0.112152 0.0501747 0.0567848 0.0572784 0.0163401 0.0152322 0.0271742 0.0535225 0.00180959 0 0 0.0343519 
2011 0 0.00340232 0.0332524 0.314695 0.109978 0.0692405 0.0204907 0.0357282 0.0784478 0.035127 0.100128 0.0846242 0.032418 0.0505415 0.0140515 0.00866469 0.00197355 0 0 0 0.00723605 
2012 0 0.0208016 0.035468 0.102071 0.307277 0.0695516 0.0835966 0.0375953 0.0702348 0.0607626 0.0221481 0.0853188 0.038391 0.0157838 0.0431509 0.00213033 0 0 0 0.000635351 0.00508281 
2013 0 0.0120025 0.0457892 0.0455199 0.0873361 0.30878 0.0559796 0.0630674 0.0333008 0.0173804 0.032152 0.00841234 0.0534034 0.0412803 0.0499817 0.0470207 0.0125031 0.00916944 0.0115024 0.0207439 0.0446748 
end_table
table error_values
1990 0 0 0 0 0 0 0 0 0 0 0 0 0 0 0 0 0 0 0 0 0 
1991 0 0 0 0 0 0 0 0 0 0 0 0 0 0 0 0 0 0 0 0 0 
1992 0 0 0 0 0 0 0 0 0 0 0 0 0 0 0 0 0 0 0 0 0 
1993 0 0 0 0 0 0 0 0 0 0 0 0 0 0 0 0 0 0 0 0 0 
1994 0 0 0 0 0 0 0 0 0 0 0 0 0 0 0 0 0 0 0 0 0 
1995 0 0 0 0 0 0 0 0 0 0 0 0 0 0 0 0 0 0 0 0 0 
1996 0 0 0 0 0 0 0 0 0 0 0 0 0 0 0 0 0 0 0 0 0 
1997 0 0 0 0 0 0 0 0 0 0 0 0 0 0 0 0 0 0 0 0 0 
1998 0 0 0 0 0 0 0 0 0 0 0 0 0 0 0 0 0 0 0 0 0 
1999 0 0 0 0 0 0 0 0 0 0 0 0 0 0 0 0 0 0 0 0 0 
2000 0 0 0 0 0 0 0 0 0 0 0 0 0 0 0 0 0 0 0 0 0 
2001 0 0 0 0 0 0 0 0 0 0 0 0 0 0 0 0 0 0 0 0 0 
2002 0 0 0 0 0 0 0 0 0 0 0 0 0 0 0 0 0 0 0 0 0 
2003 0 0 0 0 0 0 0 0 0 0 0 0 0 0 0 0 0 0 0 0 0 
2004 0 0 0 0 0 0 0 0 0 0 0 0 0 0 0 0 0 0 0 0 0 
2005 0 0 0 0 0 0 0 0 0 0 0 0 0 0 0 0 0 0 0 0 0 
2006 0 0 0 0 0 0 0 0 0 0 0 0 0 0 0 0 0 0 0 0 0 
2007 0 0 0 0 0 0 0 0 0 0 0 0 0 0 0 0 0 0 0 0 0 
2008 0 0 0 0 0 0 0 0 0 0 0 0 0 0 0 0 0 0 0 0 0 
2009 0 0 0 0 0 0 0 0 0 0 0 0 0 0 0 0 0 0 0 0 0 
2010 0 0 0 0 0 0 0 0 0 0 0 0 0 0 0 0 0 0 0 0 0 
2011 0 0 0 0 0 0 0 0 0 0 0 0 0 0 0 0 0 0 0 0 0 
2012 0 0 0 0 0 0 0 0 0 0 0 0 0 0 0 0 0 0 0 0 0 
2013 0 0 0 0 0 0 0 0 0 0 0 0 0 0 0 0 0 0 0 0 0 
end_table

