@observation HG_age_sample_sim
age_samples_per_cluster 10 
ageing_error age_error 
average_cluster_weight 6 
cluster_cv 0.6 
cluster_sigma 1.1 
fishery_label Fishing_LL 
layer_of_stratum_definitions area_definition 
max_age 20 
min_age 0 
process_label fishing 
strata_to_include HG 
type mortality_event_biomass_age_clusters 
years 1990 1991 1992 1993 1994 1995 1996 1997 1998 1999 2000 2001 2002 2003 2004 2005 2006 2007 2008 2009 2010 2011 2012 2013 
table obs
1990 0 0.0137931 0.0444471 0.071888 0.0559038 0.0929667 0.0760496 0.0569923 0.0509253 0.0334702 0.0446767 0.034081 0.0386747 0.0330358 0.0507991 0.0438317 0.0454278 0.00957129 0.016522 0.016894 0.17005 
1991 0 0.0136364 0.0205856 0.0511073 0.0637029 0.0682829 0.068335 0.0999029 0.0817233 0.0853993 0.0925797 0.0767632 0.0391889 0.0324664 0.0323437 0.0282192 0.00790655 0.0114741 0.00689065 0.0113057 0.108187 
1992 0 0.00536607 0.0139472 0.0532339 0.134977 0.104846 0.112532 0.064146 0.0491675 0.0404291 0.0278654 0.0341088 0.0474202 0.0469618 0.0275677 0.0296002 0.0380165 0.0158579 0.0142996 0.018539 0.121118 
1993 0 0.0256613 0.0239143 0.0635325 0.102699 0.124493 0.0718476 0.0618312 0.0545045 0.0660207 0.0587407 0.0474562 0.024739 0.0308191 0.0177644 0.0239989 0.0214547 0.00990267 0.0164939 0.0111453 0.142982 
1994 0 0.00474025 0.050549 0.0378674 0.0904591 0.138841 0.0868027 0.118298 0.0592892 0.0361382 0.068788 0.0710403 0.0484366 0.0322417 0.00874442 0.0199587 0.008435 0.0140374 0.00702487 0.0300683 0.0682398 
1995 0 0.00622811 0.0116299 0.0685118 0.0395794 0.109909 0.0901699 0.0505032 0.0570184 0.0568545 0.0469117 0.0445233 0.0300935 0.0334901 0.0429749 0.02591 0.0315827 0.0292527 0.0149155 0.0114826 0.198459 
1996 0 0.00359085 0.044134 0.0692313 0.0995466 0.041885 0.161735 0.0647103 0.052585 0.0633343 0.0326573 0.0505151 0.0638637 0.0698653 0.0196027 0.0119229 0.0248095 0.0149637 0.00614341 0.0072322 0.0976714 
1997 0 0 0.00939096 0.147921 0.135105 0.104584 0.0465177 0.0734414 0.0375344 0.0276668 0.0312814 0.0557283 0.053284 0.0400938 0.0352213 0.0145266 0.0111214 0.0105207 0.0147677 0.00966751 0.141626 
1998 0 0 0.010798 0.0582423 0.144388 0.0574623 0.0623172 0.0279962 0.102935 0.0892271 0.0694008 0.0602953 0.031042 0.0256043 0.0347841 0.0193561 0.0196604 0.0195905 0.0144408 0.0213318 0.131128 
1999 0 0.0220358 0.0273502 0.0556827 0.0969115 0.212745 0.0402962 0.0432379 0.0101665 0.0765469 0.0500219 0.0429624 0.0450108 0.0319846 0.0301661 0.0220605 0.0187572 0.0151321 0.0185585 0.0147158 0.125657 
2000 0 0.0379424 0.0731645 0.0817087 0.0566478 0.106077 0.184246 0.0475637 0.0276348 0.0345627 0.0505557 0.0266332 0.0472075 0.0236234 0.0165247 0.0351562 0.0354153 0.0220222 0.0200558 0.01869 0.0545682 
2001 0 0.00606174 0.0441867 0.169155 0.131224 0.0524409 0.0683609 0.108011 0.0733789 0.0501019 0.0104316 0.0482724 0.038142 0.0236497 0.0337685 0.0213361 0.0124364 0.0125017 0.014832 0.00825702 0.073452 
2002 0 0.0195108 0.0872651 0.0934841 0.174211 0.0639417 0.0725754 0.105686 0.102991 0.019518 0.0156189 0.0113549 0.0402962 0.0175663 0.0177582 0.00902218 0.00581737 0.018403 0.030752 0.00509981 0.0891279 
2003 0 0.00219362 0.136399 0.123574 0.103788 0.145709 0.0480885 0.0243113 0.00870683 0.0635303 0.0283493 0.0487956 0.00468684 0.0417045 0.0304519 0.0101261 0.0287416 0.0255728 0.0302716 0.0324214 0.0625782 
2004 0 0.0132304 0.0319184 0.159925 0.140756 0.127592 0.212873 0.0845066 0.0379282 0.00860213 0.00699177 0.0132018 0.0133924 0.00967074 0.0184995 0.00963665 0.00825222 0.0180415 0.00793416 0.00432714 0.0727197 
2005 0 0.00659957 0.0476148 0.0565452 0.169822 0.114837 0.0957467 0.155418 0.0349487 0.0315889 0.0101858 0.041712 0.0299692 0.120537 0.0162172 0.0270545 0.00249872 0.00374809 0 0.0111488 0.0238079 
2006 0 0.00306929 0.0268583 0.105433 0.0902039 0.166194 0.0762121 0.0576791 0.0745965 0.0361516 0.0159834 0.017922 0.0454101 0.0187153 0.018357 0.0010568 0.0099042 0.0641256 0.0270643 0.0275024 0.117561 
2007 0 0 0.000283965 0.0166458 0.0251945 0.0128767 0.0157821 0.0148213 0.00838974 0.00793796 0.00127977 0.00133544 0.000721314 0.00259986 0.00152643 0.00103745 0.000154456 0.00349974 0.003898 0.0060607 0.875955 
2008 0 0.0147721 0.0211232 0.0265871 0.0824703 0.0929405 0.0663784 0.124455 0.1008 0.0950934 0.184043 0.0226542 0.0150895 0.0128332 0.0224002 0 0.00401964 0 0.0200982 0.0153357 0.0789067 
2009 0 0.0285973 0.0239327 0.0417022 0.0132664 0.122096 0.196905 0.0858571 0.113559 0.0698569 0.0569755 0.07074 0.0186832 0.0318984 0.0157907 0.0201873 0.0393706 0.0130464 0 0.00225985 0.0352747 
2010 0 0.0114751 0.19822 0.0444176 0.0674854 0.0279913 0.0765322 0.167938 0.0535329 0.164482 0.0505652 0.0236055 0.048971 0.0123907 0.00734451 0.0145771 0.00521924 0.00580528 0 0.00290264 0.0165437 
2011 0 0 0.0265963 0.290771 0.0931828 0.12026 0.0400013 0.0465044 0.0995777 0.0383071 0.0897409 0.0397687 0.0249167 0.037477 0.00471395 0.00537888 0.0135039 0.00506159 0.00297322 0.00297322 0.0182913 
2012 0 0.0161394 0.0300401 0.0638139 0.313073 0.0968834 0.0638282 0.0352226 0.0783867 0.0821479 0.0215293 0.0613914 0.0164535 0.0241632 0.0520782 0.00368553 0.00737107 0 0.0142943 0.00714715 0.0123516 
2013 0 0.00893342 0.108381 0.0627674 0.108663 0.250973 0.0262761 0.057406 0.0130498 0.0467887 0.0356679 0.0220813 0.0326012 0.0511559 0.0374342 0.0400792 0.0133881 0.011095 0.0134804 0.0134716 0.0463074 
end_table
table error_values
1990 0 0 0 0 0 0 0 0 0 0 0 0 0 0 0 0 0 0 0 0 0 
1991 0 0 0 0 0 0 0 0 0 0 0 0 0 0 0 0 0 0 0 0 0 
1992 0 0 0 0 0 0 0 0 0 0 0 0 0 0 0 0 0 0 0 0 0 
1993 0 0 0 0 0 0 0 0 0 0 0 0 0 0 0 0 0 0 0 0 0 
1994 0 0 0 0 0 0 0 0 0 0 0 0 0 0 0 0 0 0 0 0 0 
1995 0 0 0 0 0 0 0 0 0 0 0 0 0 0 0 0 0 0 0 0 0 
1996 0 0 0 0 0 0 0 0 0 0 0 0 0 0 0 0 0 0 0 0 0 
1997 0 0 0 0 0 0 0 0 0 0 0 0 0 0 0 0 0 0 0 0 0 
1998 0 0 0 0 0 0 0 0 0 0 0 0 0 0 0 0 0 0 0 0 0 
1999 0 0 0 0 0 0 0 0 0 0 0 0 0 0 0 0 0 0 0 0 0 
2000 0 0 0 0 0 0 0 0 0 0 0 0 0 0 0 0 0 0 0 0 0 
2001 0 0 0 0 0 0 0 0 0 0 0 0 0 0 0 0 0 0 0 0 0 
2002 0 0 0 0 0 0 0 0 0 0 0 0 0 0 0 0 0 0 0 0 0 
2003 0 0 0 0 0 0 0 0 0 0 0 0 0 0 0 0 0 0 0 0 0 
2004 0 0 0 0 0 0 0 0 0 0 0 0 0 0 0 0 0 0 0 0 0 
2005 0 0 0 0 0 0 0 0 0 0 0 0 0 0 0 0 0 0 0 0 0 
2006 0 0 0 0 0 0 0 0 0 0 0 0 0 0 0 0 0 0 0 0 0 
2007 0 0 0 0 0 0 0 0 0 0 0 0 0 0 0 0 0 0 0 0 0 
2008 0 0 0 0 0 0 0 0 0 0 0 0 0 0 0 0 0 0 0 0 0 
2009 0 0 0 0 0 0 0 0 0 0 0 0 0 0 0 0 0 0 0 0 0 
2010 0 0 0 0 0 0 0 0 0 0 0 0 0 0 0 0 0 0 0 0 0 
2011 0 0 0 0 0 0 0 0 0 0 0 0 0 0 0 0 0 0 0 0 0 
2012 0 0 0 0 0 0 0 0 0 0 0 0 0 0 0 0 0 0 0 0 0 
2013 0 0 0 0 0 0 0 0 0 0 0 0 0 0 0 0 0 0 0 0 0 
end_table

