@observation HG_age_sample_sim
age_samples_per_cluster 10 
ageing_error age_error 
average_cluster_weight 6 
cluster_cv 0.6 
cluster_sigma 1.1 
fishery_label Fishing_LL 
layer_of_stratum_definitions area_definition 
max_age 20 
min_age 0 
process_label fishing 
strata_to_include HG 
type mortality_event_biomass_age_clusters 
years 1990 1991 1992 1993 1994 1995 1996 1997 1998 1999 2000 2001 2002 2003 2004 2005 2006 2007 2008 2009 2010 2011 2012 2013 
table obs
1990 0 0.00944577 0.0393651 0.0300618 0.0722211 0.0845932 0.0564708 0.0857985 0.0577398 0.0369304 0.0381127 0.080607 0.076342 0.0378268 0.0397678 0.0380166 0.044624 0.0420836 0.0150793 0.0116966 0.103217 
1991 0 0.0179433 0.0279355 0.0501011 0.10164 0.0957343 0.0787101 0.110312 0.0471745 0.0506585 0.0668468 0.0516283 0.0318591 0.02954 0.0194876 0.0220927 0.0196582 0.020973 0.0282695 0.017004 0.112431 
1992 0 0 0.015426 0.0814848 0.125418 0.112204 0.104497 0.0580122 0.0845408 0.0458677 0.0680807 0.0439202 0.0207915 0.027501 0.0166877 0.0254423 0.0156379 0.0142932 0.0140851 0.00992451 0.116185 
1993 0 0.00927809 0.00603472 0.0832212 0.0904377 0.067409 0.072356 0.0719324 0.0607771 0.0543227 0.087958 0.0459009 0.0502891 0.0621895 0.0340132 0.0470697 0.0369696 0.00599374 0.00641835 0.00486635 0.102563 
1994 0 0.0202066 0.016456 0.0220315 0.161992 0.121688 0.134698 0.0778047 0.0645445 0.0360382 0.0280932 0.0196798 0.0239459 0.0121996 0.0226538 0.0212158 0.00572497 0.0115031 0.0195464 0.0163785 0.1636 
1995 0 0.00197258 0.0168493 0.108837 0.0674748 0.164387 0.106032 0.075058 0.0496658 0.0288118 0.0535166 0.0261044 0.0278207 0.0229751 0.0188767 0.0189093 0.0262809 0.0227411 0.0286171 0.0109646 0.124106 
1996 0 0.00302181 0.0330088 0.0665901 0.0835598 0.0200809 0.11703 0.079882 0.0828165 0.0760332 0.0523494 0.0425307 0.0456459 0.0483699 0.0555876 0.0273668 0.0154227 0.0203946 0.0248468 0.0133649 0.0920976 
1997 0 0.00332983 0.0388388 0.108542 0.0833823 0.0894579 0.0383128 0.126903 0.0742456 0.045033 0.0429538 0.0369588 0.0378226 0.04312 0.0182513 0.0127064 0.011255 0.0287395 0.0326522 0.0175839 0.109911 
1998 0 0.0377871 0.0254052 0.0694217 0.1514 0.0658801 0.0626245 0.0298739 0.0973393 0.0422527 0.0336645 0.050419 0.0337385 0.0516271 0.0425957 0.0205997 0.0206228 0.0148854 0.0065111 0.0137352 0.129616 
1999 0 0.0831662 0.0342336 0.0504764 0.0691818 0.146552 0.0258638 0.0423563 0.0172928 0.0824585 0.0385768 0.0392196 0.0265243 0.0138656 0.0175835 0.0234946 0.0226131 0.0420658 0.0217701 0.0180314 0.184674 
2000 0 0.0039642 0.0589305 0.100027 0.102861 0.101189 0.137113 0.0584527 0.0546359 0.0182362 0.0199212 0.042531 0.0487357 0.0332706 0.0477507 0.0381582 0.0208533 0.0285769 0.0321962 0.0171869 0.0354097 
2001 0 0.0333677 0.0438414 0.211247 0.123681 0.0725375 0.0830092 0.0541898 0.0287922 0.0457114 0.0241592 0.0606634 0.0195263 0.0198786 0.0362644 0.0161833 0.0114983 0.00731355 0.0088912 0.0128295 0.0864145 
2002 0 0.0161297 0.0432353 0.0652149 0.241823 0.13835 0.0593728 0.0476444 0.0779408 0.032676 0.0106226 0.0187107 0.0226547 0.040849 0.0186732 0.0109001 0.00110763 0.00732945 0.0222811 0.0318074 0.0926773 
2003 0 0.0202457 0.0859967 0.123189 0.144715 0.205864 0.119833 0.0476213 0.0218055 0.0438513 0.0130257 0.0380484 0.0156058 0.0284171 0.0212211 0.0298279 0.00791751 0.00378694 0 0.00128002 0.0277473 
2004 0 0.00331059 0.0203091 0.177767 0.155406 0.119991 0.235335 0.0386811 0.0304911 0.0346053 0.0512757 0.00553228 0.00742808 0.0062606 0.0496516 0.0174024 0.0105847 0.00168378 0.00187343 0 0.0324112 
2005 0 0.00653268 0.0268161 0.0476879 0.267817 0.0779587 0.0755057 0.136072 0.0501192 0.0380532 0.0395679 0.0373017 0.0279484 0.00821748 0 0.014644 0.0155588 0.021292 0.0163018 0.00993232 0.0826734 
2006 0 0 0.0348032 0.127425 0.074415 0.127495 0.0901693 0.0772348 0.148259 0.04745 0.015504 0.0405346 0.0442227 0.0133585 0.00121692 0 0 0 0.00262951 0.00262951 0.152653 
2007 0 0 0 0.00509201 0.014273 0.00771045 0.00948678 0.0053511 0.00597684 0.00618624 0.00309319 0.00296913 0.00321927 0.00164186 0 0.00018089 0 0 0.000710148 0.00168225 0.932427 
2008 0 0.00117438 0.0250231 0.016443 0.0979263 0.224014 0.0948641 0.158538 0.0902362 0.0406387 0.0655484 0.0283932 0.00485022 0.0179633 0.0375966 0.00194978 0 0 0.00669251 0.0115893 0.0765585 
2009 0 0.0228323 0.00769413 0.0285653 0.030058 0.0855898 0.15368 0.0914005 0.170687 0.0548558 0.0733924 0.105355 0.0338958 0.00471981 0.0185005 0.0444833 0.0152813 0.00419708 0.000574634 0.0116831 0.0425544 
2010 0 0.00619202 0.138917 0.0183805 0.0973318 0.026306 0.0873719 0.153811 0.0735749 0.107149 0.0661045 0.0403286 0.0586435 0.0198744 0.00593096 0 0.00561926 0.0100419 0.0107153 0 0.0737075 
2011 0 0.0184863 0.0213633 0.342514 0.0404361 0.0766885 0.0199233 0.0568766 0.0585971 0.0330543 0.0570188 0.0701675 0.0435217 0.0471324 0.0313869 0.00161664 0.0102996 0.0306216 0.00334691 0 0.0369488 
2012 0 0.0340638 0.0349538 0.0362989 0.223042 0.0540736 0.0500938 0.0191533 0.0644273 0.119866 0.051268 0.102219 0.0488866 0.0244007 0.0574697 0.0190978 0.00541837 0.0160177 0.0230475 0.0091904 0.00701138 
2013 0 0.0073854 0.0917271 0.0723603 0.0754046 0.289594 0.038399 0.0240105 0.00545004 0.0652822 0.0717941 0.0350619 0.0639219 0.0334881 0.00753761 0.0315965 0.0212366 0.00971658 0.00599175 0.00241466 0.047627 
end_table
table error_values
1990 0 0 0 0 0 0 0 0 0 0 0 0 0 0 0 0 0 0 0 0 0 
1991 0 0 0 0 0 0 0 0 0 0 0 0 0 0 0 0 0 0 0 0 0 
1992 0 0 0 0 0 0 0 0 0 0 0 0 0 0 0 0 0 0 0 0 0 
1993 0 0 0 0 0 0 0 0 0 0 0 0 0 0 0 0 0 0 0 0 0 
1994 0 0 0 0 0 0 0 0 0 0 0 0 0 0 0 0 0 0 0 0 0 
1995 0 0 0 0 0 0 0 0 0 0 0 0 0 0 0 0 0 0 0 0 0 
1996 0 0 0 0 0 0 0 0 0 0 0 0 0 0 0 0 0 0 0 0 0 
1997 0 0 0 0 0 0 0 0 0 0 0 0 0 0 0 0 0 0 0 0 0 
1998 0 0 0 0 0 0 0 0 0 0 0 0 0 0 0 0 0 0 0 0 0 
1999 0 0 0 0 0 0 0 0 0 0 0 0 0 0 0 0 0 0 0 0 0 
2000 0 0 0 0 0 0 0 0 0 0 0 0 0 0 0 0 0 0 0 0 0 
2001 0 0 0 0 0 0 0 0 0 0 0 0 0 0 0 0 0 0 0 0 0 
2002 0 0 0 0 0 0 0 0 0 0 0 0 0 0 0 0 0 0 0 0 0 
2003 0 0 0 0 0 0 0 0 0 0 0 0 0 0 0 0 0 0 0 0 0 
2004 0 0 0 0 0 0 0 0 0 0 0 0 0 0 0 0 0 0 0 0 0 
2005 0 0 0 0 0 0 0 0 0 0 0 0 0 0 0 0 0 0 0 0 0 
2006 0 0 0 0 0 0 0 0 0 0 0 0 0 0 0 0 0 0 0 0 0 
2007 0 0 0 0 0 0 0 0 0 0 0 0 0 0 0 0 0 0 0 0 0 
2008 0 0 0 0 0 0 0 0 0 0 0 0 0 0 0 0 0 0 0 0 0 
2009 0 0 0 0 0 0 0 0 0 0 0 0 0 0 0 0 0 0 0 0 0 
2010 0 0 0 0 0 0 0 0 0 0 0 0 0 0 0 0 0 0 0 0 0 
2011 0 0 0 0 0 0 0 0 0 0 0 0 0 0 0 0 0 0 0 0 0 
2012 0 0 0 0 0 0 0 0 0 0 0 0 0 0 0 0 0 0 0 0 0 
2013 0 0 0 0 0 0 0 0 0 0 0 0 0 0 0 0 0 0 0 0 0 
end_table

