@observation HG_age_sample_sim
age_samples_per_cluster 10 
ageing_error age_error 
average_cluster_weight 6 
cluster_cv 0.6 
cluster_sigma 1.1 
fishery_label Fishing_LL 
layer_of_stratum_definitions area_definition 
max_age 20 
min_age 0 
process_label fishing 
strata_to_include HG 
type mortality_event_biomass_age_clusters 
years 1990 1991 1992 1993 1994 1995 1996 1997 1998 1999 2000 2001 2002 2003 2004 2005 2006 2007 2008 2009 2010 2011 2012 2013 
table obs
1990 0 0 0.00146229 0.0147302 0.084458 0.0692977 0.0818388 0.0788568 0.0460777 0.0910995 0.0319586 0.0905438 0.076194 0.0345529 0.0149465 0.0184532 0.0378534 0.0360071 0.0203132 0.0193181 0.152038 
1991 0 0.00697629 0.0300019 0.0469192 0.0877813 0.0928356 0.091196 0.0695842 0.0403676 0.0368387 0.0537134 0.0613972 0.0342927 0.0282494 0.0395739 0.0259142 0.0289072 0.0282269 0.0300672 0.00892161 0.158236 
1992 0 0 0.0554543 0.0863141 0.135138 0.106488 0.0745372 0.058621 0.0577637 0.0736792 0.0744316 0.0376751 0.0242794 0.03399 0.0360595 0.0276884 0.0142583 0.0128563 0.0167761 0.00351565 0.0704746 
1993 0 0.00714618 0.00724425 0.062739 0.0732357 0.108016 0.0636722 0.0872915 0.0514618 0.0668927 0.0435255 0.0612214 0.0519373 0.0542975 0.0327113 0.0145687 0.0388278 0.0340393 0.0223112 0.0214383 0.0974222 
1994 0 0 0.0403678 0.0284419 0.165987 0.142523 0.0933354 0.0736076 0.0516467 0.0631724 0.0675789 0.0611408 0.0338851 0.0360859 0.0190263 0.0241581 0.00708967 0.0157779 0.0281054 0.01568 0.0323908 
1995 0 0.00553452 0.0289976 0.0916367 0.050094 0.15888 0.0762333 0.0859632 0.058693 0.0463266 0.0482563 0.0464898 0.0321498 0.0398825 0.0255108 0.0261739 0.023163 0.0131477 0.0123785 0.0102416 0.120247 
1996 0 0.00730145 0.0673825 0.052872 0.0789109 0.0161161 0.0934801 0.0519322 0.03324 0.040892 0.0617975 0.0601435 0.0378988 0.0426363 0.0707504 0.0628695 0.0433298 0.0288248 0.0236394 0.0233518 0.102631 
1997 0 0.000983779 0.00867718 0.0765784 0.0575925 0.0940114 0.033538 0.129973 0.0887597 0.084806 0.0406906 0.0306612 0.0407322 0.0364756 0.0227871 0.0192125 0.0510107 0.0544923 0.0166733 0.00519697 0.107147 
1998 0 0.00673634 0.0101868 0.0404181 0.108709 0.083592 0.0798764 0.0243899 0.07668 0.0770473 0.0551955 0.0768553 0.0343254 0.0478521 0.0346484 0.0204712 0.0233503 0.0271941 0.0267213 0.00894509 0.136805 
1999 0 0.0215584 0.0423806 0.064236 0.134759 0.19468 0.0477244 0.0801188 0.0221036 0.0378203 0.037465 0.052813 0.0458754 0.0408158 0.0566624 0.0340498 0.00964927 0.00276206 0.00276206 0.00380835 0.0679559 
2000 0 0.00697977 0.0726786 0.0768352 0.0858968 0.169137 0.164262 0.0235118 0.0572037 0.028314 0.0683995 0.0286792 0.0367565 0.0256562 0.010047 0.00765823 0.0203518 0.0179862 0.00722262 0.0105121 0.0819108 
2001 0 0.0049276 0.0276893 0.238675 0.151699 0.0798852 0.0438293 0.0357678 0.0231622 0.0400817 0.00500839 0.0291621 0.0442176 0.043616 0.0546881 0.0566985 0.0467787 0.0172107 0.00751005 0.00501158 0.0443819 
2002 0 0 0.0407786 0.0447172 0.209125 0.0831871 0.0455868 0.0821852 0.0964049 0.0193345 0.0255349 0.00515971 0.00900862 0.0237228 0.00753021 0.0190121 0.023092 0.00974301 0.0165298 0.0153679 0.22398 
2003 0 0.034011 0.100779 0.0914463 0.143506 0.259445 0.0632073 0.0498826 0.0529238 0.0769715 0.0254071 0.00931162 0.00121382 0.0265954 0.00361819 0 0.00253108 0.02325 0.0122626 0.00380631 0.0198319 
2004 0 0.011723 0.023349 0.155622 0.172942 0.093374 0.193069 0.0722324 0.0495523 0.0222698 0.023888 0.0147577 0.0109976 0.00176303 0.00189985 0.0171438 0.0189691 0.0078272 0.00984235 0.0163783 0.0823999 
2005 0 0.0309018 0.0580016 0.0845182 0.208723 0.142335 0.0515755 0.145239 0.0460752 0.0228547 0.00466033 0.00582439 0.00894388 0.00889808 0.0160419 0.0494249 0.0154217 0.037927 0 0.0107211 0.0519129 
2006 0 0 0.0203949 0.0996564 0.0766545 0.170091 0.107236 0.0483715 0.101687 0.025665 0.0356186 0.0415716 0.0534148 0.00391087 0.0056956 0.00474178 0.0120503 0.0290776 0.0443758 0.0514965 0.0682897 
2007 0 0.000276464 0.000366351 0.0046326 0.0152702 0.00789754 0.00938518 0.00577495 0.0035773 0.00714962 0.00243757 0.001355 0.000477622 0.000189643 0.000784894 0.000324846 0 0 0.0205983 0 0.919502 
2008 0 0.0106874 0.0256928 0.0247016 0.0953833 0.174164 0.0890287 0.126548 0.0883015 0.0719701 0.11698 0.0625984 0.0156921 0.0121295 0.0108917 0.00654656 0.010414 0 0.00791215 0.0129908 0.0373668 
2009 0 0.00304232 0.0105057 0.0467707 0.00416943 0.0912574 0.205678 0.0975855 0.154706 0.0731614 0.0727332 0.0941365 0.0335378 0.0192423 0.00703411 0.0204362 0.010547 0.00532752 0 0.00830465 0.0418244 
2010 0 0.0160647 0.108824 0.0549243 0.0936942 0.0114803 0.115493 0.144087 0.0508775 0.0936589 0.0430489 0.0304139 0.052559 0.0297202 0.00787216 0.0155977 0.0191322 0.00961858 0.0334046 0.00892174 0.0606076 
2011 0 0.00677923 0.00896346 0.275446 0.0847969 0.0649521 0.0150211 0.0676873 0.185906 0.0397416 0.0759594 0.0418173 0.0263352 0.0223836 0.0156975 0.00415605 0.0212046 0.0201407 0 0 0.0230117 
2012 0 0.00783686 0.0318101 0.0762029 0.251634 0.0909525 0.0953108 0.0215784 0.0749057 0.0917741 0.0234718 0.0609005 0.0226649 0.0162595 0.0196354 0.0309694 0.00489837 0.00594711 0 0.00885535 0.064392 
2013 0 0.0174307 0.101121 0.0693783 0.0841692 0.260718 0.0419167 0.0533435 0.0281329 0.0371617 0.0310993 0.021297 0.0624914 0.034848 0.0308342 0.0563554 0.0211064 0.0022523 0.00222254 0.00819042 0.0359315 
end_table
table error_values
1990 0 0 0 0 0 0 0 0 0 0 0 0 0 0 0 0 0 0 0 0 0 
1991 0 0 0 0 0 0 0 0 0 0 0 0 0 0 0 0 0 0 0 0 0 
1992 0 0 0 0 0 0 0 0 0 0 0 0 0 0 0 0 0 0 0 0 0 
1993 0 0 0 0 0 0 0 0 0 0 0 0 0 0 0 0 0 0 0 0 0 
1994 0 0 0 0 0 0 0 0 0 0 0 0 0 0 0 0 0 0 0 0 0 
1995 0 0 0 0 0 0 0 0 0 0 0 0 0 0 0 0 0 0 0 0 0 
1996 0 0 0 0 0 0 0 0 0 0 0 0 0 0 0 0 0 0 0 0 0 
1997 0 0 0 0 0 0 0 0 0 0 0 0 0 0 0 0 0 0 0 0 0 
1998 0 0 0 0 0 0 0 0 0 0 0 0 0 0 0 0 0 0 0 0 0 
1999 0 0 0 0 0 0 0 0 0 0 0 0 0 0 0 0 0 0 0 0 0 
2000 0 0 0 0 0 0 0 0 0 0 0 0 0 0 0 0 0 0 0 0 0 
2001 0 0 0 0 0 0 0 0 0 0 0 0 0 0 0 0 0 0 0 0 0 
2002 0 0 0 0 0 0 0 0 0 0 0 0 0 0 0 0 0 0 0 0 0 
2003 0 0 0 0 0 0 0 0 0 0 0 0 0 0 0 0 0 0 0 0 0 
2004 0 0 0 0 0 0 0 0 0 0 0 0 0 0 0 0 0 0 0 0 0 
2005 0 0 0 0 0 0 0 0 0 0 0 0 0 0 0 0 0 0 0 0 0 
2006 0 0 0 0 0 0 0 0 0 0 0 0 0 0 0 0 0 0 0 0 0 
2007 0 0 0 0 0 0 0 0 0 0 0 0 0 0 0 0 0 0 0 0 0 
2008 0 0 0 0 0 0 0 0 0 0 0 0 0 0 0 0 0 0 0 0 0 
2009 0 0 0 0 0 0 0 0 0 0 0 0 0 0 0 0 0 0 0 0 0 
2010 0 0 0 0 0 0 0 0 0 0 0 0 0 0 0 0 0 0 0 0 0 
2011 0 0 0 0 0 0 0 0 0 0 0 0 0 0 0 0 0 0 0 0 0 
2012 0 0 0 0 0 0 0 0 0 0 0 0 0 0 0 0 0 0 0 0 0 
2013 0 0 0 0 0 0 0 0 0 0 0 0 0 0 0 0 0 0 0 0 0 
end_table

