@observation HG_age_sample_sim
age_samples_per_cluster 10 
ageing_error age_error 
average_cluster_weight 6 
cluster_cv 0.6 
cluster_sigma 1.1 
fishery_label Fishing_LL 
layer_of_stratum_definitions area_definition 
max_age 20 
min_age 0 
process_label fishing 
strata_to_include HG 
type mortality_event_biomass_age_clusters 
years 1990 1991 1992 1993 1994 1995 1996 1997 1998 1999 2000 2001 2002 2003 2004 2005 2006 2007 2008 2009 2010 2011 2012 2013 
table obs
1990 0 0.00655397 0.0320186 0.0150571 0.0693263 0.0900022 0.0479396 0.0422753 0.04672 0.0770839 0.0502571 0.021454 0.0377586 0.0327159 0.0277112 0.0300781 0.0439109 0.0356575 0.0384257 0.0423454 0.212708 
1991 0 0.0148439 0.0412091 0.0675701 0.0963249 0.090119 0.0881382 0.0887961 0.0885768 0.0575555 0.0327948 0.020753 0.0101696 0.0115108 0.0235538 0.0143219 0.0107192 0.0238908 0.0317572 0.00702262 0.180372 
1992 0 0 0.00683484 0.0557312 0.0701106 0.0638601 0.0632942 0.0443319 0.0257186 0.0311751 0.0573685 0.0477331 0.0592508 0.0346607 0.0578599 0.0691091 0.0393364 0.0244483 0.0327217 0.0361161 0.180339 
1993 0 0.0187465 0.0301718 0.0882801 0.0840286 0.0790674 0.0594352 0.0674459 0.0824148 0.0465113 0.0535579 0.0256347 0.0523123 0.033647 0.03419 0.0146877 0.00777236 0.0194104 0.0115383 0.0240637 0.167084 
1994 0 0.0238343 0.0329509 0.0205213 0.14283 0.142414 0.102082 0.0685441 0.0742524 0.0376366 0.0497516 0.0430208 0.0504046 0.0269656 0.0284724 0.0218618 0.0154312 0.0156945 0.00669121 0.0110799 0.0855601 
1995 0 0.00363356 0.0194087 0.0355898 0.0164877 0.118082 0.0679831 0.101975 0.0908772 0.0992647 0.0363703 0.0398586 0.0175264 0.0407209 0.0248202 0.0295636 0.0139607 0.00975174 0.0240617 0.0283072 0.181757 
1996 0 0 0.0175773 0.0541374 0.12727 0.0376883 0.104236 0.0622383 0.0525618 0.063407 0.0487902 0.0618836 0.0445954 0.0683162 0.0491465 0.0283367 0.0169543 0.0250684 0.0125724 0.0128409 0.11238 
1997 0 0 0.000668352 0.0528374 0.0326367 0.0857705 0.0349959 0.119628 0.0644464 0.0545139 0.0779622 0.0610003 0.0298776 0.0319245 0.0181635 0.035331 0.0230915 0.0182842 0.0298117 0.0373044 0.191752 
1998 0 0.00704813 0.0503185 0.0888592 0.116173 0.0512174 0.0663409 0.0676593 0.141046 0.0914467 0.0772262 0.0465111 0.0161548 0.0127853 0.0229384 0.0201809 0.0108072 0.0187473 0.0104911 0.00751495 0.0765332 
1999 0 0.0107763 0.0380705 0.0901477 0.130261 0.214072 0.0665766 0.0741597 0.0103735 0.0320921 0.0365218 0.0215274 0.0103052 0.026424 0.0322711 0.0316228 0.0118247 0.0175557 0.0116706 0.00917467 0.124573 
2000 0 0.0041304 0.107241 0.0632315 0.0702627 0.0901206 0.116002 0.0333649 0.0612259 0.0388635 0.0869221 0.0708065 0.0251694 0.0329085 0.0249362 0.00930806 0.0138449 0.0128749 0.00757604 0.0151765 0.116034 
2001 0 0.0323293 0.0388163 0.178432 0.121827 0.0878741 0.0816189 0.0779927 0.0385935 0.0406601 0.021613 0.064326 0.0194278 0.0205439 0.0299653 0.0376569 0.0221075 0.0159171 0.00819202 0.00727538 0.0548314 
2002 0 0.00235684 0.0292649 0.0872997 0.268938 0.0799572 0.0564099 0.0749215 0.0830815 0.0119822 0.0118137 0.0168418 0.0569995 0.0313104 0.0262936 0.0384532 0.00857569 0.00579073 0.0186629 0.0130273 0.0780199 
2003 0 0.00464848 0.0672662 0.137688 0.103783 0.287581 0.0981332 0.0474913 0.0542432 0.0400345 0.00428705 0.00217566 0.00217566 0.00789065 0.00618994 0.0152431 0.013912 0.0323008 0.00387692 0.00795575 0.063124 
2004 0 0.00465444 0.0186107 0.102655 0.178196 0.152472 0.189763 0.0480086 0.0344477 0.0311679 0.0397729 0.00292721 0.0165546 0.0163703 0.0136766 0.0237855 0.0123879 0.00353905 0.00866122 0.0182132 0.0841355 
2005 0 0.000524629 0.0538349 0.05404 0.141821 0.101853 0.0673796 0.166775 0.0440398 0.0192118 0.0242198 0.0203542 0.0112829 0.0475159 0.0159548 0.019408 0.0133202 0.0195793 0.00973793 0.00284252 0.166304 
2006 0 0 0.033533 0.146188 0.106852 0.132177 0.141014 0.0592393 0.113857 0.0285651 0.0265336 0.042117 0.0362294 0.0106827 0.00816902 0 0 0.00477824 0.0113837 0.033694 0.0649875 
2007 0 0.00418492 0.00121499 0.0181842 0.0632627 0.0359095 0.0434405 0.0321223 0.0315922 0.0326164 0.00613442 0.00943433 0.00563852 0.00585625 0.0021395 0.00326543 0.00323376 0.00733766 0.00271334 0.00143734 0.690282 
2008 0 0.0109552 0.0184658 0.0167153 0.0904515 0.148372 0.0994157 0.120769 0.101518 0.0613899 0.141369 0.0390329 0.00987366 0.019782 0.0288656 0.0030581 0.00875331 0 0.0185228 0.0359661 0.0267238 
2009 0 0.0302559 0.0100986 0.0531172 0.0426158 0.118756 0.148484 0.0631706 0.115577 0.0818503 0.0772182 0.118319 0.040105 0.0113176 0.00631138 0.0372297 0.00265432 0.00823876 0.00279222 0.0112123 0.0206754 
2010 0 0.0299551 0.103336 0.0316761 0.115219 0.0395301 0.118977 0.159366 0.0543406 0.0866893 0.0529691 0.0255857 0.0604684 0.0251993 0.018439 0.019195 0.0114415 0.00159139 0.00318279 0.00238709 0.0404531 
2011 0 0.00820588 0.0284387 0.238002 0.0590931 0.0806024 0.0255984 0.0506718 0.127916 0.0941013 0.112483 0.0696679 0.0237884 0.0548085 0.0153812 0.0020406 0.00510921 0.00409148 0 0 0 
2012 0 0.006283 0.0300778 0.0717479 0.392565 0.0860411 0.0698748 0.0101634 0.0382369 0.0643703 0.00896663 0.0210331 0.0233704 0.0277412 0.0541541 0.0301443 0.00709883 0.00189792 0.00189792 0.00379585 0.0505396 
2013 0 0.00322099 0.0743002 0.0695901 0.0847753 0.324187 0.0546541 0.0664173 0.00721716 0.0305092 0.0413118 0.0211896 0.0697261 0.0275412 0.0226153 0.0572938 0.0185627 0.0207337 0 0.000683856 0.00547085 
end_table
table error_values
1990 0 0 0 0 0 0 0 0 0 0 0 0 0 0 0 0 0 0 0 0 0 
1991 0 0 0 0 0 0 0 0 0 0 0 0 0 0 0 0 0 0 0 0 0 
1992 0 0 0 0 0 0 0 0 0 0 0 0 0 0 0 0 0 0 0 0 0 
1993 0 0 0 0 0 0 0 0 0 0 0 0 0 0 0 0 0 0 0 0 0 
1994 0 0 0 0 0 0 0 0 0 0 0 0 0 0 0 0 0 0 0 0 0 
1995 0 0 0 0 0 0 0 0 0 0 0 0 0 0 0 0 0 0 0 0 0 
1996 0 0 0 0 0 0 0 0 0 0 0 0 0 0 0 0 0 0 0 0 0 
1997 0 0 0 0 0 0 0 0 0 0 0 0 0 0 0 0 0 0 0 0 0 
1998 0 0 0 0 0 0 0 0 0 0 0 0 0 0 0 0 0 0 0 0 0 
1999 0 0 0 0 0 0 0 0 0 0 0 0 0 0 0 0 0 0 0 0 0 
2000 0 0 0 0 0 0 0 0 0 0 0 0 0 0 0 0 0 0 0 0 0 
2001 0 0 0 0 0 0 0 0 0 0 0 0 0 0 0 0 0 0 0 0 0 
2002 0 0 0 0 0 0 0 0 0 0 0 0 0 0 0 0 0 0 0 0 0 
2003 0 0 0 0 0 0 0 0 0 0 0 0 0 0 0 0 0 0 0 0 0 
2004 0 0 0 0 0 0 0 0 0 0 0 0 0 0 0 0 0 0 0 0 0 
2005 0 0 0 0 0 0 0 0 0 0 0 0 0 0 0 0 0 0 0 0 0 
2006 0 0 0 0 0 0 0 0 0 0 0 0 0 0 0 0 0 0 0 0 0 
2007 0 0 0 0 0 0 0 0 0 0 0 0 0 0 0 0 0 0 0 0 0 
2008 0 0 0 0 0 0 0 0 0 0 0 0 0 0 0 0 0 0 0 0 0 
2009 0 0 0 0 0 0 0 0 0 0 0 0 0 0 0 0 0 0 0 0 0 
2010 0 0 0 0 0 0 0 0 0 0 0 0 0 0 0 0 0 0 0 0 0 
2011 0 0 0 0 0 0 0 0 0 0 0 0 0 0 0 0 0 0 0 0 0 
2012 0 0 0 0 0 0 0 0 0 0 0 0 0 0 0 0 0 0 0 0 0 
2013 0 0 0 0 0 0 0 0 0 0 0 0 0 0 0 0 0 0 0 0 0 
end_table

