@observation HG_age_sample_sim
age_samples_per_cluster 10 
ageing_error age_error 
average_cluster_weight 6 
cluster_cv 0.6 
cluster_sigma 1.1 
fishery_label Fishing_LL 
layer_of_stratum_definitions area_definition 
max_age 20 
min_age 0 
process_label fishing 
strata_to_include HG 
type mortality_event_biomass_age_clusters 
years 1990 1991 1992 1993 1994 1995 1996 1997 1998 1999 2000 2001 2002 2003 2004 2005 2006 2007 2008 2009 2010 2011 2012 2013 
table obs
1990 0 0.0050074 0.0638881 0.0900977 0.118524 0.093237 0.0800519 0.0914882 0.0794428 0.063758 0.0341053 0.0115228 0.0322423 0.0400567 0.0343491 0.0269832 0.0162036 0.0471384 0.0190285 0.0124909 0.0403845 
1991 0 0.0352852 0.0541205 0.0376036 0.0758167 0.0765082 0.0694751 0.0630014 0.0624398 0.0603501 0.0505876 0.0232009 0.0582204 0.0450416 0.0171296 0.0301503 0.0242511 0.0373137 0.0233524 0.0202233 0.135928 
1992 0 0 0.041882 0.0652981 0.162074 0.109347 0.110816 0.0874242 0.0558344 0.0331391 0.0476603 0.0364582 0.0247417 0.0309214 0.0387695 0.0357672 0.0266143 0.00650539 0.0151527 0 0.0715944 
1993 0 0.00837589 0.0161165 0.0615696 0.108025 0.131135 0.0791036 0.0538204 0.0477626 0.0513072 0.0355469 0.0565949 0.0259295 0.0361168 0.0209669 0.0172423 0.0207146 0.024066 0.0198434 0.0168388 0.168924 
1994 0 0.00923106 0.0466071 0.0449441 0.125449 0.126665 0.12873 0.0479232 0.0448663 0.0489055 0.0398125 0.0270732 0.032673 0.0267081 0.0398061 0.0588289 0.0441188 0.0331953 0.0147084 0.00708225 0.0526722 
1995 0 0.00765366 0.0114625 0.0376518 0.0475305 0.196828 0.10878 0.0802226 0.0857255 0.0569879 0.0675123 0.040576 0.0297218 0.0191252 0.0215572 0.0253217 0.0182814 0.00464112 0.00457305 0.00608765 0.12976 
1996 0 0.00758457 0.0508242 0.0701246 0.130401 0.0538426 0.13709 0.0962148 0.0854928 0.0534365 0.0423134 0.0437626 0.0146614 0.0276315 0.0138418 0.02879 0.0288305 0.0222844 0.0108488 0.0146459 0.0673793 
1997 0 0.00349811 0.0330851 0.0763942 0.0354169 0.0861241 0.0547155 0.148441 0.0903079 0.0476872 0.0346226 0.0662931 0.0622055 0.0565227 0.0349231 0.0109631 0.00498768 0.00768394 0.00744013 0.0080544 0.130633 
1998 0 0.0197117 0.0551574 0.0973139 0.136737 0.103345 0.0610091 0.0240077 0.0635669 0.0371571 0.0281204 0.00781436 0.0221948 0.0329856 0.0260876 0.0123005 0.00848408 0.0119829 0.0235646 0.0357301 0.192729 
1999 0 0.0232774 0.0228966 0.0376733 0.0880002 0.163582 0.0494312 0.0603441 0.0536527 0.0659887 0.0513737 0.0469903 0.0193162 0.0290575 0.0145086 0.013413 0.0524977 0.0449257 0.0239581 0.0155016 0.123611 
2000 0 0.00162083 0.0994545 0.120055 0.0865138 0.119364 0.155222 0.0390087 0.0417652 0.0322433 0.0366279 0.0158558 0.0255858 0.0334833 0.0187241 0.0141247 0.0277223 0.0126751 0.013483 0.00549715 0.100973 
2001 0 0.0173824 0.0302471 0.192642 0.137195 0.0738287 0.0651925 0.0274541 0.0211229 0.022258 0.0179441 0.0515086 0.0547391 0.0403412 0.0439744 0.0116767 0.00868633 0.0156537 0.020787 0.0268462 0.12052 
2002 0 0.00697642 0.0243185 0.0637555 0.19921 0.154676 0.0758869 0.0747092 0.097543 0.0347541 0.0298374 0.0130136 0.0678641 0.0456343 0.0357361 0.0307902 0.0216942 0.00280256 0.00565984 0 0.0151385 
2003 0 0.0145717 0.0940536 0.0977203 0.0958262 0.173605 0.11108 0.08175 0.0800861 0.0787851 0.0155325 0.00896956 0.00618892 0.0108211 0.00614774 0.00220461 0.0235048 0.00926094 0.0169842 0.0161559 0.0567515 
2004 0 0.0177515 0.0157476 0.159412 0.205576 0.0927271 0.141203 0.0650915 0.0314053 0.0229825 0.0333106 0.00269321 0.0301112 0.00665336 0.0527764 0.0223422 0.000769264 0.00186721 0.0019772 0.00406311 0.0915394 
2005 0 0.0163722 0.0328812 0.0571001 0.212517 0.120914 0.0539789 0.117145 0.0465833 0.0208037 0.0240907 0.0307741 0.0161677 0.0184478 0.00254666 0.0374985 0.0024228 0.0254977 0.0306532 0.000895437 0.13271 
2006 0 0.00347429 0.0361611 0.0950651 0.0663749 0.159589 0.100542 0.0594233 0.124737 0.0546592 0.0217865 0.0342351 0.0795821 0.0205195 0.020921 0.00159494 0.0170145 0.00769988 0.0395781 0.00589691 0.0511457 
2007 0 0.00167103 0.00332178 0.0209641 0.0367692 0.0233871 0.04545 0.0349094 0.0138655 0.0286616 0.00739195 0.00354599 0.0044597 0.00131967 0.00181319 0.0014719 0.000765579 0.00973297 0.0129076 0.00414776 0.743444 
2008 0 0.0278334 0.0372387 0.0287604 0.0762463 0.137401 0.0886572 0.144333 0.0956438 0.0513875 0.0725651 0.0257239 0.0144771 0.0096933 0.0585051 0.0042759 0.00836872 0.00326562 0.032286 0.0142247 0.069114 
2009 0 0.0543394 0.0152676 0.0285483 0.0135797 0.114808 0.142318 0.0713228 0.0852519 0.067628 0.0488919 0.110827 0.0234887 0.0104127 0.0292397 0.0421494 0.0313991 0.0144744 0 0.0291915 0.0668618 
2010 0 0.00188975 0.118325 0.0476526 0.0781819 0.0249911 0.117811 0.129983 0.094292 0.110908 0.0845102 0.029879 0.0394649 0.0147238 0.0160043 0.0121979 0.0139394 0 0 0.00216433 0.0630817 
2011 0 0 0.00752041 0.192407 0.0377856 0.0638644 0.00512758 0.0657718 0.119853 0.0305132 0.0965295 0.083028 0.0620581 0.109255 0.0240927 0.011505 0.00858987 0.00467738 0.00380473 0.00572629 0.0678901 
2012 0 0.0149049 0.0414254 0.0896777 0.368204 0.071302 0.0729312 0.0223352 0.0455398 0.0876359 0.034978 0.0796375 0.026946 0.0207158 0.0212349 0.00253165 0 0 0 0 0 
2013 0 0.00641033 0.111991 0.0686348 0.0678106 0.307827 0.0454163 0.0291375 0.0203475 0.0768119 0.0602728 0.0359772 0.065965 0.0414784 0.0226375 0.0126683 0.0033549 0.00185939 0.000922759 0.00184552 0.0186312 
end_table
table error_values
1990 0 0 0 0 0 0 0 0 0 0 0 0 0 0 0 0 0 0 0 0 0 
1991 0 0 0 0 0 0 0 0 0 0 0 0 0 0 0 0 0 0 0 0 0 
1992 0 0 0 0 0 0 0 0 0 0 0 0 0 0 0 0 0 0 0 0 0 
1993 0 0 0 0 0 0 0 0 0 0 0 0 0 0 0 0 0 0 0 0 0 
1994 0 0 0 0 0 0 0 0 0 0 0 0 0 0 0 0 0 0 0 0 0 
1995 0 0 0 0 0 0 0 0 0 0 0 0 0 0 0 0 0 0 0 0 0 
1996 0 0 0 0 0 0 0 0 0 0 0 0 0 0 0 0 0 0 0 0 0 
1997 0 0 0 0 0 0 0 0 0 0 0 0 0 0 0 0 0 0 0 0 0 
1998 0 0 0 0 0 0 0 0 0 0 0 0 0 0 0 0 0 0 0 0 0 
1999 0 0 0 0 0 0 0 0 0 0 0 0 0 0 0 0 0 0 0 0 0 
2000 0 0 0 0 0 0 0 0 0 0 0 0 0 0 0 0 0 0 0 0 0 
2001 0 0 0 0 0 0 0 0 0 0 0 0 0 0 0 0 0 0 0 0 0 
2002 0 0 0 0 0 0 0 0 0 0 0 0 0 0 0 0 0 0 0 0 0 
2003 0 0 0 0 0 0 0 0 0 0 0 0 0 0 0 0 0 0 0 0 0 
2004 0 0 0 0 0 0 0 0 0 0 0 0 0 0 0 0 0 0 0 0 0 
2005 0 0 0 0 0 0 0 0 0 0 0 0 0 0 0 0 0 0 0 0 0 
2006 0 0 0 0 0 0 0 0 0 0 0 0 0 0 0 0 0 0 0 0 0 
2007 0 0 0 0 0 0 0 0 0 0 0 0 0 0 0 0 0 0 0 0 0 
2008 0 0 0 0 0 0 0 0 0 0 0 0 0 0 0 0 0 0 0 0 0 
2009 0 0 0 0 0 0 0 0 0 0 0 0 0 0 0 0 0 0 0 0 0 
2010 0 0 0 0 0 0 0 0 0 0 0 0 0 0 0 0 0 0 0 0 0 
2011 0 0 0 0 0 0 0 0 0 0 0 0 0 0 0 0 0 0 0 0 0 
2012 0 0 0 0 0 0 0 0 0 0 0 0 0 0 0 0 0 0 0 0 0 
2013 0 0 0 0 0 0 0 0 0 0 0 0 0 0 0 0 0 0 0 0 0 
end_table

