@observation HG_age_sample_sim
age_samples_per_cluster 10 
ageing_error age_error 
average_cluster_weight 6 
cluster_cv 0.6 
cluster_sigma 1.1 
fishery_label Fishing_LL 
layer_of_stratum_definitions area_definition 
max_age 20 
min_age 0 
process_label fishing 
strata_to_include HG 
type mortality_event_biomass_age_clusters 
years 1990 1991 1992 1993 1994 1995 1996 1997 1998 1999 2000 2001 2002 2003 2004 2005 2006 2007 2008 2009 2010 2011 2012 2013 
table obs
1990 0 0 0.0122359 0.0249844 0.0461945 0.0730038 0.0590858 0.107765 0.0724172 0.0582407 0.0280849 0.0273843 0.0538476 0.0259906 0.0135362 0.0194816 0.016034 0.0235431 0.00849067 0.0200621 0.309617 
1991 0 0.00222143 0.0187287 0.0524096 0.0918834 0.0762652 0.079225 0.0727817 0.0845468 0.0641059 0.0685461 0.0521191 0.0278143 0.0281015 0.042242 0.0304721 0.0142553 0.0188157 0.0259132 0.0123779 0.137175 
1992 0 0.0158377 0.047834 0.0842034 0.118851 0.103889 0.105871 0.0648211 0.0627268 0.0438476 0.0265127 0.0299944 0.0407788 0.0309662 0.0335831 0.0541669 0.0244768 0.0143719 0.0196136 0.00776099 0.0698934 
1993 0 0.00494926 0.0232676 0.0899709 0.118037 0.121952 0.090017 0.0509504 0.036834 0.019036 0.0218867 0.0371529 0.034203 0.0284956 0.0432687 0.0756185 0.0393056 0.0137724 0.0147566 0.0112953 0.12523 
1994 0 0.0119514 0.0393285 0.0161983 0.0814204 0.100349 0.0852015 0.104348 0.0716028 0.0905119 0.0709795 0.0699988 0.0366904 0.0325347 0.0306835 0.00575959 0.00508695 0.0074964 0.0131879 0.00607269 0.120598 
1995 0 0.0139337 0.0257315 0.0449035 0.0432412 0.182873 0.121809 0.0673426 0.039605 0.0268952 0.044608 0.044971 0.0265387 0.0188833 0.0344814 0.0489857 0.0284918 0.0360732 0.0313626 0.0229605 0.0963094 
1996 0 0.00565989 0.0692635 0.0996494 0.0899207 0.0338655 0.124888 0.0664868 0.0670906 0.0486115 0.0289663 0.0221567 0.0399679 0.0322997 0.0409405 0.0602954 0.0566581 0.036273 0.0186641 0.0166095 0.0417329 
1997 0 0.00575159 0.0319559 0.173211 0.0952536 0.111713 0.0242151 0.0791571 0.0559641 0.027469 0.0248578 0.0485958 0.037263 0.024854 0.0384828 0.0264479 0.0234744 0.0245713 0.00120075 0.0141691 0.131393 
1998 0 0.0114815 0.0284558 0.0758668 0.138488 0.0898305 0.126327 0.019423 0.0495185 0.0582988 0.0480151 0.0311776 0.0352294 0.0277178 0.0297038 0.0262674 0.029906 0.0408388 0.0281437 0.0178044 0.0875056 
1999 0 0.0146288 0.0247105 0.0453063 0.0845882 0.190101 0.0337077 0.0468272 0.0228657 0.102057 0.0799633 0.0726151 0.0403722 0.0213069 0.0197506 0.0297978 0.0324693 0.00934998 0.00318862 0.00751169 0.118882 
2000 0 0.00190386 0.118306 0.0759236 0.0787987 0.0960391 0.156407 0.0425723 0.036734 0.0145298 0.0558346 0.0409081 0.0453811 0.0908357 0.0342014 0.0284948 0.0115311 0.00413699 0.00590901 0.00412386 0.0574279 
2001 0 0.0307886 0.0238757 0.153031 0.148239 0.0623377 0.0430551 0.0800239 0.051931 0.0465251 0.0132607 0.0365483 0.0236821 0.0305449 0.0545011 0.028772 0.0251785 0.023635 0.0167712 0.0136527 0.0936465 
2002 0 0.0234107 0.0399443 0.0959045 0.276435 0.113135 0.0441403 0.0510721 0.0747604 0.0316227 0.0498437 0.0184624 0.0488884 0.0195114 0.014848 0.00341991 0.0118455 0.00193401 0.0109204 0.00734 0.0625619 
2003 0 0.0332151 0.0913799 0.120682 0.0747086 0.164412 0.0816677 0.0526066 0.0658285 0.0662839 0.0131329 0.00523658 0.008235 0.0214268 0.0316567 0.0165629 0.0180168 0.0100548 0.0124721 0.00627036 0.10615 
2004 0 0.00498626 0.0118763 0.1245 0.176837 0.157236 0.212301 0.0892017 0.0296328 0.0145461 0.0526977 0.0104936 0.00170855 0.00683421 0.0106955 0.00319863 0.00835618 0.00782066 0.00991708 0.0134276 0.0537332 
2005 0 0 0.027962 0.0640795 0.178148 0.131447 0.0779227 0.19455 0.0512058 0.024633 0.0327382 0.0239042 0.00353958 0.00280729 0.00160113 0.0554964 0.0204722 0.0191876 0.0215104 0.0162183 0.052577 
2006 0 0.00335801 0.051317 0.157757 0.10844 0.220583 0.126556 0.0393323 0.0656904 0.0343021 0.00699331 0.0260856 0.0479847 0.0282043 0.021205 0.0102818 0.0270165 0 0.00178083 0.00258751 0.0205252 
2007 0 0.000409456 0.00103511 0.0107928 0.0179328 0.0166594 0.0249047 0.0129779 0.0104078 0.0147965 0.00762753 0.00399212 0.00226874 0.00248516 0.00162388 0.000581135 9.02604e-005 0.00251371 0.000857211 0.00169059 0.866353 
2008 0 0.0148797 0.0483405 0.0384605 0.093754 0.266782 0.0812605 0.0945945 0.0694409 0.0412289 0.0832792 0.0298518 0.0193556 0.00811582 0.022197 0.00790457 0.00847259 0.0115346 0.0113491 0.010237 0.0389616 
2009 0 0.0488072 0.0403508 0.0749667 0.0288792 0.11252 0.154306 0.0851995 0.113547 0.0713273 0.0518498 0.069815 0.031507 0.0216647 0.0407315 0.0292726 0.0181547 0.00587987 0 0.00122105 0 
2010 0 0.00548768 0.104667 0.0578086 0.0739149 0.0134265 0.0782739 0.103019 0.0663881 0.179541 0.0676571 0.0398702 0.0711124 0.0255247 0.00621318 0.0206613 0.0120414 0.0267923 0.0186022 0.00842283 0.0205751 
2011 0 0 0.0127735 0.27381 0.0747764 0.10426 0.0182785 0.0624427 0.0920702 0.0453052 0.0434128 0.0719653 0.0567275 0.067987 0.0228937 0.00652904 0.0312437 0.0155245 0 0 0 
2012 0 0.0190604 0.0268177 0.0759472 0.357335 0.0736211 0.0563518 0.0161873 0.0466529 0.0903789 0.0256135 0.074113 0.00792212 0.00647383 0.00147989 0.00336923 0.0101961 0.00906579 0.0107431 0.00905771 0.079614 
2013 0 0 0.0372868 0.0785948 0.0909718 0.265663 0.0579047 0.0892506 0.0338462 0.0913463 0.0339605 0.0101633 0.0492597 0.0177474 0.01788 0.0269804 0.0120946 0.0131126 0.0151238 0.0165376 0.0422753 
end_table
table error_values
1990 0 0 0 0 0 0 0 0 0 0 0 0 0 0 0 0 0 0 0 0 0 
1991 0 0 0 0 0 0 0 0 0 0 0 0 0 0 0 0 0 0 0 0 0 
1992 0 0 0 0 0 0 0 0 0 0 0 0 0 0 0 0 0 0 0 0 0 
1993 0 0 0 0 0 0 0 0 0 0 0 0 0 0 0 0 0 0 0 0 0 
1994 0 0 0 0 0 0 0 0 0 0 0 0 0 0 0 0 0 0 0 0 0 
1995 0 0 0 0 0 0 0 0 0 0 0 0 0 0 0 0 0 0 0 0 0 
1996 0 0 0 0 0 0 0 0 0 0 0 0 0 0 0 0 0 0 0 0 0 
1997 0 0 0 0 0 0 0 0 0 0 0 0 0 0 0 0 0 0 0 0 0 
1998 0 0 0 0 0 0 0 0 0 0 0 0 0 0 0 0 0 0 0 0 0 
1999 0 0 0 0 0 0 0 0 0 0 0 0 0 0 0 0 0 0 0 0 0 
2000 0 0 0 0 0 0 0 0 0 0 0 0 0 0 0 0 0 0 0 0 0 
2001 0 0 0 0 0 0 0 0 0 0 0 0 0 0 0 0 0 0 0 0 0 
2002 0 0 0 0 0 0 0 0 0 0 0 0 0 0 0 0 0 0 0 0 0 
2003 0 0 0 0 0 0 0 0 0 0 0 0 0 0 0 0 0 0 0 0 0 
2004 0 0 0 0 0 0 0 0 0 0 0 0 0 0 0 0 0 0 0 0 0 
2005 0 0 0 0 0 0 0 0 0 0 0 0 0 0 0 0 0 0 0 0 0 
2006 0 0 0 0 0 0 0 0 0 0 0 0 0 0 0 0 0 0 0 0 0 
2007 0 0 0 0 0 0 0 0 0 0 0 0 0 0 0 0 0 0 0 0 0 
2008 0 0 0 0 0 0 0 0 0 0 0 0 0 0 0 0 0 0 0 0 0 
2009 0 0 0 0 0 0 0 0 0 0 0 0 0 0 0 0 0 0 0 0 0 
2010 0 0 0 0 0 0 0 0 0 0 0 0 0 0 0 0 0 0 0 0 0 
2011 0 0 0 0 0 0 0 0 0 0 0 0 0 0 0 0 0 0 0 0 0 
2012 0 0 0 0 0 0 0 0 0 0 0 0 0 0 0 0 0 0 0 0 0 
2013 0 0 0 0 0 0 0 0 0 0 0 0 0 0 0 0 0 0 0 0 0 
end_table

