@observation HG_age_sample_sim
age_samples_per_cluster 10 
ageing_error age_error 
average_cluster_weight 6 
cluster_cv 0.6 
cluster_sigma 1.1 
fishery_label Fishing_LL 
layer_of_stratum_definitions area_definition 
process_label fishing 
strata_to_include HG 
type mortality_event_biomass_age_clusters 
years 1990 1991 1992 1993 1994 1995 1996 1997 1998 1999 2000 2001 2002 2003 2004 2005 2006 2007 2008 2009 2010 2011 2012 2013 
table obs
1990 0 0 0.296653 0.0949478 0.0578662 0.405063 0 0 0 0 0 0 0 0.0323267 0.04849 0.0323267 0.0323267 0 0 0 0 0 0 0 0 0 0 0 0 0 
1991 0 0.401892 0.171214 0.171214 0 0 0 0 0 0 0 0 0 0.142045 0.056818 0.056818 0 0 0 0 0 0 0 0 0 0 0 0 0 0 
1992 0 0 0.371491 0.0865026 0.271355 0.049175 0 0 0 0 0.049217 0.0246085 0.0246085 0.049217 0.0738255 0 0 0 0 0 0 0 0 0 0 0 0 0 0 0 
1993 0.0311017 0.18661 0 0.640757 0 0 0 0 0 0 0 0 0 0 0.0157257 0.0943539 0.0314513 0 0 0 0 0 0 0 0 0 0 0 0 0 
1994 0 0 0.187742 0 0.54147 0.203091 0.0485306 0.0191665 0 0 0 0 0 0 0 0 0 0 0 0 0 0 0 0 0 0 0 0 0 0 
1995 0 0.081375 0.10799 0.134096 0.0803558 0.309329 0.229483 0.0573707 0 0 0 0 0 0 0 0 0 0 0 0 0 0 0 0 0 0 0 0 0 0 
1996 0 0.0702733 0.168263 0.0468488 0 0 0.223696 0.0372827 0 0.151212 0.100808 0.151212 0 0.050404 0 0 0 0 0 0 0 0 0 0 0 0 0 0 0 0 
1997 0 0 0.178258 0.222823 0 0.279042 0 0.117213 0.202664 0 0 0 0 0 0 0 0 0 0 0 0 0 0 0 0 0 0 0 0 0 
1998 0.493999 0 0.0693285 0.0693285 0.0693285 0 0 0 0.0662256 0.132451 0.0331128 0.0662256 0 0 0 0 0 0 0 0 0 0 0 0 0 0 0 0 0 0 
1999 0.107406 0 0.177503 0.236857 0.214998 0.209533 0.0537028 0 0 0 0 0 0 0 0 0 0 0 0 0 0 0 0 0 0 0 0 0 0 0 
2000 0.242906 0.0303632 0.564378 0.129882 0.0324706 0 0 0 0 0 0 0 0 0 0 0 0 0 0 0 0 0 0 0 0 0 0 0 0 0 
2001 0.691508 0.0299436 0.0598871 0.197692 0.0209686 0 0 0 0 0 0 0 0 0 0 0 0 0 0 0 0 0 0 0 0 0 0 0 0 0 
2002 0 0.139425 0.0948546 0.0948546 0.20228 0.052065 0.10413 0.31239 0 0 0 0 0 0 0 0 0 0 0 0 0 0 0 0 0 0 0 0 0 0 
2003 0.0327263 0.208804 0.556222 0.202248 0 0 0 0 0 0 0 0 0 0 0 0 0 0 0 0 0 0 0 0 0 0 0 0 0 0 
2004 0.0924858 0.0462429 0.138729 0.404362 0.0648682 0.203882 0.0494304 0 0 0 0 0 0 0 0 0 0 0 0 0 0 0 0 0 0 0 0 0 0 0 
2005 0 0.293765 0.102956 0.14543 0.278504 0.158835 0.0205105 0 0 0 0 0 0 0 0 0 0 0 0 0 0 0 0 0 0 0 0 0 0 0 
2006 0 0 0.0502445 0.100489 0.0699932 0.139861 0.200853 0.191851 0.246708 0 0 0 0 0 0 0 0 0 0 0 0 0 0 0 0 0 0 0 0 0 
2007 0 0 0 0.0786473 0.117971 0.0786473 0.489229 0.117753 0 0.0588763 0.0588763 0 0 0 0 0 0 0 0 0 0 0 0 0 0 0 0 0 0 0 
2008 0.175224 0 0.0299011 0 0.0149506 0.551789 0.183284 0.0299011 0.0149506 0 0 0 0 0 0 0 0 0 0 0 0 0 0 0 0 0 0 0 0 0 
2009 0 0.515539 0.0557941 0.027897 0 0 0.027897 0.027897 0.027897 0.070462 0.105693 0.105693 0.035231 0 0 0 0 0 0 0 0 0 0 0 0 0 0 0 0 0 
2010 0.141261 0.494415 0.181847 0 0.0608257 0 0.0202752 0.101376 0 0 0 0 0 0 0 0 0 0 0 0 0 0 0 0 0 0 0 0 0 0 
2011 0.17252 0.157156 0.107864 0.562459 0 0 0 0 0 0 0 0 0 0 0 0 0 0 0 0 0 0 0 0 0 0 0 0 0 0 
2012 0.0602246 0.154304 0.203215 0.23915 0.147046 0.196061 0 0 0 0 0 0 0 0 0 0 0 0 0 0 0 0 0 0 0 0 0 0 0 0 
2013 0.0337151 0.133666 0.30045 0.133666 0 0 0 0 0 0.0885563 0.177113 0.0885563 0.0442781 0 0 0 0 0 0 0 0 0 0 0 0 0 0 0 0 0 
end_table
table error_values
1990 0 0 0 0 0 0 0 0 0 0 0 0 0 0 0 0 0 0 0 0 0 0 0 0 0 0 0 0 0 0 
1991 0 0 0 0 0 0 0 0 0 0 0 0 0 0 0 0 0 0 0 0 0 0 0 0 0 0 0 0 0 0 
1992 0 0 0 0 0 0 0 0 0 0 0 0 0 0 0 0 0 0 0 0 0 0 0 0 0 0 0 0 0 0 
1993 0 0 0 0 0 0 0 0 0 0 0 0 0 0 0 0 0 0 0 0 0 0 0 0 0 0 0 0 0 0 
1994 0 0 0 0 0 0 0 0 0 0 0 0 0 0 0 0 0 0 0 0 0 0 0 0 0 0 0 0 0 0 
1995 0 0 0 0 0 0 0 0 0 0 0 0 0 0 0 0 0 0 0 0 0 0 0 0 0 0 0 0 0 0 
1996 0 0 0 0 0 0 0 0 0 0 0 0 0 0 0 0 0 0 0 0 0 0 0 0 0 0 0 0 0 0 
1997 0 0 0 0 0 0 0 0 0 0 0 0 0 0 0 0 0 0 0 0 0 0 0 0 0 0 0 0 0 0 
1998 0 0 0 0 0 0 0 0 0 0 0 0 0 0 0 0 0 0 0 0 0 0 0 0 0 0 0 0 0 0 
1999 0 0 0 0 0 0 0 0 0 0 0 0 0 0 0 0 0 0 0 0 0 0 0 0 0 0 0 0 0 0 
2000 0 0 0 0 0 0 0 0 0 0 0 0 0 0 0 0 0 0 0 0 0 0 0 0 0 0 0 0 0 0 
2001 0 0 0 0 0 0 0 0 0 0 0 0 0 0 0 0 0 0 0 0 0 0 0 0 0 0 0 0 0 0 
2002 0 0 0 0 0 0 0 0 0 0 0 0 0 0 0 0 0 0 0 0 0 0 0 0 0 0 0 0 0 0 
2003 0 0 0 0 0 0 0 0 0 0 0 0 0 0 0 0 0 0 0 0 0 0 0 0 0 0 0 0 0 0 
2004 0 0 0 0 0 0 0 0 0 0 0 0 0 0 0 0 0 0 0 0 0 0 0 0 0 0 0 0 0 0 
2005 0 0 0 0 0 0 0 0 0 0 0 0 0 0 0 0 0 0 0 0 0 0 0 0 0 0 0 0 0 0 
2006 0 0 0 0 0 0 0 0 0 0 0 0 0 0 0 0 0 0 0 0 0 0 0 0 0 0 0 0 0 0 
2007 0 0 0 0 0 0 0 0 0 0 0 0 0 0 0 0 0 0 0 0 0 0 0 0 0 0 0 0 0 0 
2008 0 0 0 0 0 0 0 0 0 0 0 0 0 0 0 0 0 0 0 0 0 0 0 0 0 0 0 0 0 0 
2009 0 0 0 0 0 0 0 0 0 0 0 0 0 0 0 0 0 0 0 0 0 0 0 0 0 0 0 0 0 0 
2010 0 0 0 0 0 0 0 0 0 0 0 0 0 0 0 0 0 0 0 0 0 0 0 0 0 0 0 0 0 0 
2011 0 0 0 0 0 0 0 0 0 0 0 0 0 0 0 0 0 0 0 0 0 0 0 0 0 0 0 0 0 0 
2012 0 0 0 0 0 0 0 0 0 0 0 0 0 0 0 0 0 0 0 0 0 0 0 0 0 0 0 0 0 0 
2013 0 0 0 0 0 0 0 0 0 0 0 0 0 0 0 0 0 0 0 0 0 0 0 0 0 0 0 0 0 0 
end_table

