@observation HG_age_sample_sim
age_samples_per_cluster 10 
ageing_error age_error 
average_cluster_weight 6 
cluster_cv 0.6 
cluster_sigma 1.1 
fishery_label Fishing_LL 
layer_of_stratum_definitions area_definition 
max_age 20 
min_age 0 
process_label fishing 
strata_to_include HG 
type mortality_event_biomass_age_clusters 
years 1990 1991 1992 1993 1994 1995 1996 1997 1998 1999 2000 2001 2002 2003 2004 2005 2006 2007 2008 2009 2010 2011 2012 2013 
table obs
1990 0 0.00160199 0.00710568 0.0532504 0.0590255 0.0873731 0.0496337 0.0685871 0.071457 0.0636006 0.0697621 0.0608594 0.0375879 0.0522697 0.0334018 0.0272259 0.0280922 0.0482624 0.0440476 0.0211516 0.115704 
1991 0 0.0133279 0.0438116 0.0599401 0.119522 0.137484 0.115208 0.107566 0.0869794 0.0576387 0.0359345 0.0298328 0.0175921 0.0250008 0.0230386 0.0205345 0.00659857 0.0100677 0.00999254 0.0125613 0.0673691 
1992 0 0.0105606 0.00825205 0.0453342 0.0746751 0.082108 0.071531 0.0815804 0.0734876 0.0563112 0.0476215 0.0266237 0.0324567 0.0421359 0.0608655 0.052445 0.0210319 0.0115741 0.0149407 0.0194171 0.167048 
1993 0 0.00326024 0.000652048 0.0391026 0.0602735 0.0730563 0.0875439 0.0355443 0.0838743 0.116872 0.103066 0.0575722 0.0639282 0.0649883 0.0273949 0.0292289 0.0258961 0.0228369 0.0132736 0.00765792 0.0839776 
1994 0 0.00374347 0.0297143 0.0237221 0.135009 0.131274 0.0680514 0.0625755 0.0517003 0.0514924 0.0421299 0.0258078 0.0169084 0.0178844 0.0223917 0.0276369 0.0230575 0.021278 0.0233646 0.00270411 0.219554 
1995 0 0.00758366 0.0153332 0.0368045 0.0611648 0.196618 0.103938 0.0969271 0.0251455 0.0277262 0.0470055 0.0269902 0.0145115 0.0209981 0.0311698 0.0483762 0.0473141 0.0241511 0.0289102 0.0109644 0.128368 
1996 0 0.030656 0.0667085 0.0702817 0.0776672 0.0207491 0.06975 0.0626305 0.0423218 0.0720052 0.0749481 0.0664942 0.0582673 0.0302051 0.0205769 0.0263634 0.0217451 0.0471599 0.0155816 0.0158191 0.110069 
1997 0 0 0.00677785 0.0519217 0.0466707 0.101375 0.0388814 0.169749 0.151687 0.034573 0.0502273 0.0241016 0.0365009 0.0416518 0.019015 0.0188133 0.0276164 0.0198851 0.0175576 0.0342284 0.108766 
1998 0 0.00430181 0.0125161 0.0715287 0.12253 0.0917246 0.118563 0.0496671 0.0685804 0.0563318 0.0758785 0.0442474 0.0472959 0.0369975 0.0536666 0.0375562 0.0231795 0.0126712 0.0212843 0.0152503 0.0362291 
1999 0 0.0399105 0.0347742 0.0461431 0.0782456 0.0835188 0.0617037 0.0494881 0.0240636 0.0904275 0.0481411 0.0190371 0.0374972 0.0456748 0.0657189 0.0349695 0.0231842 0.0185984 0.0238059 0.016869 0.158229 
2000 0 0.0110053 0.053978 0.0814461 0.0818713 0.0781998 0.0933115 0.0585434 0.049421 0.0183359 0.0855758 0.0523452 0.0378785 0.0382472 0.0380091 0.0333042 0.0336449 0.0192793 0.0157989 0.00451549 0.115289 
2001 0 0.0101289 0.0366448 0.234579 0.156203 0.105233 0.0663468 0.0749182 0.0266061 0.0282141 0.0124088 0.0252616 0.017302 0.0192564 0.0181253 0.0218499 0.0205468 0.0223217 0.00570074 0.0151755 0.0831776 
2002 0 0.00894881 0.0205769 0.064312 0.301806 0.115419 0.0713546 0.0603046 0.113331 0.0458332 0.0564718 0.0210376 0.0246922 0.019622 0.00332262 0.00415094 0.0101599 0.00624697 0.0104945 0.00141388 0.0405014 
2003 0 0.00457919 0.105495 0.100225 0.078153 0.202036 0.0742638 0.0284426 0.0242897 0.0343007 0.028614 0.0378969 0.00691972 0.0599543 0.0465985 0.0230935 0.00443313 0.00366288 0.00183144 0.00127672 0.133934 
2004 0 0.0382936 0.0249411 0.0944767 0.140483 0.136975 0.19219 0.0720216 0.0238518 0.0221564 0.0351644 0.0220982 0.0798644 0.00280206 0.0137288 0.015173 0.0149662 0.00988865 0.0118409 0.0100285 0.0390557 
2005 0 0.013019 0.0637293 0.0658245 0.15406 0.0969939 0.0831165 0.161051 0.0509119 0.0258948 0.0156803 0.0293427 0.00347058 0 0 0.00947763 0.0142739 0.0514356 0.00913223 0.019411 0.133175 
2006 0 0.0142094 0.027705 0.122925 0.0851192 0.139948 0.0739959 0.108571 0.146068 0.0624674 0.0312199 0.0240915 0.0143546 0.00179027 0.0118393 0 0.0101346 0.00503245 0.0235871 0.0113945 0.0855471 
2007 0 0.000333069 0.000393026 0.00239097 0.0113647 0.00499856 0.00697428 0.00463894 0.00508791 0.0133926 0.00207 0.00189674 0.00238431 0.001074 0.000218486 0.000677538 0.000120282 0.000360847 0.0105908 0.00291549 0.928117 
2008 0 0.0058595 0.0638665 0.0463023 0.0989287 0.145416 0.0547287 0.107197 0.0480992 0.0534172 0.137422 0.0305314 0.0166694 0.0167285 0.0241066 0.00833527 0.0108562 0.0174785 0.0290593 0.0152954 0.0697027 
2009 0 0.0324776 0.0288617 0.0343785 0.0269474 0.0983549 0.185722 0.0954563 0.136279 0.0541586 0.0239704 0.0398519 0.0744334 0.0357497 0.0419275 0.0370502 0.00271232 0 0 0.00436769 0.0473005 
2010 0 0 0.110849 0.0550279 0.0837403 0.0459577 0.0620846 0.101179 0.0726356 0.120261 0.0669779 0.0219146 0.053784 0.02453 0.00690886 0.0328255 0.0229614 0.0223846 0.0290798 0.00616217 0.0607354 
2011 0 0 0.015572 0.198605 0.0740036 0.0901662 0.0240027 0.064198 0.210606 0.0655049 0.0889294 0.0440345 0.0123312 0.0235079 0.0169751 0.00984819 0.0170364 0.00750702 0.00442144 0.0138657 0.0188851 
2012 0 0.0272535 0.0153354 0.0524526 0.385141 0.062136 0.0657983 0.0215277 0.0593431 0.0636081 0.0201342 0.0616407 0.0468125 0.0219002 0.0750479 0.00152948 0 0 0.00439429 0.00549287 0.0104518 
2013 0 0.00874195 0.0590306 0.0673869 0.107793 0.265972 0.0433771 0.0523004 0.0392656 0.0439802 0.0496041 0.0411324 0.0783275 0.0264232 0.0201769 0.0412877 0.00790583 0.0059848 0.0042388 0.0073871 0.0296835 
end_table
table error_values
1990 0 0 0 0 0 0 0 0 0 0 0 0 0 0 0 0 0 0 0 0 0 
1991 0 0 0 0 0 0 0 0 0 0 0 0 0 0 0 0 0 0 0 0 0 
1992 0 0 0 0 0 0 0 0 0 0 0 0 0 0 0 0 0 0 0 0 0 
1993 0 0 0 0 0 0 0 0 0 0 0 0 0 0 0 0 0 0 0 0 0 
1994 0 0 0 0 0 0 0 0 0 0 0 0 0 0 0 0 0 0 0 0 0 
1995 0 0 0 0 0 0 0 0 0 0 0 0 0 0 0 0 0 0 0 0 0 
1996 0 0 0 0 0 0 0 0 0 0 0 0 0 0 0 0 0 0 0 0 0 
1997 0 0 0 0 0 0 0 0 0 0 0 0 0 0 0 0 0 0 0 0 0 
1998 0 0 0 0 0 0 0 0 0 0 0 0 0 0 0 0 0 0 0 0 0 
1999 0 0 0 0 0 0 0 0 0 0 0 0 0 0 0 0 0 0 0 0 0 
2000 0 0 0 0 0 0 0 0 0 0 0 0 0 0 0 0 0 0 0 0 0 
2001 0 0 0 0 0 0 0 0 0 0 0 0 0 0 0 0 0 0 0 0 0 
2002 0 0 0 0 0 0 0 0 0 0 0 0 0 0 0 0 0 0 0 0 0 
2003 0 0 0 0 0 0 0 0 0 0 0 0 0 0 0 0 0 0 0 0 0 
2004 0 0 0 0 0 0 0 0 0 0 0 0 0 0 0 0 0 0 0 0 0 
2005 0 0 0 0 0 0 0 0 0 0 0 0 0 0 0 0 0 0 0 0 0 
2006 0 0 0 0 0 0 0 0 0 0 0 0 0 0 0 0 0 0 0 0 0 
2007 0 0 0 0 0 0 0 0 0 0 0 0 0 0 0 0 0 0 0 0 0 
2008 0 0 0 0 0 0 0 0 0 0 0 0 0 0 0 0 0 0 0 0 0 
2009 0 0 0 0 0 0 0 0 0 0 0 0 0 0 0 0 0 0 0 0 0 
2010 0 0 0 0 0 0 0 0 0 0 0 0 0 0 0 0 0 0 0 0 0 
2011 0 0 0 0 0 0 0 0 0 0 0 0 0 0 0 0 0 0 0 0 0 
2012 0 0 0 0 0 0 0 0 0 0 0 0 0 0 0 0 0 0 0 0 0 
2013 0 0 0 0 0 0 0 0 0 0 0 0 0 0 0 0 0 0 0 0 0 
end_table

