@observation HG_age_sample_sim
age_samples_per_cluster 10 
ageing_error age_error 
average_cluster_weight 6 
cluster_cv 0.6 
cluster_sigma 1.1 
fishery_label Fishing_LL 
layer_of_stratum_definitions area_definition 
max_age 20 
min_age 0 
process_label fishing 
strata_to_include HG 
type mortality_event_biomass_age_clusters 
years 1990 1991 1992 1993 1994 1995 1996 1997 1998 1999 2000 2001 2002 2003 2004 2005 2006 2007 2008 2009 2010 2011 2012 2013 
table obs
1990 0 0 0.0145652 0.0549939 0.0684308 0.119637 0.0774525 0.0667778 0.0982808 0.0995509 0.0680697 0.0742506 0.066547 0.0450187 0.0250609 0.0226053 0.00798773 0.0244514 0.00847831 0.00403635 0.0538049 
1991 0 0.00867189 0.0347098 0.104566 0.0928473 0.0814777 0.0615832 0.0447085 0.0402895 0.0262276 0.0383028 0.0333715 0.0267195 0.0203213 0.0279224 0.0171585 0.025335 0.0451985 0.049383 0.0194812 0.201725 
1992 0 0 0.0179485 0.0808563 0.108256 0.0776168 0.106064 0.0928177 0.0520773 0.0504183 0.0232961 0.020914 0.0397876 0.0303077 0.0279967 0.0252746 0.0324598 0.012821 0.0245934 0.0188445 0.15765 
1993 0 0 0.0053539 0.107203 0.094884 0.108302 0.0999695 0.0602431 0.0351396 0.0314514 0.0456938 0.0395828 0.0198804 0.0256081 0.0300584 0.0107677 0.0100386 0.00920822 0.0111443 0.0251485 0.230323 
1994 0 0.00552274 0.0332693 0.034979 0.141996 0.144864 0.108816 0.0605676 0.04586 0.0510595 0.0470121 0.0264829 0.0587429 0.0196447 0.0361369 0.0258289 0.0130008 0.00830227 0.0125076 0.00816094 0.117245 
1995 0 0.00179593 0.0155182 0.0525342 0.0272884 0.128395 0.102892 0.0786872 0.0671925 0.032231 0.027215 0.019226 0.0200608 0.0240571 0.0221175 0.0331086 0.0511274 0.0391992 0.0306864 0.0258162 0.200851 
1996 0 0 0.0212685 0.0651537 0.0948207 0.0261459 0.0941305 0.0921718 0.0714086 0.0492596 0.0413346 0.0341892 0.0209424 0.0333585 0.0701022 0.054434 0.0164564 0.0266819 0.0367878 0.019973 0.131381 
1997 0 0 0.0198793 0.149344 0.0556334 0.0840298 0.0396169 0.0796971 0.0461872 0.0370361 0.0525204 0.0573437 0.0213373 0.0368196 0.0219107 0.0499817 0.0296605 0.0205535 0.0153066 0.0152037 0.167939 
1998 0 0.00312703 0.0186308 0.0761253 0.172495 0.106934 0.0911631 0.0402868 0.105126 0.0580364 0.0522727 0.0398511 0.0360848 0.0459488 0.0222304 0.012544 0.0105877 0.0228459 0.00954133 0.0115519 0.0646167 
1999 0 0.0212197 0.0474487 0.0838849 0.112807 0.146842 0.0490539 0.0586206 0.00888674 0.0737353 0.0692917 0.0509591 0.0347381 0.0278356 0.0542339 0.017522 0.013203 0.0168896 0.0367718 0.0467165 0.0293399 
2000 0 0.0100106 0.113624 0.125836 0.0854564 0.0852789 0.124186 0.0326434 0.0273695 0.00163649 0.0820582 0.0247555 0.027239 0.0339382 0.0514918 0.0316931 0.0117523 0.00821709 0 0.01023 0.112583 
2001 0 0.0111093 0.0348168 0.209588 0.073376 0.0614278 0.0540546 0.0719151 0.0350272 0.078938 0.0185802 0.0519076 0.0312938 0.0298152 0.0161713 0.00354687 0.0100531 0.0232045 0.0164867 0.0245866 0.144102 
2002 0 0.039574 0.0750732 0.082229 0.2958 0.0877711 0.07548 0.0802054 0.0502817 0.0198341 0.0116983 0.00244412 0.0270275 0.0261056 0.0219617 0.0297786 0.0088342 0.0106815 0.00410197 0.0047151 0.046403 
2003 0 0.0519203 0.119738 0.133682 0.105828 0.194531 0.037425 0.0324248 0.0548737 0.0543945 0.0321422 0.0229899 0.000602696 0.00863705 0.0254523 0.0582302 0.0416481 0.00435332 0 0.00126908 0.0198583 
2004 0 0 0.00578792 0.202796 0.190226 0.127337 0.205413 0.0488609 0.0201491 0.0134677 0.0332218 0.015423 0.0222471 0.00241573 0.0462064 0.0151459 0.00996697 0.0043385 0.004586 0.00541646 0.0269934 
2005 0 0.00665916 0.0642218 0.066392 0.113685 0.103278 0.0731955 0.0978969 0.0526456 0.0328833 0.0325589 0.0707981 0.0193683 0.0377434 0.00556626 0.0529203 0.0386821 0.0521526 0.02728 0.0123526 0.0397203 
2006 0 0.00432694 0.012843 0.134187 0.111641 0.162583 0.129888 0.0804324 0.126153 0.0419823 0.0200645 0.0116217 0.0288786 0.0105194 0.00988394 0.00184857 0.027205 0.0364435 0.0403921 0.00910612 0 
2007 0 0.00151125 0.00179808 0.0204566 0.0483744 0.0311792 0.0491183 0.0262488 0.0236619 0.0446587 0.0140904 0.00805199 0.00670942 0.00404056 0.00089587 0.00100092 0.00184385 0.00883572 0.00463037 0.00246941 0.700424 
2008 0 0.0127367 0.0231651 0.00874079 0.0830344 0.157368 0.126178 0.216732 0.109018 0.0547848 0.081794 0.0205708 0.0141455 0.00891409 0.0118041 0 0 0.00122929 0.00845494 0.00511942 0.05621 
2009 0 0.0040681 0.0201533 0.074265 0.0196867 0.118312 0.139147 0.100571 0.137354 0.087214 0.0421511 0.0615164 0.0135638 0.0142695 0.017086 0.0471217 0.0169561 0 0 0.00800234 0.0785618 
2010 0 0.0132181 0.119858 0.0537311 0.0542737 0.0324596 0.110684 0.111565 0.0769113 0.127497 0.0631073 0.0314625 0.0810697 0.0116561 0.0010846 0.0237663 0.0258585 0.0150305 0.0119184 0.00416386 0.0306842 
2011 0 0.00505081 0.0128231 0.247218 0.0736725 0.115365 0.0308731 0.0922075 0.0866835 0.0335054 0.0749709 0.0472758 0.0142562 0.053795 0.0212099 0.0100361 0.0267182 0.0151471 0 0.00107944 0.0381124 
2012 0 0.0222137 0.0453275 0.0494035 0.397101 0.060474 0.0746293 0.0164693 0.0740104 0.0637827 0.0228445 0.033376 0.0178992 0.018986 0.0321426 0.0149712 0.00153768 0.0133925 0.00364253 0.00557725 0.032219 
2013 0 0.0112213 0.0983129 0.0609967 0.0584052 0.312743 0.0838914 0.0700862 0.0188945 0.0342483 0.0431801 0.0212279 0.0275644 0.0322965 0.0145388 0.0280106 0.00483663 0.00602319 0.00946678 0.00561921 0.0584361 
end_table
table error_values
1990 0 0 0 0 0 0 0 0 0 0 0 0 0 0 0 0 0 0 0 0 0 
1991 0 0 0 0 0 0 0 0 0 0 0 0 0 0 0 0 0 0 0 0 0 
1992 0 0 0 0 0 0 0 0 0 0 0 0 0 0 0 0 0 0 0 0 0 
1993 0 0 0 0 0 0 0 0 0 0 0 0 0 0 0 0 0 0 0 0 0 
1994 0 0 0 0 0 0 0 0 0 0 0 0 0 0 0 0 0 0 0 0 0 
1995 0 0 0 0 0 0 0 0 0 0 0 0 0 0 0 0 0 0 0 0 0 
1996 0 0 0 0 0 0 0 0 0 0 0 0 0 0 0 0 0 0 0 0 0 
1997 0 0 0 0 0 0 0 0 0 0 0 0 0 0 0 0 0 0 0 0 0 
1998 0 0 0 0 0 0 0 0 0 0 0 0 0 0 0 0 0 0 0 0 0 
1999 0 0 0 0 0 0 0 0 0 0 0 0 0 0 0 0 0 0 0 0 0 
2000 0 0 0 0 0 0 0 0 0 0 0 0 0 0 0 0 0 0 0 0 0 
2001 0 0 0 0 0 0 0 0 0 0 0 0 0 0 0 0 0 0 0 0 0 
2002 0 0 0 0 0 0 0 0 0 0 0 0 0 0 0 0 0 0 0 0 0 
2003 0 0 0 0 0 0 0 0 0 0 0 0 0 0 0 0 0 0 0 0 0 
2004 0 0 0 0 0 0 0 0 0 0 0 0 0 0 0 0 0 0 0 0 0 
2005 0 0 0 0 0 0 0 0 0 0 0 0 0 0 0 0 0 0 0 0 0 
2006 0 0 0 0 0 0 0 0 0 0 0 0 0 0 0 0 0 0 0 0 0 
2007 0 0 0 0 0 0 0 0 0 0 0 0 0 0 0 0 0 0 0 0 0 
2008 0 0 0 0 0 0 0 0 0 0 0 0 0 0 0 0 0 0 0 0 0 
2009 0 0 0 0 0 0 0 0 0 0 0 0 0 0 0 0 0 0 0 0 0 
2010 0 0 0 0 0 0 0 0 0 0 0 0 0 0 0 0 0 0 0 0 0 
2011 0 0 0 0 0 0 0 0 0 0 0 0 0 0 0 0 0 0 0 0 0 
2012 0 0 0 0 0 0 0 0 0 0 0 0 0 0 0 0 0 0 0 0 0 
2013 0 0 0 0 0 0 0 0 0 0 0 0 0 0 0 0 0 0 0 0 0 
end_table

