@observation HG_age_sample_sim
age_samples_per_cluster 10 
ageing_error age_error 
average_cluster_weight 6 
cluster_cv 0.6 
cluster_sigma 1.1 
fishery_label Fishing_LL 
layer_of_stratum_definitions area_definition 
max_age 20 
min_age 0 
process_label fishing 
strata_to_include HG 
type mortality_event_biomass_age_clusters 
years 1990 1991 1992 1993 1994 1995 1996 1997 1998 1999 2000 2001 2002 2003 2004 2005 2006 2007 2008 2009 2010 2011 2012 2013 
table obs
1990 0 0 0.0210942 0.0638173 0.074651 0.0762398 0.0625762 0.0857578 0.0789788 0.0903811 0.0586707 0.0439214 0.0453814 0.0373545 0.0226889 0.0520611 0.0166026 0.0116056 0.0103504 0.0216778 0.126189 
1991 0 0 0.0218789 0.063141 0.122571 0.159117 0.0901135 0.064721 0.075178 0.0584775 0.0695957 0.0781894 0.0342971 0.0337838 0.0108113 0.00807013 0.0104644 0.0177251 0.0230821 0.0207648 0.0380181 
1992 0 0 0.0148969 0.0762691 0.125518 0.0970403 0.0990091 0.072052 0.0594871 0.0427521 0.0524752 0.04731 0.0452688 0.0375675 0.0173871 0.0238196 0.00862911 0.0154397 0.00936693 0.00543318 0.150278 
1993 0 0 0.00412921 0.0632966 0.106804 0.0816746 0.0923446 0.0873156 0.0740789 0.0630375 0.0301441 0.0709957 0.0387093 0.0286874 0.0191955 0.0142297 0.0209297 0.0254439 0.0313832 0.0160289 0.131572 
1994 0 0.0014556 0.0113394 0.011616 0.102796 0.107956 0.0768669 0.0976467 0.116904 0.123777 0.0552972 0.044863 0.0401886 0.0325186 0.0186041 0.0167436 0.00379676 0.00621102 0.00734046 0.00343013 0.120648 
1995 0 0.0273936 0.0246762 0.0564454 0.0608083 0.162879 0.101314 0.0726545 0.0698092 0.0627086 0.0363255 0.0310179 0.0398579 0.0411533 0.0251515 0.0287742 0.0180201 0.0134601 0.0223391 0.00436011 0.100852 
1996 0 0.00781993 0.149122 0.172505 0.135694 0.0488218 0.107842 0.0483685 0.0346798 0.0256001 0.0259276 0.0180695 0.0129976 0.0173996 0.0380976 0.0172466 0.0151451 0.00617862 0.00864533 0.0158926 0.0939473 
1997 0 0 0.0235004 0.0721337 0.0625296 0.103709 0.0366563 0.112662 0.0904104 0.0487479 0.0649294 0.0592193 0.0466373 0.0571281 0.0430419 0.0253021 0.0169134 0.0158345 0.00775437 0.00572851 0.107162 
1998 0 0 0.00504346 0.0436103 0.148527 0.0631534 0.0677896 0.0338295 0.0908304 0.0733949 0.0833886 0.0711869 0.0437521 0.0156844 0.044522 0.0330079 0.019927 0.0132187 0.0222289 0.021069 0.105836 
1999 0 0.0336644 0.0904606 0.0718586 0.115972 0.187842 0.0491112 0.0376505 0.0230489 0.0803472 0.0353063 0.0247913 0.0177119 0.0127115 0.0238731 0.0303052 0.0315155 0.0205974 0.0205254 0.00547527 0.0872315 
2000 0 0.0120879 0.11602 0.122035 0.0907955 0.0751706 0.0874197 0.028262 0.0319556 0.0186018 0.0580813 0.0400625 0.0316731 0.0405252 0.0288901 0.0131462 0.00655749 0.0198085 0.00682403 0.014052 0.158031 
2001 0 0.0166993 0.0649144 0.230029 0.0807652 0.0676432 0.0924851 0.123595 0.0486406 0.0275782 0.00756727 0.0219164 0.011411 0.0182306 0.0383209 0.0173197 0.017495 0.0153687 0.0197904 0.00959789 0.0706328 
2002 0 0.00333047 0.0320245 0.0961757 0.244631 0.0650943 0.0567546 0.0730824 0.0850111 0.0281458 0.0409437 0.00456337 0.0873396 0.0344075 0.0319423 0.0228314 0.0273044 0.0117113 0.00347714 0.000777234 0.0504523 
2003 0 0.0100945 0.0736917 0.130183 0.156571 0.206579 0.0905564 0.028893 0.032749 0.0669249 0.0120189 0.00806551 0 0.00721353 0.00431253 0.0114084 0.0117566 0.00893671 0.0115675 0.0149161 0.113562 
2004 0 0.00774573 0.022545 0.191994 0.186065 0.108377 0.132798 0.0471714 0.0505435 0.0447782 0.03807 0.0207276 0.0289043 0.00387851 0.0204917 0 0.00165921 0.00905991 0.00408229 0.00675097 0.0743578 
2005 0 0.00925755 0.0768385 0.0755154 0.191151 0.0785147 0.0594912 0.132949 0.0578819 0.0268317 0.0126001 0.0389547 0.0231941 0.0230473 0.00911459 0.05004 0.0287577 0.033351 0.00708023 0.00535001 0.0600796 
2006 0 0.000447114 0.0273231 0.103711 0.079407 0.124949 0.0940538 0.0679958 0.16363 0.0786836 0.0256067 0.0431238 0.0574552 0.0239703 0.0166195 0.00468873 0.0100967 0.00860551 0.00576072 0.00830147 0.0555712 
2007 0 0.000494276 0.000700565 0.00789515 0.0249082 0.0093965 0.0209758 0.0163117 0.00497012 0.00892525 0.00411497 0.00288385 0.00163042 0.00168138 0 0.000150572 0.000350911 0.00117023 0.00518061 0.00251154 0.885748 
2008 0 0 0.0359212 0.0173013 0.0779369 0.144 0.0979836 0.185508 0.0656241 0.0699435 0.0858238 0.0091087 0.0315352 0.0103896 0.0547066 0.00424439 0.0010611 0 0.00892614 0 0.0999856 
2009 0 0.0380116 0.0286253 0.0276364 0.015339 0.13872 0.152745 0.0770805 0.131112 0.0569539 0.0508685 0.0813263 0.00985094 0.0260137 0.0245859 0.0319951 0.0390694 0.00324786 0 0.0054666 0.0613514 
2010 0 0.00175136 0.172903 0.0891208 0.105002 0.0322795 0.0839933 0.0945227 0.0470054 0.106109 0.0378018 0.0225335 0.0688804 0.0151271 0.00781589 0.0228483 0.0214701 0.00472231 0.0055186 0 0.0605948 
2011 0 0.024161 0.0511251 0.208727 0.06197 0.106128 0.0148243 0.0631201 0.111937 0.0557739 0.0791155 0.0515824 0.0268321 0.0491163 0.0354524 0.0205619 0.0201919 0.0179018 0.00147857 0 0 
2012 0 0 0.0217747 0.055382 0.28844 0.0720129 0.0650435 0.0274103 0.0330138 0.0488773 0.0340785 0.0850367 0.0186822 0.0360139 0.0758835 0.0150171 0.00316706 0.0128874 0.0159272 0.00353535 0.0878164 
2013 0 0.00727361 0.0843724 0.0321105 0.127731 0.314781 0.0523076 0.0598108 0.0183181 0.071148 0.0526137 0.0265661 0.0331579 0.0312435 0.0146483 0.0291922 0.00350383 0 0.00916542 0.00403282 0.0280228 
end_table
table error_values
1990 0 0 0 0 0 0 0 0 0 0 0 0 0 0 0 0 0 0 0 0 0 
1991 0 0 0 0 0 0 0 0 0 0 0 0 0 0 0 0 0 0 0 0 0 
1992 0 0 0 0 0 0 0 0 0 0 0 0 0 0 0 0 0 0 0 0 0 
1993 0 0 0 0 0 0 0 0 0 0 0 0 0 0 0 0 0 0 0 0 0 
1994 0 0 0 0 0 0 0 0 0 0 0 0 0 0 0 0 0 0 0 0 0 
1995 0 0 0 0 0 0 0 0 0 0 0 0 0 0 0 0 0 0 0 0 0 
1996 0 0 0 0 0 0 0 0 0 0 0 0 0 0 0 0 0 0 0 0 0 
1997 0 0 0 0 0 0 0 0 0 0 0 0 0 0 0 0 0 0 0 0 0 
1998 0 0 0 0 0 0 0 0 0 0 0 0 0 0 0 0 0 0 0 0 0 
1999 0 0 0 0 0 0 0 0 0 0 0 0 0 0 0 0 0 0 0 0 0 
2000 0 0 0 0 0 0 0 0 0 0 0 0 0 0 0 0 0 0 0 0 0 
2001 0 0 0 0 0 0 0 0 0 0 0 0 0 0 0 0 0 0 0 0 0 
2002 0 0 0 0 0 0 0 0 0 0 0 0 0 0 0 0 0 0 0 0 0 
2003 0 0 0 0 0 0 0 0 0 0 0 0 0 0 0 0 0 0 0 0 0 
2004 0 0 0 0 0 0 0 0 0 0 0 0 0 0 0 0 0 0 0 0 0 
2005 0 0 0 0 0 0 0 0 0 0 0 0 0 0 0 0 0 0 0 0 0 
2006 0 0 0 0 0 0 0 0 0 0 0 0 0 0 0 0 0 0 0 0 0 
2007 0 0 0 0 0 0 0 0 0 0 0 0 0 0 0 0 0 0 0 0 0 
2008 0 0 0 0 0 0 0 0 0 0 0 0 0 0 0 0 0 0 0 0 0 
2009 0 0 0 0 0 0 0 0 0 0 0 0 0 0 0 0 0 0 0 0 0 
2010 0 0 0 0 0 0 0 0 0 0 0 0 0 0 0 0 0 0 0 0 0 
2011 0 0 0 0 0 0 0 0 0 0 0 0 0 0 0 0 0 0 0 0 0 
2012 0 0 0 0 0 0 0 0 0 0 0 0 0 0 0 0 0 0 0 0 0 
2013 0 0 0 0 0 0 0 0 0 0 0 0 0 0 0 0 0 0 0 0 0 
end_table

