@observation HG_age_sample_sim
age_samples_per_cluster 10 
ageing_error age_error 
average_cluster_weight 6 
cluster_cv 0.6 
cluster_sigma 1.1 
fishery_label Fishing_LL 
layer_of_stratum_definitions area_definition 
max_age 20 
min_age 0 
process_label fishing 
strata_to_include HG 
type mortality_event_biomass_age_clusters 
years 1990 1991 1992 1993 1994 1995 1996 1997 1998 1999 2000 2001 2002 2003 2004 2005 2006 2007 2008 2009 2010 2011 2012 2013 
table obs
1990 0 0 0.0223716 0.037485 0.0779243 0.103578 0.101182 0.0472811 0.0832703 0.0539703 0.0724814 0.0575603 0.0709791 0.0439855 0.0433488 0.0268601 0.023392 0.0287586 0.00869727 0.0164766 0.0803977 
1991 0 0.00644052 0.0370479 0.0728373 0.0685424 0.0802929 0.0711343 0.0775058 0.0652657 0.05377 0.0718959 0.076784 0.0936167 0.0734931 0.038005 0.0274375 0.0178911 0.0112649 0.0175416 0.00828976 0.0309436 
1992 0 0.0242348 0.0463778 0.0724799 0.0682465 0.109648 0.0823732 0.0670627 0.0522812 0.0543692 0.0484214 0.042515 0.0487345 0.0234467 0.023707 0.0191872 0.0146566 0.0139496 0.017477 0.015321 0.155511 
1993 0 0.00324105 0.0190087 0.0910403 0.123421 0.0963614 0.0862522 0.0840595 0.0346307 0.0351676 0.0644237 0.0494703 0.0286166 0.0111052 0.03112 0.0215541 0.0129258 0.0287536 0.0258714 0.0216882 0.131289 
1994 0 0.00206899 0.0239277 0.0422054 0.0674879 0.0670745 0.0642096 0.0372253 0.0421944 0.0331944 0.0333001 0.0141196 0.0139124 0.0327621 0.0387018 0.0651585 0.0291443 0.0447544 0.0378044 0.0475968 0.263157 
1995 0 0 0.00733655 0.0399284 0.0365065 0.108512 0.0854725 0.0863128 0.0638573 0.0569743 0.0644228 0.0389432 0.0445672 0.0274772 0.0274694 0.05033 0.0262651 0.0193086 0.0113562 0.0201219 0.184838 
1996 0 0.00318535 0.078187 0.053811 0.0893612 0.0346157 0.0732261 0.0562841 0.0465019 0.0315589 0.0479937 0.0347329 0.0515219 0.0446442 0.0475687 0.0250632 0.0166333 0.0228489 0.0102896 0.0253051 0.206667 
1997 0 0.0185438 0.0412111 0.138007 0.0850563 0.0965525 0.0496034 0.0558451 0.0331866 0.0417639 0.0665371 0.0499265 0.0508389 0.0554389 0.0593002 0.0245337 0.0119331 0.0200085 0.0147528 0.0114611 0.0754995 
1998 0 0.005715 0.0259362 0.0794328 0.179707 0.0701427 0.0629156 0.0244532 0.101091 0.0852242 0.0707825 0.042031 0.0309309 0.0227525 0.0132349 0.0111564 0.0073902 0.0144642 0.0083919 0.0170844 0.127163 
1999 0 0.057088 0.0407884 0.0450396 0.0603352 0.147526 0.0700381 0.102686 0.0149271 0.0771076 0.0498592 0.0646499 0.0327893 0.0336161 0.0210559 0.0435668 0.0166215 0.0207875 0.020049 0.011324 0.0701447 
2000 0 0.00115873 0.0645523 0.0863299 0.0630291 0.100565 0.0967246 0.0806943 0.0895494 0.053251 0.043752 0.0306889 0.0316282 0.0575363 0.0263431 0.00778223 0.00862784 0.0115331 0.0160524 0.0173181 0.112884 
2001 0 0.00823283 0.05608 0.213258 0.15913 0.0905583 0.0487211 0.0831607 0.0342757 0.0318888 0.0102831 0.0257398 0.0193203 0.0269982 0.0224402 0.0165832 0.0083562 0.0145944 0.0129352 0.00681783 0.110627 
2002 0 0.0213554 0.0312424 0.121746 0.246771 0.103082 0.0441851 0.04421 0.0673393 0.0339469 0.0419989 0.0130066 0.0224918 0.027654 0.0305191 0.0203102 0.0171792 0.0077169 0.0096916 0.0144729 0.0810805 
2003 0 0 0.0702476 0.0640673 0.0753577 0.141022 0.0892886 0.0617402 0.0737853 0.0810323 0.0386129 0.0225997 0.00378479 0.02261 0.0189101 0.0134086 0.0476406 0.0267127 0.0216181 0.0195669 0.107995 
2004 0 0.00420505 0.00879737 0.108328 0.147698 0.0965821 0.166324 0.0576602 0.0340714 0.0399896 0.041982 0.0233891 0.0502947 0.0178015 0.0257574 0.0219806 0.0272701 0.0308889 0.010739 0.0127786 0.0734617 
2005 0 0 0.0790521 0.0643524 0.185575 0.0946391 0.0817018 0.14508 0.0663965 0.0209143 0.0169214 0.0410382 0.0347036 0.0171714 0.0159216 0.0428029 0.00447295 0.00690411 0.00591319 0.0249568 0.0514816 
2006 0 0.00842927 0.049987 0.0978028 0.0728256 0.145779 0.131903 0.105972 0.152093 0.0725138 0.0212418 0.0186211 0.0240964 0.00761326 0.00298728 0.0112545 0.0125564 0.0076148 0.0134219 0.00825162 0.0350355 
2007 0 0.00282355 0.00424699 0.0136643 0.0469707 0.0233927 0.0636885 0.0273564 0.0105128 0.0222259 0.00948676 0.00670869 0.00520242 0.00721594 0.000836984 0.000418492 0.00108935 0.00962688 0.0241292 0.00529477 0.715109 
2008 0 0.00874041 0.0142883 0.0166689 0.142953 0.27385 0.0757796 0.113999 0.111718 0.0241569 0.0938943 0.019508 0.0116783 0.00246211 0.0245726 0.00403491 0.0150886 0 0.00818094 0.0045933 0.0338333 
2009 0 0.0701594 0.0283639 0.0596372 0.024934 0.134348 0.142894 0.11295 0.150705 0.0702587 0.0455324 0.087632 0.0120368 0.00778389 0.0030871 0.00496188 0.00248094 0 0.00274275 0.0105525 0.0289395 
2010 0 0.00893904 0.157875 0.0393747 0.106029 0.0197572 0.138339 0.176813 0.0364562 0.102171 0.0396427 0.0284751 0.0937747 0.0122645 0.00883871 0.0099164 0.0157149 0.00400111 0.000539114 0.00107823 0 
2011 0 0.00808599 0.00584848 0.338162 0.0753804 0.131134 0.01731 0.0510093 0.0851692 0.0528119 0.0256209 0.0264355 0.0222944 0.0552569 0.0255483 0.0125669 0.0135698 0.0170556 0 0 0.0367402 
2012 0 0 0.00231446 0.043647 0.387101 0.106183 0.074089 0.0126499 0.0577958 0.0713303 0.0364065 0.0588714 0.0255568 0.00616695 0.00547933 0.021551 0.00656208 0.019151 0.0198225 0.0213328 0.0239891 
2013 0 0.00134934 0.0591811 0.0607809 0.101867 0.228117 0.0557958 0.064612 0.0189248 0.0230193 0.0488648 0.0186933 0.0673971 0.0497909 0.0344787 0.0820446 0.0419108 0.00310193 0.00103398 0.00206796 0.0369682 
end_table
table error_values
1990 0 0 0 0 0 0 0 0 0 0 0 0 0 0 0 0 0 0 0 0 0 
1991 0 0 0 0 0 0 0 0 0 0 0 0 0 0 0 0 0 0 0 0 0 
1992 0 0 0 0 0 0 0 0 0 0 0 0 0 0 0 0 0 0 0 0 0 
1993 0 0 0 0 0 0 0 0 0 0 0 0 0 0 0 0 0 0 0 0 0 
1994 0 0 0 0 0 0 0 0 0 0 0 0 0 0 0 0 0 0 0 0 0 
1995 0 0 0 0 0 0 0 0 0 0 0 0 0 0 0 0 0 0 0 0 0 
1996 0 0 0 0 0 0 0 0 0 0 0 0 0 0 0 0 0 0 0 0 0 
1997 0 0 0 0 0 0 0 0 0 0 0 0 0 0 0 0 0 0 0 0 0 
1998 0 0 0 0 0 0 0 0 0 0 0 0 0 0 0 0 0 0 0 0 0 
1999 0 0 0 0 0 0 0 0 0 0 0 0 0 0 0 0 0 0 0 0 0 
2000 0 0 0 0 0 0 0 0 0 0 0 0 0 0 0 0 0 0 0 0 0 
2001 0 0 0 0 0 0 0 0 0 0 0 0 0 0 0 0 0 0 0 0 0 
2002 0 0 0 0 0 0 0 0 0 0 0 0 0 0 0 0 0 0 0 0 0 
2003 0 0 0 0 0 0 0 0 0 0 0 0 0 0 0 0 0 0 0 0 0 
2004 0 0 0 0 0 0 0 0 0 0 0 0 0 0 0 0 0 0 0 0 0 
2005 0 0 0 0 0 0 0 0 0 0 0 0 0 0 0 0 0 0 0 0 0 
2006 0 0 0 0 0 0 0 0 0 0 0 0 0 0 0 0 0 0 0 0 0 
2007 0 0 0 0 0 0 0 0 0 0 0 0 0 0 0 0 0 0 0 0 0 
2008 0 0 0 0 0 0 0 0 0 0 0 0 0 0 0 0 0 0 0 0 0 
2009 0 0 0 0 0 0 0 0 0 0 0 0 0 0 0 0 0 0 0 0 0 
2010 0 0 0 0 0 0 0 0 0 0 0 0 0 0 0 0 0 0 0 0 0 
2011 0 0 0 0 0 0 0 0 0 0 0 0 0 0 0 0 0 0 0 0 0 
2012 0 0 0 0 0 0 0 0 0 0 0 0 0 0 0 0 0 0 0 0 0 
2013 0 0 0 0 0 0 0 0 0 0 0 0 0 0 0 0 0 0 0 0 0 
end_table

