@observation HG_age_sample_sim
age_samples_per_cluster 10 
ageing_error age_error 
average_cluster_weight 6 
cluster_cv 0.6 
cluster_sigma 1.1 
fishery_label Fishing_LL 
layer_of_stratum_definitions area_definition 
max_age 20 
min_age 0 
process_label fishing 
strata_to_include HG 
type mortality_event_biomass_age_clusters 
years 1990 1991 1992 1993 1994 1995 1996 1997 1998 1999 2000 2001 2002 2003 2004 2005 2006 2007 2008 2009 2010 2011 2012 2013 
table obs
1990 0 0.00353602 0.0354945 0.0740016 0.115262 0.0913582 0.0676534 0.0772318 0.0779854 0.0276646 0.0338814 0.0622342 0.0493905 0.0428898 0.0335047 0.0187933 0.0254489 0.0384515 0.0161951 0.00930837 0.0997151 
1991 0 0.01158 0.0204923 0.0477572 0.077292 0.0592326 0.0414294 0.0883984 0.0701609 0.0982906 0.103013 0.0782592 0.032626 0.0427314 0.0555133 0.0281463 0.0126444 0.015361 0.0181829 0.00457456 0.0943144 
1992 0 0 0.0104801 0.026725 0.104036 0.0838754 0.0819707 0.0659481 0.072704 0.0442076 0.0813938 0.0428812 0.0258225 0.0196886 0.0190351 0.0325586 0.0461626 0.0215406 0.0361638 0.0266994 0.158107 
1993 0 0 0.0105189 0.0472136 0.123341 0.147919 0.108812 0.101085 0.084673 0.0658252 0.0566132 0.057367 0.0362499 0.029336 0.0144535 0.0135585 0.00831475 0.0132929 0.011845 0.0178368 0.0517445 
1994 0 0.0124405 0.0333082 0.0481009 0.117896 0.0711977 0.0666063 0.0636767 0.082797 0.0570429 0.0836109 0.0785323 0.0506958 0.0294045 0.0208546 0.0338086 0.0295526 0.0474612 0.0240133 0.0024134 0.0465863 
1995 0 0.0183343 0.0277137 0.0398822 0.0317759 0.0943866 0.106115 0.0881418 0.083305 0.0924473 0.0670488 0.0432211 0.0323899 0.0154048 0.0121655 0.0251887 0.00684487 0.00854447 0.00740788 0.0114567 0.188226 
1996 0 0.0201143 0.0269066 0.0549609 0.070621 0.0346907 0.149526 0.0903566 0.0839708 0.0795108 0.0473095 0.0333999 0.0311279 0.02883 0.0352742 0.0340866 0.0314086 0.0396223 0.0241581 0.0223934 0.0617318 
1997 0 0.00174492 0.00522378 0.108823 0.0809647 0.143481 0.0214528 0.10859 0.0460566 0.0434911 0.0450884 0.0421142 0.0606646 0.0680538 0.0319269 0.0379199 0.014299 0.00423943 0.0174612 0.00577321 0.112631 
1998 0 0.010441 0.0187464 0.0870696 0.151342 0.0639619 0.0687583 0.0306615 0.0685906 0.0489537 0.0393178 0.0374279 0.0825373 0.0561231 0.0441885 0.0190806 0.0116295 0.00997361 0.0103743 0.00642041 0.134402 
1999 0 0.0125967 0.00699168 0.0284607 0.102404 0.12648 0.0975041 0.0505435 0.0145981 0.111223 0.0873627 0.0555303 0.0537388 0.0630368 0.0322079 0.031703 0.0173141 0.013636 0.00793316 0.00148819 0.0852476 
2000 0 0.0127628 0.0832597 0.0744065 0.0574986 0.105109 0.110384 0.0525164 0.0734654 0.0247293 0.0467987 0.0370454 0.0388021 0.0168538 0.0278354 0.0487308 0.0303868 0.0132568 0.006792 0.00748262 0.131884 
2001 0 0.00658687 0.0380513 0.208209 0.140135 0.0466325 0.0810032 0.0728378 0.0431961 0.0292785 0.00449084 0.0544138 0.0422743 0.0206765 0.0346138 0.00606152 0.0171387 0.0200138 0.0302366 0.0225485 0.0816014 
2002 0 0.00471315 0.0279862 0.089325 0.25165 0.148199 0.0612475 0.116191 0.0568686 0.0205085 0.0209805 0.00913685 0.0533983 0.0226041 0.0112926 0.0145411 0.0204897 0.0155283 0.00116397 0.00360716 0.0505693 
2003 0 0.0450284 0.0809975 0.141491 0.0815515 0.191846 0.0552026 0.0510587 0.0510507 0.0815376 0.0161505 0.0173113 0.00766947 0.0121848 0.0159037 0.0279599 0.0209862 0.0181396 0.00941044 0.0140688 0.0604518 
2004 0 0.0575348 0.0456177 0.111393 0.124878 0.0909166 0.136939 0.0879756 0.0243776 0.0289241 0.0357496 0.00570251 0.0101115 0.0199664 0.0149449 0.0231969 0.028407 0.0285941 0.0243984 0.0281297 0.0722426 
2005 0 0.0142724 0.0645794 0.106965 0.322371 0.14862 0.0837425 0.125151 0.0280632 0.00132862 0.0107521 0.0207752 0.00140074 0 0 0.00682076 0.013558 0.018704 0.00993842 0.00731447 0.0156437 
2006 0 0.00208844 0.00919872 0.112093 0.0944399 0.124586 0.121733 0.10715 0.134094 0.0526458 0.0172983 0.0193888 0.0368437 0.0135941 0.00755714 0.00201271 0.00999568 0.0113486 0.0218054 0.0016514 0.100476 
2007 0 0 0.000300272 0.00312948 0.0108831 0.0083748 0.0138031 0.0091426 0.00584079 0.0109448 0.00540626 0.00294048 0.0014983 0.00206558 0.0036169 0.000696279 0 0.000560775 0.0261476 0 0.894649 
2008 0 0.00311001 0.0347433 0.0655078 0.0891764 0.246995 0.0891728 0.0856884 0.0917965 0.0535881 0.0911646 0.0398311 0.0133849 0.00368734 0.0108507 0.00285929 0.000555394 0.00159908 0.0101206 0.0181502 0.0480182 
2009 0 0.0333438 0.032044 0.0603024 0.0300846 0.0796318 0.190585 0.0442692 0.091213 0.0813179 0.0388438 0.0661145 0.046153 0.00961219 0.0440917 0.0458772 0.00513923 0.00499843 0 0.0178074 0.0785707 
2010 0 0.0115516 0.216327 0.0675148 0.0781193 0.0103602 0.0678529 0.145468 0.0415941 0.0866068 0.0409708 0.0346361 0.0619351 0.0406033 0.00314144 0.00204458 0.0085648 0.0036466 0.00121553 0.0036466 0.0742 
2011 0 0.0109516 0.023105 0.216592 0.0623642 0.104302 0.0346052 0.0627781 0.104332 0.0581286 0.0660148 0.0609251 0.0308097 0.0640765 0.0194202 0.0094028 0.0175643 0.0202574 0.00811112 0.0115221 0.0147371 
2012 0 0.0232195 0.0292309 0.0533322 0.382617 0.0831282 0.0781174 0.0286057 0.0618171 0.0744177 0.026287 0.0460726 0.0322209 0.00493661 0.0217679 0.0090562 0.00102159 0.00102159 0 0.00469994 0.0384298 
2013 0 0.0095588 0.0786784 0.0540312 0.115951 0.307689 0.0679598 0.0705314 0.0292143 0.0454015 0.0742993 0.0202771 0.0388008 0.0154849 0.0137005 0.00742285 0.000887763 0.00296197 0.00103711 0.00103711 0.0450761 
end_table
table error_values
1990 0 0 0 0 0 0 0 0 0 0 0 0 0 0 0 0 0 0 0 0 0 
1991 0 0 0 0 0 0 0 0 0 0 0 0 0 0 0 0 0 0 0 0 0 
1992 0 0 0 0 0 0 0 0 0 0 0 0 0 0 0 0 0 0 0 0 0 
1993 0 0 0 0 0 0 0 0 0 0 0 0 0 0 0 0 0 0 0 0 0 
1994 0 0 0 0 0 0 0 0 0 0 0 0 0 0 0 0 0 0 0 0 0 
1995 0 0 0 0 0 0 0 0 0 0 0 0 0 0 0 0 0 0 0 0 0 
1996 0 0 0 0 0 0 0 0 0 0 0 0 0 0 0 0 0 0 0 0 0 
1997 0 0 0 0 0 0 0 0 0 0 0 0 0 0 0 0 0 0 0 0 0 
1998 0 0 0 0 0 0 0 0 0 0 0 0 0 0 0 0 0 0 0 0 0 
1999 0 0 0 0 0 0 0 0 0 0 0 0 0 0 0 0 0 0 0 0 0 
2000 0 0 0 0 0 0 0 0 0 0 0 0 0 0 0 0 0 0 0 0 0 
2001 0 0 0 0 0 0 0 0 0 0 0 0 0 0 0 0 0 0 0 0 0 
2002 0 0 0 0 0 0 0 0 0 0 0 0 0 0 0 0 0 0 0 0 0 
2003 0 0 0 0 0 0 0 0 0 0 0 0 0 0 0 0 0 0 0 0 0 
2004 0 0 0 0 0 0 0 0 0 0 0 0 0 0 0 0 0 0 0 0 0 
2005 0 0 0 0 0 0 0 0 0 0 0 0 0 0 0 0 0 0 0 0 0 
2006 0 0 0 0 0 0 0 0 0 0 0 0 0 0 0 0 0 0 0 0 0 
2007 0 0 0 0 0 0 0 0 0 0 0 0 0 0 0 0 0 0 0 0 0 
2008 0 0 0 0 0 0 0 0 0 0 0 0 0 0 0 0 0 0 0 0 0 
2009 0 0 0 0 0 0 0 0 0 0 0 0 0 0 0 0 0 0 0 0 0 
2010 0 0 0 0 0 0 0 0 0 0 0 0 0 0 0 0 0 0 0 0 0 
2011 0 0 0 0 0 0 0 0 0 0 0 0 0 0 0 0 0 0 0 0 0 
2012 0 0 0 0 0 0 0 0 0 0 0 0 0 0 0 0 0 0 0 0 0 
2013 0 0 0 0 0 0 0 0 0 0 0 0 0 0 0 0 0 0 0 0 0 
end_table

