@observation HG_age_sample_sim
age_samples_per_cluster 10 
ageing_error age_error 
average_cluster_weight 6 
cluster_cv 0.6 
cluster_sigma 1.1 
fishery_label Fishing_LL 
layer_of_stratum_definitions area_definition 
max_age 20 
min_age 0 
process_label fishing 
strata_to_include HG 
type mortality_event_biomass_age_clusters 
years 1990 1991 1992 1993 1994 1995 1996 1997 1998 1999 2000 2001 2002 2003 2004 2005 2006 2007 2008 2009 2010 2011 2012 2013 
table obs
1990 0 0 0.053333 0.0690467 0.0887805 0.117511 0.0823683 0.0941142 0.0589084 0.0601113 0.0672346 0.0509767 0.0278707 0.0280977 0.0249445 0.00890977 0.0253765 0.0294454 0.0107758 0.0242949 0.0779002 
1991 0 0.00429652 0.0221981 0.0893361 0.0951556 0.0945549 0.110954 0.112583 0.0337276 0.0279166 0.0175692 0.038674 0.0219666 0.0301821 0.0179128 0.0181764 0.0176965 0.014002 0.0164924 0.0268463 0.189759 
1992 0 0.00149876 0.0482036 0.0637284 0.0581281 0.0576844 0.0744007 0.0865057 0.0520067 0.0525309 0.0580967 0.036421 0.0338262 0.0411007 0.0339551 0.0452069 0.0465581 0.0178498 0.0236501 0.0320222 0.136626 
1993 0 0.0016633 0.00671984 0.0560254 0.0619121 0.0492991 0.0726123 0.0534955 0.0459882 0.0609778 0.0530715 0.0713379 0.0445929 0.0442004 0.0318823 0.0301168 0.0565412 0.0373613 0.0306454 0.0197123 0.171845 
1994 0 0.00125408 0.0115484 0.00189125 0.0848292 0.0797545 0.044586 0.0517723 0.0691742 0.0511749 0.0424503 0.0457766 0.0464062 0.0184265 0.0563092 0.0396407 0.0644109 0.0236695 0.00602636 0.0130989 0.2478 
1995 0 0.0126882 0.0186709 0.0880195 0.0518634 0.191843 0.0928427 0.0874154 0.0596829 0.0433387 0.0384053 0.0234847 0.0288891 0.0403743 0.0200429 0.00878745 0.0181059 0.0221261 0.0308187 0.0188723 0.103729 
1996 0 0.00548741 0.0307861 0.0775036 0.119249 0.0563367 0.11806 0.0987514 0.056578 0.044842 0.0457594 0.0482069 0.040805 0.0443054 0.0128751 0.0221257 0.0256532 0.0209478 0.0210916 0.0134775 0.0971581 
1997 0 0.00291026 0.0169936 0.0520171 0.0521955 0.0266394 0.0261321 0.0818563 0.0608418 0.0391768 0.0996022 0.0612781 0.0501128 0.050924 0.0472554 0.0307467 0.020851 0.0171768 0.0162656 0.0211379 0.225887 
1998 0 0.00923474 0.0481218 0.10658 0.249294 0.0596566 0.0714808 0.0234487 0.0928119 0.0457667 0.0429894 0.0374744 0.0284377 0.0180417 0.0127268 0.00889404 0.0182262 0.00896358 0.00142687 0.00603701 0.110388 
1999 0 0.0250884 0.0385842 0.0354435 0.119177 0.15776 0.0625666 0.0631098 0.0453315 0.0711816 0.032112 0.0299464 0.021767 0.016301 0.0308072 0.0254852 0.0228843 0.0229807 0.0379582 0.0415497 0.0999662 
2000 0 0.00479572 0.0694611 0.0836238 0.0477061 0.0719948 0.113786 0.0732934 0.0509571 0.0110585 0.0304547 0.0497175 0.102779 0.0335993 0.0314242 0.0238569 0.0175571 0.00909148 0.0102098 0.0186559 0.145977 
2001 0 0.0142737 0.0431157 0.213747 0.117324 0.0898308 0.062601 0.0638444 0.018574 0.0188097 0.00271346 0.0427786 0.0354622 0.0423116 0.0170844 0.0153236 0.00601239 0.0121246 0.0127898 0.0100415 0.161238 
2002 0 0.0416681 0.0744061 0.0996377 0.304571 0.144217 0.0639258 0.0476647 0.0386506 0.00256006 0.00820166 0.0122655 0.0226755 0.0117724 0.0243841 0.0251311 0.0251182 0.0141308 0.00642069 0.00926823 0.0233313 
2003 0 0 0.0734714 0.0932826 0.102741 0.21373 0.0978064 0.0629769 0.0661645 0.0549652 0.0497374 0.0326797 0.00847136 0.0133884 0.0129502 0.0144686 0.0100404 0.00701066 0.00356791 0.00572252 0.0768251 
2004 0 0.0141337 0.0300478 0.139808 0.134217 0.107129 0.176134 0.0676196 0.0194849 0.0305977 0.0499755 0.00877506 0.0137797 0.0176937 0.0535915 0.0186064 0.0256437 0.00535803 0.00416958 0.00256951 0.0806649 
2005 0 0.0114863 0.0615957 0.0483151 0.204101 0.0847388 0.103399 0.100295 0.0628137 0.0214909 0.02507 0.0483487 0.0393583 0.0617485 0.0254449 0.0235452 0.00868678 0.022263 0.00311764 0.00134818 0.042833 
2006 0 0 0.0136308 0.08557 0.0628829 0.155629 0.0958611 0.0509086 0.115651 0.0626399 0.0401192 0.0530106 0.0533796 0.0183003 0.00238203 0.00685471 0.0102821 0.00342736 0.0330687 0.0285128 0.10789 
2007 0 0 0.00145498 0.00935072 0.0346608 0.0217536 0.0298348 0.0305343 0.0201863 0.0211276 0.00478618 0.00470426 0.00687369 0.00531424 0.000496851 0.00135748 0.000678739 0.000678739 0 0 0.806207 
2008 0 0 0.00217276 0.012186 0.0842976 0.186686 0.0786928 0.111634 0.103333 0.0821216 0.12695 0.0340708 0.0318104 0.0151736 0.0343384 0.00291167 0.00466426 0 0 0.00154062 0.087416 
2009 0 0.0296277 0.0342964 0.0515037 0.0244267 0.0896714 0.110654 0.0912895 0.183868 0.126932 0.0588466 0.0949296 0.0367079 0.00656747 0.00694859 0.0188091 0.015377 0 0.00217162 0.0130297 0.00434324 
2010 0 0.00117955 0.0467436 0.0567908 0.12873 0.0277323 0.115504 0.192734 0.0554178 0.0749638 0.0473397 0.0368726 0.055065 0.0354612 0.0141602 0.0197084 0.0159068 0.00717541 0.0245794 0.00410958 0.0398254 
2011 0 0.0112802 0.0310462 0.233505 0.0756416 0.120416 0.0251834 0.071588 0.142764 0.0523393 0.0717388 0.0326535 0.024986 0.0529462 0.0267293 0.00918002 0.00811859 0.00614365 0 0 0.00373996 
2012 0 0.0184839 0.0310555 0.0326309 0.240302 0.0345592 0.0622331 0.0413565 0.071086 0.1106 0.0840789 0.0835692 0.0242683 0.0195768 0.0363935 0.0190943 0.00663655 0.00119207 0.00748016 0.00160952 0.0737936 
2013 0 0.0271257 0.0871377 0.0673008 0.0604074 0.304539 0.0618989 0.0667957 0.0353746 0.0536139 0.0822468 0.0164983 0.0467435 0.0310194 0.0146543 0.0237687 0.00457458 0.00228729 0 0.00252202 0.0114915 
end_table
table error_values
1990 0 0 0 0 0 0 0 0 0 0 0 0 0 0 0 0 0 0 0 0 0 
1991 0 0 0 0 0 0 0 0 0 0 0 0 0 0 0 0 0 0 0 0 0 
1992 0 0 0 0 0 0 0 0 0 0 0 0 0 0 0 0 0 0 0 0 0 
1993 0 0 0 0 0 0 0 0 0 0 0 0 0 0 0 0 0 0 0 0 0 
1994 0 0 0 0 0 0 0 0 0 0 0 0 0 0 0 0 0 0 0 0 0 
1995 0 0 0 0 0 0 0 0 0 0 0 0 0 0 0 0 0 0 0 0 0 
1996 0 0 0 0 0 0 0 0 0 0 0 0 0 0 0 0 0 0 0 0 0 
1997 0 0 0 0 0 0 0 0 0 0 0 0 0 0 0 0 0 0 0 0 0 
1998 0 0 0 0 0 0 0 0 0 0 0 0 0 0 0 0 0 0 0 0 0 
1999 0 0 0 0 0 0 0 0 0 0 0 0 0 0 0 0 0 0 0 0 0 
2000 0 0 0 0 0 0 0 0 0 0 0 0 0 0 0 0 0 0 0 0 0 
2001 0 0 0 0 0 0 0 0 0 0 0 0 0 0 0 0 0 0 0 0 0 
2002 0 0 0 0 0 0 0 0 0 0 0 0 0 0 0 0 0 0 0 0 0 
2003 0 0 0 0 0 0 0 0 0 0 0 0 0 0 0 0 0 0 0 0 0 
2004 0 0 0 0 0 0 0 0 0 0 0 0 0 0 0 0 0 0 0 0 0 
2005 0 0 0 0 0 0 0 0 0 0 0 0 0 0 0 0 0 0 0 0 0 
2006 0 0 0 0 0 0 0 0 0 0 0 0 0 0 0 0 0 0 0 0 0 
2007 0 0 0 0 0 0 0 0 0 0 0 0 0 0 0 0 0 0 0 0 0 
2008 0 0 0 0 0 0 0 0 0 0 0 0 0 0 0 0 0 0 0 0 0 
2009 0 0 0 0 0 0 0 0 0 0 0 0 0 0 0 0 0 0 0 0 0 
2010 0 0 0 0 0 0 0 0 0 0 0 0 0 0 0 0 0 0 0 0 0 
2011 0 0 0 0 0 0 0 0 0 0 0 0 0 0 0 0 0 0 0 0 0 
2012 0 0 0 0 0 0 0 0 0 0 0 0 0 0 0 0 0 0 0 0 0 
2013 0 0 0 0 0 0 0 0 0 0 0 0 0 0 0 0 0 0 0 0 0 
end_table

