@observation HG_age_sample_sim
age_samples_per_cluster 10 
ageing_error age_error 
average_cluster_weight 6 
cluster_cv 0.6 
cluster_sigma 1.1 
fishery_label Fishing_LL 
layer_of_stratum_definitions area_definition 
max_age 20 
min_age 0 
process_label fishing 
strata_to_include HG 
type mortality_event_biomass_age_clusters 
years 1990 1991 1992 1993 1994 1995 1996 1997 1998 1999 2000 2001 2002 2003 2004 2005 2006 2007 2008 2009 2010 2011 2012 2013 
table obs
1990 0 0.00395191 0.0180808 0.062565 0.0905537 0.131055 0.091211 0.128055 0.0430235 0.0636513 0.0296839 0.0439418 0.0163111 0.0274039 0.0130345 0.0410216 0.026758 0.0293932 0.0216453 0.0160737 0.102586 
1991 0 0.0109296 0.0211985 0.0687159 0.0890378 0.12089 0.0772286 0.100592 0.0774377 0.0860144 0.0743619 0.0448597 0.0355719 0.0397191 0.022816 0.00993957 0.0107086 0.00310019 0.00378356 0.0130828 0.0900118 
1992 0 0 0.0296117 0.0760521 0.123124 0.104778 0.0796001 0.107419 0.070224 0.0292832 0.0395088 0.0560459 0.0296516 0.0319578 0.0206722 0.00701811 0.00791643 0.0155338 0.0155702 0.0228095 0.133223 
1993 0 0 0.0022057 0.0607966 0.0615022 0.0559604 0.0721264 0.0731666 0.0979624 0.0882287 0.0614996 0.0481404 0.0610619 0.0318537 0.0358177 0.0308094 0.0321818 0.0146549 0.00738193 0.0143175 0.150332 
1994 0 0.0116755 0.0129347 0.0198216 0.1293 0.148902 0.137801 0.0764049 0.0381962 0.0691543 0.067126 0.0485914 0.00804237 0.0154588 0.0153232 0.00567315 0.0131464 0.0070163 0.00892652 0.002587 0.163918 
1995 0 0.0129489 0.0312872 0.0473976 0.0419344 0.119018 0.11993 0.0797438 0.0568776 0.0576869 0.037902 0.0427558 0.0384101 0.0254375 0.0542212 0.0357511 0.0136665 0.0203026 0.0188279 0.0264206 0.119481 
1996 0 0.00518642 0.0530919 0.0428032 0.142106 0.0466959 0.126512 0.0872634 0.0643957 0.0363311 0.0351484 0.0311881 0.0539111 0.0417968 0.0374766 0.0282178 0.0208765 0.00708627 0.00968749 0.00596523 0.12426 
1997 0 0.0146557 0.0245578 0.0866489 0.0795644 0.109883 0.0284645 0.180092 0.0949862 0.0823045 0.0527385 0.0329287 0.0171483 0.0139462 0.00900762 0.00576572 0.0116537 0.0105615 0.0132295 0 0.131863 
1998 0 0 0.0252907 0.0732091 0.185409 0.0741932 0.0496981 0.0178218 0.0786126 0.0582027 0.0440427 0.0259764 0.0382765 0.0150099 0.0315866 0.0192518 0.010943 0.0274697 0.0254575 0.032072 0.167477 
1999 0 0.0190078 0.0550079 0.0468547 0.0984184 0.0723802 0.0766282 0.0644298 0.0537035 0.0866439 0.0631594 0.047407 0.0860493 0.0494474 0.021553 0.0199802 0.0116001 0.0163776 0.00645012 0.00245752 0.102444 
2000 0 0.0067717 0.0950595 0.102673 0.0836846 0.122367 0.138951 0.0512032 0.0347894 0.0223003 0.0541088 0.0441097 0.0179154 0.0435947 0.0374241 0.0199324 0.0133609 0.0165819 0.00495218 0.013757 0.0764632 
2001 0 0.0264047 0.0407271 0.212341 0.0784849 0.0659021 0.0540044 0.10444 0.0206695 0.0440212 0.00846221 0.052555 0.0405864 0.0245208 0.0263556 0.0397874 0.0184455 0.00583301 0.00712482 0.00841728 0.120917 
2002 0 0.00941998 0.0501929 0.0621883 0.250648 0.107028 0.0523644 0.0208643 0.0491702 0.0315275 0.0522904 0.00487435 0.0405834 0.0207718 0.0366359 0.0169631 0.0240564 0.0346417 0.0198218 0.0201169 0.0958412 
2003 0 0 0.0521479 0.075774 0.0991467 0.232908 0.0589959 0.0295484 0.0403392 0.0936667 0.0368156 0.0377025 0.0128502 0.0514963 0.0388114 0.0458242 0.0301346 0.00825194 0 0.00708829 0.0484979 
2004 0 0.0117099 0.0387298 0.14942 0.15335 0.105754 0.216577 0.0546072 0.0297239 0.0227931 0.0276606 0.0175904 0.024919 0.00502012 0.0136555 0.0198116 0.011048 0.00753157 0.00660723 0.00388687 0.0796054 
2005 0 0.00458038 0.0752688 0.0661974 0.166309 0.13412 0.0849155 0.181519 0.0595202 0.0217303 0.021745 0.0388227 0.0203104 0.0406229 0.0110118 0.0299114 0.00394394 0.0118318 0 0.0118318 0.0158083 
2006 0 0.00571214 0.0159562 0.140586 0.11975 0.166241 0.114852 0.091239 0.100683 0.0375959 0.014432 0.03341 0.0332938 0.0170843 0.0246269 0.00312989 0.0157074 0.00627911 0.0172241 0.0017932 0.0404045 
2007 0 0.00105381 0.00122592 0.0102701 0.0291183 0.0207844 0.0277182 0.0259331 0.0145094 0.0252094 0.00416157 0.00153937 0.00111558 0.000910843 0.000867674 0.000781338 0 0.00018853 0 0.00247022 0.832142 
2008 0 0 0.0120191 0.022456 0.0573324 0.105137 0.0922843 0.163368 0.0989829 0.0669751 0.0823303 0.031892 0.0400581 0.0549576 0.0607451 0 0.00962562 0.00634328 0.0159944 0.0125044 0.0669952 
2009 0 0.125769 0.0277747 0.0923357 0.0104942 0.110093 0.134317 0.0383015 0.11239 0.0714827 0.029395 0.0959147 0.00937349 0.00907227 0.0153348 0.0411373 0.0189572 0.0176051 0.00401232 0.0146575 0.021581 
2010 0 0.0105327 0.146633 0.0452748 0.118264 0.0316678 0.0828171 0.0863246 0.0646485 0.11878 0.0780094 0.0229939 0.0483867 0.0137977 0.00911321 0.012548 0.0200621 0.0244574 0.0225998 0.00433139 0.0387584 
2011 0 0.0131086 0.0411234 0.271037 0.0937804 0.154242 0.0456389 0.0840066 0.0856995 0.0352863 0.0273115 0.0219244 0.00135514 0.014408 0.0115111 0.00567945 0.00944516 0.00965882 0.00487247 0.0053893 0.0645211 
2012 0 0.0109233 0.0303932 0.0258476 0.340602 0.0718575 0.0804364 0.0523775 0.0618797 0.101025 0.0281123 0.0393107 0.033425 0.0247792 0.0639642 0.0178544 0.00645426 0.00268918 0.00134459 0.00134459 0.00537836 
2013 0 0.0181232 0.089904 0.0483851 0.092455 0.336644 0.0547544 0.0358553 0.0085488 0.024459 0.0586648 0.0315793 0.0698669 0.0486895 0.0337077 0.0136321 0 0 0.000824124 0.0055321 0.0283743 
end_table
table error_values
1990 0 0 0 0 0 0 0 0 0 0 0 0 0 0 0 0 0 0 0 0 0 
1991 0 0 0 0 0 0 0 0 0 0 0 0 0 0 0 0 0 0 0 0 0 
1992 0 0 0 0 0 0 0 0 0 0 0 0 0 0 0 0 0 0 0 0 0 
1993 0 0 0 0 0 0 0 0 0 0 0 0 0 0 0 0 0 0 0 0 0 
1994 0 0 0 0 0 0 0 0 0 0 0 0 0 0 0 0 0 0 0 0 0 
1995 0 0 0 0 0 0 0 0 0 0 0 0 0 0 0 0 0 0 0 0 0 
1996 0 0 0 0 0 0 0 0 0 0 0 0 0 0 0 0 0 0 0 0 0 
1997 0 0 0 0 0 0 0 0 0 0 0 0 0 0 0 0 0 0 0 0 0 
1998 0 0 0 0 0 0 0 0 0 0 0 0 0 0 0 0 0 0 0 0 0 
1999 0 0 0 0 0 0 0 0 0 0 0 0 0 0 0 0 0 0 0 0 0 
2000 0 0 0 0 0 0 0 0 0 0 0 0 0 0 0 0 0 0 0 0 0 
2001 0 0 0 0 0 0 0 0 0 0 0 0 0 0 0 0 0 0 0 0 0 
2002 0 0 0 0 0 0 0 0 0 0 0 0 0 0 0 0 0 0 0 0 0 
2003 0 0 0 0 0 0 0 0 0 0 0 0 0 0 0 0 0 0 0 0 0 
2004 0 0 0 0 0 0 0 0 0 0 0 0 0 0 0 0 0 0 0 0 0 
2005 0 0 0 0 0 0 0 0 0 0 0 0 0 0 0 0 0 0 0 0 0 
2006 0 0 0 0 0 0 0 0 0 0 0 0 0 0 0 0 0 0 0 0 0 
2007 0 0 0 0 0 0 0 0 0 0 0 0 0 0 0 0 0 0 0 0 0 
2008 0 0 0 0 0 0 0 0 0 0 0 0 0 0 0 0 0 0 0 0 0 
2009 0 0 0 0 0 0 0 0 0 0 0 0 0 0 0 0 0 0 0 0 0 
2010 0 0 0 0 0 0 0 0 0 0 0 0 0 0 0 0 0 0 0 0 0 
2011 0 0 0 0 0 0 0 0 0 0 0 0 0 0 0 0 0 0 0 0 0 
2012 0 0 0 0 0 0 0 0 0 0 0 0 0 0 0 0 0 0 0 0 0 
2013 0 0 0 0 0 0 0 0 0 0 0 0 0 0 0 0 0 0 0 0 0 
end_table

