@observation HG_age_sample_sim
age_samples_per_cluster 10 
ageing_error age_error 
average_cluster_weight 6 
cluster_cv 0.6 
cluster_sigma 1.1 
fishery_label Fishing_LL 
layer_of_stratum_definitions area_definition 
max_age 20 
min_age 0 
process_label fishing 
strata_to_include HG 
type mortality_event_biomass_age_clusters 
years 1990 1991 1992 1993 1994 1995 1996 1997 1998 1999 2000 2001 2002 2003 2004 2005 2006 2007 2008 2009 2010 2011 2012 2013 
table obs
1990 0 0.017232 0.0117937 0.0291178 0.0557701 0.0745445 0.108326 0.133268 0.0799368 0.0741531 0.0445422 0.0356783 0.0254683 0.0384246 0.0266355 0.0321648 0.0293783 0.048417 0.0160062 0.0122293 0.106914 
1991 0 0.00744984 0.0339193 0.099717 0.106445 0.127905 0.0688726 0.0840765 0.0495898 0.0573988 0.0314574 0.0448757 0.0285953 0.0267442 0.0182261 0.0176327 0.0122278 0.00761584 0.0468155 0.0190894 0.111346 
1992 0 0 0.0273762 0.120851 0.164718 0.0944984 0.0675276 0.0468948 0.0476512 0.0455046 0.0341614 0.0482618 0.0357541 0.0384633 0.0508822 0.0249998 0.016399 0.0143175 0.0241956 0.0144266 0.0831166 
1993 0 0.00693091 0.00518987 0.112554 0.0800953 0.0738411 0.0627866 0.0931591 0.0628946 0.0718639 0.0749775 0.0532717 0.0226828 0.0275898 0.0201191 0.0129188 0.0134949 0.0164087 0.0419286 0.0131577 0.134135 
1994 0 0.00120654 0.0136825 0.0230721 0.173994 0.180216 0.110277 0.0773627 0.0742765 0.0407342 0.0201327 0.0183229 0.0101579 0.00311441 0 0.00252818 0.00348802 0.0189974 0.0252836 0.00833317 0.19482 
1995 0 0.0012366 0.013862 0.074401 0.0709033 0.13491 0.10395 0.109844 0.06431 0.0531558 0.0630544 0.0437289 0.0378992 0.0281957 0.0208665 0.0202392 0.0177489 0.0218155 0.0402268 0.0127878 0.0668639 
1996 0 0.000622557 0.0466638 0.0501499 0.0984353 0.0384545 0.0931526 0.0642629 0.0615492 0.0766967 0.0563498 0.0694373 0.0610132 0.0378821 0.055774 0.0388374 0.0335085 0.0122612 0.0101131 0.0163747 0.0784612 
1997 0 0.00923886 0.0302415 0.0857297 0.0607755 0.0674482 0.0411446 0.130083 0.0783903 0.0507866 0.0539797 0.0450264 0.0289943 0.0305374 0.0469584 0.0432786 0.0319816 0.0111465 0.0138606 0.00986242 0.130536 
1998 0 0.013968 0.0344822 0.0465539 0.153292 0.0935126 0.0637642 0.0412658 0.08903 0.092729 0.0424073 0.0744653 0.0309487 0.0102042 0.0132753 0.0141528 0.0122049 0.0182752 0.0138202 0.0176877 0.12396 
1999 0 0 0.0118926 0.0589135 0.121002 0.134782 0.0759707 0.0812174 0.0179374 0.0929928 0.0612474 0.0498183 0.0121437 0.0166588 0.0268873 0.0365862 0.0253113 0.0517849 0.0165695 0.0213099 0.0869736 
2000 0 0.00171728 0.0831637 0.107452 0.0912226 0.137807 0.129963 0.074113 0.0648583 0.0190385 0.0373639 0.0398075 0.0296247 0.0112886 0.0193774 0.0116248 0.0156107 0.029761 0.0146917 0.0139412 0.0675727 
2001 0 0.0115086 0.0301722 0.156132 0.114232 0.0539957 0.0574292 0.0699044 0.0676219 0.054518 0.0244058 0.0760919 0.0290124 0.0293904 0.0278347 0.0161084 0.0120025 0.0215147 0.0210013 0.0107486 0.116376 
2002 0 0.00831525 0.0658892 0.078557 0.245456 0.0918842 0.0632292 0.0604535 0.127779 0.0185315 0.0161572 0.013245 0.0410531 0.0120256 0.0113629 0.0144952 0.0214177 0.0208237 0.0152983 0.0104589 0.0635684 
2003 0 0.00759492 0.0956295 0.152554 0.161228 0.200382 0.0553508 0.061926 0.0369189 0.0474079 0.0185003 0.0329883 0.00403054 0.015847 0.00867058 0.0117647 0.0141125 0.00706025 0.000733603 0.00272739 0.0645721 
2004 0 0.0219602 0.0346433 0.107877 0.135612 0.103731 0.199973 0.0560994 0.0215405 0.044056 0.0499409 0.00954559 0.00947199 0.0120472 0.0356221 0.0375156 0.0187174 0.0149708 0.00800943 0.00684505 0.071821 
2005 0 0.0202215 0.0213363 0.0649297 0.176296 0.0856309 0.102015 0.184107 0.0391136 0.0157356 0.010248 0.0410119 0.0148659 0.0360548 0.00858858 0.0341217 0.0219222 0.0321322 0.0253376 0.00620889 0.0601223 
2006 0 0.00141184 0.0288371 0.128934 0.0659491 0.139457 0.110024 0.0780405 0.102653 0.0497251 0.0275906 0.0527905 0.0750116 0.0212717 0.015022 0 0.00422549 0.00799798 0.00739601 0.0125898 0.0710727 
2007 0 0 0.000496371 0.00707541 0.0107866 0.00500666 0.00698789 0.00427477 0.00397451 0.00820118 0.00245232 0.00153736 0.00159243 0.00163303 0.000511735 0.000346307 0.000247651 0.000523176 0.00101508 0.00031751 0.94302 
2008 0 0.00700608 0.00600614 0.0119937 0.0977813 0.271608 0.0831257 0.122604 0.0742306 0.070329 0.0992582 0.0430989 0.0106255 0.0142614 0.0524153 0.016045 0 0.00713115 0.00356557 0.000990476 0.00792381 
2009 0 0.0418635 0.027928 0.0916524 0.0378189 0.114056 0.124889 0.111943 0.0913112 0.0633717 0.0290119 0.064139 0.0327162 0.0117002 0.0282123 0.0346224 0.0211114 0 0 0.00489127 0.0687611 
2010 0 0.0059454 0.146558 0.0388168 0.0923636 0.0251603 0.0574352 0.123921 0.058675 0.142297 0.0332868 0.0316584 0.0794539 0.0225385 0.0176563 0.028611 0.0303862 0.0274982 0.0070377 0.00717113 0.0235294 
2011 0 0.000661549 0.0135965 0.227493 0.0841241 0.136922 0.0213577 0.0553792 0.0957915 0.0687273 0.0729964 0.0362731 0.0227709 0.0353236 0.0253664 0.0334808 0.0245167 0.012633 0.00331317 0 0.0292731 
2012 0 0.0103654 0.0403202 0.0410477 0.274058 0.0907418 0.0751046 0.032383 0.0670091 0.14113 0.0236864 0.0200737 0.0231049 0.035618 0.0469296 0.0193817 0.00828236 0.00796957 0.0178641 0.00728686 0.0176435 
2013 0 0.0295801 0.0732953 0.0563278 0.0951311 0.222043 0.0604471 0.0655005 0.0144503 0.0576145 0.0760139 0.0241086 0.0353205 0.0315331 0.0304756 0.0544798 0.00526148 0 0 0.00739221 0.061025 
end_table
table error_values
1990 0 0 0 0 0 0 0 0 0 0 0 0 0 0 0 0 0 0 0 0 0 
1991 0 0 0 0 0 0 0 0 0 0 0 0 0 0 0 0 0 0 0 0 0 
1992 0 0 0 0 0 0 0 0 0 0 0 0 0 0 0 0 0 0 0 0 0 
1993 0 0 0 0 0 0 0 0 0 0 0 0 0 0 0 0 0 0 0 0 0 
1994 0 0 0 0 0 0 0 0 0 0 0 0 0 0 0 0 0 0 0 0 0 
1995 0 0 0 0 0 0 0 0 0 0 0 0 0 0 0 0 0 0 0 0 0 
1996 0 0 0 0 0 0 0 0 0 0 0 0 0 0 0 0 0 0 0 0 0 
1997 0 0 0 0 0 0 0 0 0 0 0 0 0 0 0 0 0 0 0 0 0 
1998 0 0 0 0 0 0 0 0 0 0 0 0 0 0 0 0 0 0 0 0 0 
1999 0 0 0 0 0 0 0 0 0 0 0 0 0 0 0 0 0 0 0 0 0 
2000 0 0 0 0 0 0 0 0 0 0 0 0 0 0 0 0 0 0 0 0 0 
2001 0 0 0 0 0 0 0 0 0 0 0 0 0 0 0 0 0 0 0 0 0 
2002 0 0 0 0 0 0 0 0 0 0 0 0 0 0 0 0 0 0 0 0 0 
2003 0 0 0 0 0 0 0 0 0 0 0 0 0 0 0 0 0 0 0 0 0 
2004 0 0 0 0 0 0 0 0 0 0 0 0 0 0 0 0 0 0 0 0 0 
2005 0 0 0 0 0 0 0 0 0 0 0 0 0 0 0 0 0 0 0 0 0 
2006 0 0 0 0 0 0 0 0 0 0 0 0 0 0 0 0 0 0 0 0 0 
2007 0 0 0 0 0 0 0 0 0 0 0 0 0 0 0 0 0 0 0 0 0 
2008 0 0 0 0 0 0 0 0 0 0 0 0 0 0 0 0 0 0 0 0 0 
2009 0 0 0 0 0 0 0 0 0 0 0 0 0 0 0 0 0 0 0 0 0 
2010 0 0 0 0 0 0 0 0 0 0 0 0 0 0 0 0 0 0 0 0 0 
2011 0 0 0 0 0 0 0 0 0 0 0 0 0 0 0 0 0 0 0 0 0 
2012 0 0 0 0 0 0 0 0 0 0 0 0 0 0 0 0 0 0 0 0 0 
2013 0 0 0 0 0 0 0 0 0 0 0 0 0 0 0 0 0 0 0 0 0 
end_table

