@observation HG_age_sample_sim
age_samples_per_cluster 10 
ageing_error age_error 
average_cluster_weight 6 
cluster_cv 0.6 
cluster_sigma 1.1 
fishery_label Fishing_LL 
layer_of_stratum_definitions area_definition 
max_age 20 
min_age 0 
process_label fishing 
strata_to_include HG 
type mortality_event_biomass_age_clusters 
years 1990 1991 1992 1993 1994 1995 1996 1997 1998 1999 2000 2001 2002 2003 2004 2005 2006 2007 2008 2009 2010 2011 2012 2013 
table obs
1990 0 0.00475358 0.0323957 0.0765406 0.0797132 0.086624 0.0770738 0.0701819 0.0733519 0.0327163 0.040292 0.0531491 0.0665488 0.0492172 0.0481413 0.0263439 0.0230523 0.0224245 0.0135504 0.0200493 0.10388 
1991 0 0.0040189 0.0589307 0.0692931 0.102824 0.109635 0.0810414 0.0579899 0.0734316 0.0755487 0.0428258 0.0277631 0.0357236 0.0382285 0.0398843 0.0258802 0.0103024 0.022006 0.0183997 0.0120262 0.0942465 
1992 0 0 0.0230351 0.0574724 0.122337 0.113862 0.0773067 0.0752408 0.0823334 0.0578388 0.0432561 0.028586 0.0296615 0.0530566 0.0384893 0.0200949 0.016756 0.010283 0.00112206 0.00572287 0.143545 
1993 0 0.00928944 0.00371578 0.136033 0.0933534 0.0906761 0.0642303 0.0667439 0.0651637 0.0425907 0.0241903 0.0191447 0.0118898 0.0222045 0.0443956 0.0389216 0.0385961 0.00933913 0.013913 0.0238685 0.18174 
1994 0 0.0208724 0.04421 0.0309277 0.108202 0.0851554 0.0471643 0.044635 0.062368 0.0586364 0.0257814 0.0210263 0.0187858 0.0275877 0.0685462 0.0744013 0.0423758 0.00726651 0.0217317 0.0288834 0.161442 
1995 0 0.00240109 0.0133551 0.0374041 0.0439021 0.0916659 0.101845 0.0875164 0.063047 0.030835 0.0420184 0.052477 0.0247925 0.0268244 0.0324581 0.0122841 0.0359972 0.0320563 0.0154696 0.0318568 0.221795 
1996 0 0.0111607 0.045639 0.0551898 0.0956541 0.0324409 0.0977543 0.0871826 0.0632467 0.0429833 0.0544857 0.0317379 0.0612152 0.0370632 0.0220198 0.0274987 0.0262921 0.0251995 0.0334738 0.0117154 0.138047 
1997 0 0 0.0164051 0.0962516 0.112701 0.140017 0.0647518 0.103797 0.0412754 0.0432532 0.0405095 0.0298697 0.0206513 0.0304954 0.0192119 0.0202992 0.0289489 0.011185 0.0328304 0.0248116 0.122736 
1998 0 0.00374565 0.0170743 0.0753151 0.137709 0.0737787 0.0534643 0.0176501 0.103325 0.0873634 0.0671969 0.042524 0.0310096 0.0203331 0.0208173 0.0214831 0.0259084 0.031032 0.0207348 0.00938011 0.140155 
1999 0 0.0440789 0.0455667 0.0417647 0.0681943 0.181237 0.0684632 0.0800507 0.0262561 0.0369724 0.0633436 0.113958 0.0302981 0.0212484 0.0174968 0.0136532 0.00812533 0.0037586 0.00707855 0.0169811 0.111475 
2000 0 0.00157556 0.0547436 0.0772934 0.0820894 0.0832378 0.198699 0.0667119 0.0681609 0.0114799 0.039314 0.0258498 0.0245494 0.0467121 0.0277644 0.029741 0.0374062 0.0276991 0.00354452 0.0104772 0.0829505 
2001 0 0.00247665 0.073171 0.211885 0.104742 0.110305 0.0876202 0.0868676 0.0520195 0.019359 0.0263068 0.0283714 0.031443 0.023095 0.0209169 0.0120443 0.0115749 0.00650764 0.00268939 0.00724746 0.0813569 
2002 0 0.0403182 0.0802708 0.106669 0.239983 0.108585 0.071194 0.0579793 0.0774269 0.0540535 0.0351388 0 0.0196859 0.0102682 0.0103793 0.00200978 0.0142215 0.00242301 0.00230169 0.00186574 0.0652264 
2003 0 0.0211011 0.0921533 0.134035 0.105695 0.168799 0.0990758 0.0661854 0.0231716 0.0508427 0.0141829 0.00589766 0.00658007 0.0123679 0.011203 0.0279445 0.0203415 0.00355839 0.0090674 0.00310574 0.124692 
2004 0 0.0142303 0.017634 0.150185 0.159947 0.113082 0.208189 0.0936525 0.035334 0.00929068 0.0226557 0.00831214 0.0083976 0.00474564 0.0220907 0.0141941 0.0032886 0.031421 0.0062235 0.00215778 0.0749687 
2005 0 0.00931499 0.0554438 0.0226358 0.153992 0.0747027 0.0738036 0.179598 0.0659153 0.0226084 0.0233822 0.0314996 0.0181885 0.0946412 0.0224329 0.0305585 0.040508 0.0281776 0.00439831 0.00260124 0.0455976 
2006 0 0 0.022345 0.098108 0.121248 0.203308 0.0924943 0.0634979 0.103446 0.0831454 0.02756 0.0221191 0.0254787 0.00786502 0.0331209 0.00350183 0.0205025 0.0226499 0.0118545 0.00625235 0.0315033 
2007 0 0 0.00118232 0.0134923 0.041886 0.0346386 0.0267736 0.0190312 0.0138306 0.0221081 0.00671153 0.00181449 0.00416628 0.00463181 0.00230893 0 0.000734709 0.00614986 0.0025239 0.00280112 0.795215 
2008 0 0.00155641 0.04025 0.0305441 0.114628 0.170583 0.104579 0.117323 0.0982121 0.0743991 0.109393 0.0358617 0.0127221 0.00538454 0.00757855 0.00438802 0 0.000984014 0.0261358 0.000984014 0.0444946 
2009 0 0.0904206 0.05575 0.103072 0.0253217 0.108377 0.10484 0.0619456 0.120773 0.0506936 0.0399318 0.0574566 0.0312117 0.0330359 0.0168767 0.0114392 0.00922319 0.00132513 0 0.0170855 0.0612199 
2010 0 0.00882845 0.0802686 0.0452683 0.0860857 0.0235288 0.0700525 0.120074 0.093344 0.174006 0.043864 0.0263424 0.0571843 0.0356035 0.0258581 0.0102729 0.0225861 0.00747567 0.00395973 0.00205092 0.0633464 
2011 0 0.00430966 0.00754903 0.161423 0.0574885 0.108218 0.0271985 0.0778504 0.093463 0.0528149 0.118502 0.0615872 0.0252191 0.0414122 0.0247019 0.0220215 0.0198609 0.0614958 0.0247631 0.00154259 0.00857868 
2012 0 0.0594539 0.0340938 0.0620663 0.376998 0.0543798 0.0750375 0.031125 0.0348141 0.0302107 0.0134169 0.0548943 0.0571911 0.0202915 0.0440959 0.00738486 0 0 0 0.00146842 0.0430774 
2013 0 0.0169342 0.0477168 0.0413073 0.0549804 0.293082 0.0612945 0.0678207 0.00653658 0.0484712 0.0359775 0.0469807 0.0754049 0.0328818 0.0208589 0.0371952 0.0125264 0.00889358 0.0056749 0.0059137 0.0795491 
end_table
table error_values
1990 0 0 0 0 0 0 0 0 0 0 0 0 0 0 0 0 0 0 0 0 0 
1991 0 0 0 0 0 0 0 0 0 0 0 0 0 0 0 0 0 0 0 0 0 
1992 0 0 0 0 0 0 0 0 0 0 0 0 0 0 0 0 0 0 0 0 0 
1993 0 0 0 0 0 0 0 0 0 0 0 0 0 0 0 0 0 0 0 0 0 
1994 0 0 0 0 0 0 0 0 0 0 0 0 0 0 0 0 0 0 0 0 0 
1995 0 0 0 0 0 0 0 0 0 0 0 0 0 0 0 0 0 0 0 0 0 
1996 0 0 0 0 0 0 0 0 0 0 0 0 0 0 0 0 0 0 0 0 0 
1997 0 0 0 0 0 0 0 0 0 0 0 0 0 0 0 0 0 0 0 0 0 
1998 0 0 0 0 0 0 0 0 0 0 0 0 0 0 0 0 0 0 0 0 0 
1999 0 0 0 0 0 0 0 0 0 0 0 0 0 0 0 0 0 0 0 0 0 
2000 0 0 0 0 0 0 0 0 0 0 0 0 0 0 0 0 0 0 0 0 0 
2001 0 0 0 0 0 0 0 0 0 0 0 0 0 0 0 0 0 0 0 0 0 
2002 0 0 0 0 0 0 0 0 0 0 0 0 0 0 0 0 0 0 0 0 0 
2003 0 0 0 0 0 0 0 0 0 0 0 0 0 0 0 0 0 0 0 0 0 
2004 0 0 0 0 0 0 0 0 0 0 0 0 0 0 0 0 0 0 0 0 0 
2005 0 0 0 0 0 0 0 0 0 0 0 0 0 0 0 0 0 0 0 0 0 
2006 0 0 0 0 0 0 0 0 0 0 0 0 0 0 0 0 0 0 0 0 0 
2007 0 0 0 0 0 0 0 0 0 0 0 0 0 0 0 0 0 0 0 0 0 
2008 0 0 0 0 0 0 0 0 0 0 0 0 0 0 0 0 0 0 0 0 0 
2009 0 0 0 0 0 0 0 0 0 0 0 0 0 0 0 0 0 0 0 0 0 
2010 0 0 0 0 0 0 0 0 0 0 0 0 0 0 0 0 0 0 0 0 0 
2011 0 0 0 0 0 0 0 0 0 0 0 0 0 0 0 0 0 0 0 0 0 
2012 0 0 0 0 0 0 0 0 0 0 0 0 0 0 0 0 0 0 0 0 0 
2013 0 0 0 0 0 0 0 0 0 0 0 0 0 0 0 0 0 0 0 0 0 
end_table

