@observation HG_age_sample_sim
age_samples_per_cluster 10 
ageing_error age_error 
average_cluster_weight 6 
cluster_cv 0.6 
cluster_sigma 1.1 
fishery_label Fishing_LL 
layer_of_stratum_definitions area_definition 
max_age 20 
min_age 0 
process_label fishing 
strata_to_include HG 
type mortality_event_biomass_age_clusters 
years 1990 1991 1992 1993 1994 1995 1996 1997 1998 1999 2000 2001 2002 2003 2004 2005 2006 2007 2008 2009 2010 2011 2012 2013 
table obs
1990 0 0 0.00750154 0.0532174 0.0898929 0.143296 0.0603713 0.0581011 0.0798534 0.0769221 0.0520044 0.061823 0.0530234 0.0236259 0.0252034 0.0198559 0.00781846 0.0458563 0.0225809 0.0138801 0.105173 
1991 0 0.00410592 0.0226775 0.0891576 0.1024 0.0860906 0.0745831 0.106168 0.0480925 0.0514729 0.0778961 0.0554891 0.0205485 0.023166 0.0165087 0.0138074 0.0234723 0.0170675 0.0281324 0.0183942 0.12077 
1992 0 0.000887428 0.0194937 0.0816871 0.108757 0.101655 0.0878753 0.0609962 0.0406266 0.0411257 0.021122 0.0354368 0.080944 0.0189839 0.0311407 0.0173142 0.0248427 0.0202482 0.0219852 0.00698037 0.177899 
1993 0 0.000298551 0.000597102 0.0346849 0.0746114 0.10197 0.0889838 0.0904325 0.0636471 0.0577816 0.0648788 0.0577736 0.0490502 0.0469971 0.0252997 0.0452965 0.0357106 0.0275182 0.0268616 0.0339649 0.0736421 
1994 0 0.0228988 0.0396692 0.0436109 0.120755 0.1223 0.13374 0.0671289 0.0737781 0.027482 0.0474922 0.0333004 0.0358012 0.0361851 0.0116068 0.0218503 0.0329913 0.0148881 0.0126242 0.0109002 0.0909972 
1995 0 0.015781 0.0268721 0.0617874 0.0244 0.155017 0.128926 0.0959715 0.0610565 0.0505145 0.0422424 0.031911 0.0179747 0.00935508 0.0270543 0.00897622 0.0268994 0.0331232 0.0224837 0.0196748 0.139979 
1996 0 0.0038569 0.0432246 0.0796389 0.133425 0.0517193 0.13053 0.103852 0.0654398 0.0653899 0.0256941 0.0220283 0.0283072 0.0371688 0.0534326 0.0369001 0.0182096 0.0165929 0.0162656 0.0124241 0.0559006 
1997 0 0 0.0326537 0.0992064 0.0671752 0.0657517 0.029208 0.0839581 0.0501712 0.039054 0.0315777 0.0149989 0.0308185 0.0614211 0.0507776 0.0860397 0.024351 0.0456601 0.0164344 0.0111589 0.159584 
1998 0 0.000509742 0.0163432 0.0768673 0.164197 0.125131 0.0889239 0.0418716 0.0860232 0.0547255 0.0589362 0.0297354 0.0322435 0.0192467 0.0231359 0.0176784 0.00359668 0.00529428 0.00725929 0.0159454 0.132336 
1999 0 0.00515482 0.0142539 0.0333983 0.101203 0.156045 0.0514166 0.0549979 0.0261206 0.104062 0.0826572 0.0532697 0.0503646 0.0335565 0.0328116 0.0361347 0.0183572 0.00517757 0.0177114 0.0399887 0.0833193 
2000 0 0.0387998 0.0952516 0.0630677 0.0701368 0.0683013 0.0860169 0.0652075 0.0633754 0.0237124 0.0931144 0.0541797 0.0227401 0.0172414 0.0163523 0.00769394 0.0278321 0.0209547 0.0284457 0.0293466 0.108229 
2001 0 0.00871667 0.0261868 0.137014 0.126356 0.0369769 0.0991284 0.111421 0.0278343 0.0361375 0.0156045 0.0790341 0.0505083 0.0298695 0.0354483 0.0138416 0.00523506 0.0208676 0.0117425 0.0324719 0.0956051 
2002 0 0.0112513 0.0351291 0.0746709 0.184916 0.0865007 0.0471097 0.0522651 0.105068 0.0362836 0.0403199 0.00841519 0.0519516 0.0821194 0.0307396 0.0290153 0.0133023 0.0226504 0.0182987 0.0176023 0.0523902 
2003 0 0.0135093 0.0653357 0.0544646 0.0962561 0.225436 0.113213 0.0413143 0.0436239 0.0962211 0.0149537 0.0076447 0.0150957 0.0508666 0.032728 0.0102798 0.0303124 0.00918983 0.0158501 0.0145236 0.0491818 
2004 0 0.023953 0.0265173 0.165248 0.136099 0.123035 0.168515 0.0597277 0.0431975 0.0369322 0.0611454 0.00745768 0.0125114 0.00359229 0.00330987 0.00867167 0.0142984 0.0180765 0.0216087 0.00388898 0.0622144 
2005 0 0.0107835 0.0351675 0.0304871 0.127788 0.117748 0.108736 0.128798 0.0823706 0.0229371 0.0490919 0.0430178 0.00948624 0.0292587 0.0135159 0.100317 0.0249481 0.0284943 0.0018956 0 0.0351587 
2006 0 0.00107716 0.0292627 0.0784938 0.122368 0.155721 0.105223 0.0617056 0.0871011 0.0376272 0.027364 0.0294784 0.040371 0.0364416 0.0218252 0.00250732 0.0501387 0.0230925 0.0178431 0.00575613 0.0666032 
2007 0 0.000376551 0.00115577 0.00828419 0.0186067 0.0103869 0.017676 0.00970729 0.00675699 0.00755504 0.00390989 0.00354056 0.00375128 0.00216069 0.000779955 0.00226195 0.00183638 0.00412878 0.00425633 0.00246728 0.890401 
2008 0 0 0.00959829 0.0158823 0.0806829 0.192603 0.114071 0.121634 0.0831142 0.0797555 0.165129 0.0739549 0.0165191 0.0138233 0.0205123 0.0034585 0 0 0 0 0.00926049 
2009 0 0.0621318 0.0164698 0.0580585 0.0324763 0.124551 0.17287 0.0575546 0.118502 0.0360544 0.0546423 0.073843 0.030405 0.0114627 0.0134884 0.0357205 0.00475525 0.00158508 0 0.0258449 0.0695841 
2010 0 0.0200512 0.124553 0.0908826 0.0682056 0.000955439 0.115972 0.128557 0.0716633 0.0872899 0.055646 0.0354295 0.0933155 0.0446028 0.0276669 0.00401861 0.00397485 0.00414936 0.000669682 0.000669682 0.0217269 
2011 0 0.0333848 0.0243851 0.205304 0.0711793 0.10432 0.0288869 0.0400763 0.114138 0.0478382 0.0532728 0.0278233 0.0212623 0.0359374 0.0205367 0.00745091 0.0249276 0.0296895 0.0112284 0.0152546 0.0831047 
2012 0 0.0334401 0.0305294 0.0595856 0.295396 0.0692372 0.0599678 0.0188867 0.0493104 0.0672411 0.051771 0.0620874 0.0408232 0.0324307 0.0636395 0.0184152 0.00251376 0.00251376 0 0 0.0422111 
2013 0 0.00406677 0.0841725 0.0531052 0.0874194 0.267114 0.0404881 0.0581477 0.0322255 0.0439194 0.0684028 0.0252238 0.0653258 0.0362236 0.0248726 0.0408815 0.0058432 0.00607373 0.0102947 0.0055911 0.0406085 
end_table
table error_values
1990 0 0 0 0 0 0 0 0 0 0 0 0 0 0 0 0 0 0 0 0 0 
1991 0 0 0 0 0 0 0 0 0 0 0 0 0 0 0 0 0 0 0 0 0 
1992 0 0 0 0 0 0 0 0 0 0 0 0 0 0 0 0 0 0 0 0 0 
1993 0 0 0 0 0 0 0 0 0 0 0 0 0 0 0 0 0 0 0 0 0 
1994 0 0 0 0 0 0 0 0 0 0 0 0 0 0 0 0 0 0 0 0 0 
1995 0 0 0 0 0 0 0 0 0 0 0 0 0 0 0 0 0 0 0 0 0 
1996 0 0 0 0 0 0 0 0 0 0 0 0 0 0 0 0 0 0 0 0 0 
1997 0 0 0 0 0 0 0 0 0 0 0 0 0 0 0 0 0 0 0 0 0 
1998 0 0 0 0 0 0 0 0 0 0 0 0 0 0 0 0 0 0 0 0 0 
1999 0 0 0 0 0 0 0 0 0 0 0 0 0 0 0 0 0 0 0 0 0 
2000 0 0 0 0 0 0 0 0 0 0 0 0 0 0 0 0 0 0 0 0 0 
2001 0 0 0 0 0 0 0 0 0 0 0 0 0 0 0 0 0 0 0 0 0 
2002 0 0 0 0 0 0 0 0 0 0 0 0 0 0 0 0 0 0 0 0 0 
2003 0 0 0 0 0 0 0 0 0 0 0 0 0 0 0 0 0 0 0 0 0 
2004 0 0 0 0 0 0 0 0 0 0 0 0 0 0 0 0 0 0 0 0 0 
2005 0 0 0 0 0 0 0 0 0 0 0 0 0 0 0 0 0 0 0 0 0 
2006 0 0 0 0 0 0 0 0 0 0 0 0 0 0 0 0 0 0 0 0 0 
2007 0 0 0 0 0 0 0 0 0 0 0 0 0 0 0 0 0 0 0 0 0 
2008 0 0 0 0 0 0 0 0 0 0 0 0 0 0 0 0 0 0 0 0 0 
2009 0 0 0 0 0 0 0 0 0 0 0 0 0 0 0 0 0 0 0 0 0 
2010 0 0 0 0 0 0 0 0 0 0 0 0 0 0 0 0 0 0 0 0 0 
2011 0 0 0 0 0 0 0 0 0 0 0 0 0 0 0 0 0 0 0 0 0 
2012 0 0 0 0 0 0 0 0 0 0 0 0 0 0 0 0 0 0 0 0 0 
2013 0 0 0 0 0 0 0 0 0 0 0 0 0 0 0 0 0 0 0 0 0 
end_table

