@observation HG_age_sample_sim
age_samples_per_cluster 10 
ageing_error age_error 
average_cluster_weight 6 
cluster_cv 0.6 
cluster_sigma 1.1 
fishery_label Fishing_LL 
layer_of_stratum_definitions area_definition 
max_age 20 
min_age 0 
process_label fishing 
strata_to_include HG 
type mortality_event_biomass_age_clusters 
years 1990 1991 1992 1993 1994 1995 1996 1997 1998 1999 2000 2001 2002 2003 2004 2005 2006 2007 2008 2009 2010 2011 2012 2013 
table obs
1990 0 0.0140401 0.0242428 0.0352853 0.0644877 0.0765327 0.138069 0.0971616 0.056609 0.0588162 0.0477131 0.0664199 0.0316787 0.0328929 0.0496297 0.0492725 0.0302048 0.0217218 0.0117643 0.0118621 0.081596 
1991 0 0.014289 0.0473817 0.0591941 0.0990972 0.0683373 0.0545942 0.0511608 0.0589086 0.0512853 0.0440235 0.0168994 0.0196551 0.0239798 0.0473274 0.0356986 0.0300521 0.0173591 0.0411521 0.0397247 0.17988 
1992 0 0 0.0457555 0.0772091 0.0667281 0.0815015 0.0825013 0.0641679 0.0822418 0.0726462 0.0319442 0.0150788 0.0140803 0.0105707 0.0149012 0.029738 0.0177498 0.0707884 0.0476792 0.0289986 0.145719 
1993 0 0.00183217 0.00079415 0.0697909 0.0888543 0.0677793 0.065446 0.0461192 0.0883814 0.0903718 0.0743444 0.0303958 0.0349815 0.0184655 0.0152204 0.0209647 0.0227304 0.020675 0.0476646 0.0206446 0.174544 
1994 0 0.00601826 0.0282224 0.027892 0.168745 0.161923 0.0871379 0.0816703 0.0440102 0.0404588 0.0186808 0.0221329 0.0355893 0.0147331 0.0330248 0.0413374 0.0185362 0.026538 0.0128266 0.0167686 0.113754 
1995 0 0.00958881 0.0231405 0.0529036 0.0410706 0.120761 0.0642142 0.0656502 0.0240303 0.028702 0.0285204 0.0279469 0.0192611 0.0496138 0.0453953 0.047465 0.0597821 0.0557154 0.0383909 0.0285409 0.169307 
1996 0 0.0173601 0.102353 0.0983112 0.117694 0.0220367 0.127212 0.0912396 0.0990024 0.0458963 0.0442593 0.00893068 0.0250527 0.0139398 0.0237178 0.00701051 0.0120662 0.0091161 0.00582698 0.00699795 0.121976 
1997 0 0.00934023 0.033169 0.088113 0.0548574 0.0594939 0.0275163 0.151339 0.115351 0.0764842 0.0631109 0.0214257 0.0206735 0.0465696 0.0468716 0.0133609 0.0128221 0.00812575 0.0249769 0.0211279 0.105271 
1998 0 0.0152508 0.0394269 0.0836613 0.22142 0.074524 0.101604 0.0240761 0.0503769 0.0530258 0.040444 0.0363893 0.013436 0.020974 0.00710751 0.00696436 0.0150978 0.0166157 0.0270859 0.0244239 0.128096 
1999 0 0.0161399 0.0351786 0.0683956 0.131061 0.175658 0.0693543 0.0459998 0.0283323 0.0922506 0.0300833 0.0489979 0.0349322 0.0284988 0.0223288 0.0182397 0.0241501 0.0283693 0.00946284 0.0148189 0.0777478 
2000 0 0.0233733 0.0773198 0.144906 0.0977584 0.104763 0.144218 0.0548692 0.0417068 0.0329228 0.0152203 0.0464287 0.049901 0.0323621 0.0230493 0.00888787 0.00701885 0.00959805 0.00918679 0.0142127 0.062297 
2001 0 0.0112767 0.0458729 0.199648 0.0767562 0.064669 0.0448148 0.0736846 0.0519304 0.0449597 0.0300184 0.0292803 0.0327123 0.0260374 0.0546421 0.0805821 0.0328353 0.0162774 0.00603219 0.00656429 0.0714057 
2002 0 0.0152814 0.0384336 0.0808917 0.282799 0.132164 0.0414173 0.0437599 0.0440973 0.0204938 0.0237509 0.00833536 0.0403224 0.0277859 0.00902755 0.0107923 0.0116441 0.0173243 0.0262409 0.0175453 0.107893 
2003 0 0.0177302 0.120025 0.123927 0.101666 0.211939 0.106186 0.0578329 0.038994 0.0630058 0.0145042 0.0287329 0.0170056 0.0223216 0.0285357 0.0129055 0.00467119 0 0.00299183 0 0.0270247 
2004 0 0.04578 0.0457048 0.131578 0.179885 0.125545 0.192466 0.0568027 0.0249291 0.0116093 0.018096 0.0296556 0.0378803 0.00373174 0.0238502 0.0162335 0.00846468 0.00510548 0.00124034 0.00546729 0.0359745 
2005 0 0.0100147 0.0636636 0.0741811 0.252648 0.158508 0.0693436 0.13666 0.0501013 0.0463487 0.028499 0.0575713 0.0268813 0.00434564 0.00185094 0 0.00308271 0.00411028 0.00205514 0.00262796 0.00750673 
2006 0 0 0.00216017 0.0211031 0.0179118 0.0359857 0.0370491 0.0143012 0.0422076 0.0119402 0.00145601 0.00512678 0.00261431 0.000886673 0.00199701 0 0.010518 0.67337 0.0949913 0.00380346 0.022578 
2007 0 0.000560877 0.00169831 0.00541197 0.00855264 0.00531186 0.00887711 0.00448874 0.00176414 0.00531869 0.00252666 0.00132961 0.0025469 0.00414896 0.00201336 0.00170579 0.000531115 0.0011807 0.00105185 0.00105185 0.939929 
2008 0 0 0.0130418 0.0158762 0.085365 0.130512 0.0924528 0.145636 0.090768 0.113608 0.0797271 0.0754493 0.0258682 0.00795786 0.0269885 0.000667171 0.00200151 0.00133434 0.00312754 0.0162318 0.0733867 
2009 0 0.0978002 0.0237237 0.077345 0.0468342 0.0944745 0.11002 0.0427244 0.0837843 0.0777933 0.04064 0.132687 0.033907 0.018787 0.00591606 0 0.0033833 0.00865191 0.0195764 0.0191694 0.062783 
2010 0 0.0132603 0.146733 0.0438969 0.0724586 0.0282508 0.0735227 0.0844808 0.0677676 0.113123 0.0926909 0.044513 0.0898876 0.0306161 0.00415759 0.00961875 0.0332078 0.014001 0.00538234 0.00343464 0.0289971 
2011 0 0.0054818 0.0039119 0.258302 0.0655711 0.0785721 0.0205828 0.0696929 0.106093 0.0599364 0.0778294 0.0799489 0.0225327 0.029724 0.0029899 0.022545 0.0316959 0.00826612 0.00393125 0.00546979 0.0469237 
2012 0 0.0145652 0.0319988 0.0541252 0.231564 0.0466644 0.0387816 0.0212893 0.105158 0.105826 0.0384025 0.076065 0.0578252 0.0406051 0.042124 0.0261012 0.0106768 0.0106768 0.0167699 0.00347042 0.0273111 
2013 0 0.0020302 0.0821321 0.0753396 0.0970164 0.305999 0.0475902 0.0423616 0.0240099 0.0563892 0.0533484 0.00771641 0.0421 0.0432356 0.0252797 0.0373828 0.00322457 0 0.00375645 0.00375645 0.0473312 
end_table
table error_values
1990 0 0 0 0 0 0 0 0 0 0 0 0 0 0 0 0 0 0 0 0 0 
1991 0 0 0 0 0 0 0 0 0 0 0 0 0 0 0 0 0 0 0 0 0 
1992 0 0 0 0 0 0 0 0 0 0 0 0 0 0 0 0 0 0 0 0 0 
1993 0 0 0 0 0 0 0 0 0 0 0 0 0 0 0 0 0 0 0 0 0 
1994 0 0 0 0 0 0 0 0 0 0 0 0 0 0 0 0 0 0 0 0 0 
1995 0 0 0 0 0 0 0 0 0 0 0 0 0 0 0 0 0 0 0 0 0 
1996 0 0 0 0 0 0 0 0 0 0 0 0 0 0 0 0 0 0 0 0 0 
1997 0 0 0 0 0 0 0 0 0 0 0 0 0 0 0 0 0 0 0 0 0 
1998 0 0 0 0 0 0 0 0 0 0 0 0 0 0 0 0 0 0 0 0 0 
1999 0 0 0 0 0 0 0 0 0 0 0 0 0 0 0 0 0 0 0 0 0 
2000 0 0 0 0 0 0 0 0 0 0 0 0 0 0 0 0 0 0 0 0 0 
2001 0 0 0 0 0 0 0 0 0 0 0 0 0 0 0 0 0 0 0 0 0 
2002 0 0 0 0 0 0 0 0 0 0 0 0 0 0 0 0 0 0 0 0 0 
2003 0 0 0 0 0 0 0 0 0 0 0 0 0 0 0 0 0 0 0 0 0 
2004 0 0 0 0 0 0 0 0 0 0 0 0 0 0 0 0 0 0 0 0 0 
2005 0 0 0 0 0 0 0 0 0 0 0 0 0 0 0 0 0 0 0 0 0 
2006 0 0 0 0 0 0 0 0 0 0 0 0 0 0 0 0 0 0 0 0 0 
2007 0 0 0 0 0 0 0 0 0 0 0 0 0 0 0 0 0 0 0 0 0 
2008 0 0 0 0 0 0 0 0 0 0 0 0 0 0 0 0 0 0 0 0 0 
2009 0 0 0 0 0 0 0 0 0 0 0 0 0 0 0 0 0 0 0 0 0 
2010 0 0 0 0 0 0 0 0 0 0 0 0 0 0 0 0 0 0 0 0 0 
2011 0 0 0 0 0 0 0 0 0 0 0 0 0 0 0 0 0 0 0 0 0 
2012 0 0 0 0 0 0 0 0 0 0 0 0 0 0 0 0 0 0 0 0 0 
2013 0 0 0 0 0 0 0 0 0 0 0 0 0 0 0 0 0 0 0 0 0 
end_table

