@observation HG_age_sample_sim
age_samples_per_cluster 10 
ageing_error age_error 
average_cluster_weight 6 
cluster_cv 0.6 
cluster_sigma 1.1 
fishery_label Fishing_LL 
layer_of_stratum_definitions area_definition 
max_age 20 
min_age 0 
process_label fishing 
strata_to_include HG 
type mortality_event_biomass_age_clusters 
years 1990 1991 1992 1993 1994 1995 1996 1997 1998 1999 2000 2001 2002 2003 2004 2005 2006 2007 2008 2009 2010 2011 2012 2013 
table obs
1990 0 0.008024 0.0236682 0.0712236 0.108869 0.108253 0.069198 0.0602791 0.0548993 0.048277 0.0174083 0.0564654 0.0229881 0.0298292 0.0688228 0.0517322 0.0371038 0.027725 0.014088 0.0135059 0.10764 
1991 0 0.00170379 0.028189 0.0523123 0.103102 0.117849 0.0997568 0.0783979 0.0837308 0.0747801 0.0901283 0.0550784 0.0233179 0.00826614 0.00994889 0.00466571 0.0145487 0.0173467 0.02262 0.010302 0.103955 
1992 0 0 0.0504474 0.125663 0.138479 0.0758367 0.0720513 0.0702549 0.0880172 0.0291159 0.0242866 0.010471 0.020892 0.0287252 0.017352 0.0126579 0.013381 0.0306326 0.0116687 0.00829061 0.171777 
1993 0 0.00554646 0 0.0565337 0.0899108 0.079937 0.103351 0.0772194 0.0523183 0.060857 0.0440075 0.0359746 0.0582033 0.0416492 0.0140629 0.024963 0.0219579 0.0327039 0.0256604 0.0375662 0.137577 
1994 0 0.00312882 0.0279855 0.0183388 0.0863511 0.0703581 0.0497977 0.0630856 0.0793074 0.0724889 0.0609752 0.0799885 0.0671815 0.0509178 0.0523536 0.0440529 0.0229732 0.0182738 0.0182337 0.00893955 0.105268 
1995 0 0 0 0.035742 0.0366094 0.100353 0.0761787 0.0508711 0.0552308 0.0882012 0.0519889 0.0799383 0.0579118 0.0495594 0.0432375 0.0359288 0.0380641 0.0309956 0.043874 0.0162124 0.109103 
1996 0 0.0227366 0.0758625 0.0606429 0.088768 0.0303409 0.0995752 0.0705248 0.0540886 0.0437756 0.0518014 0.0545472 0.0659671 0.0631735 0.0425567 0.0209376 0.0170014 0.0299162 0.0131065 0.014718 0.0799594 
1997 0 0.00237178 0.0753511 0.0980425 0.0975429 0.0972338 0.021657 0.100435 0.0926994 0.0599246 0.0325411 0.0341993 0.00962674 0.0435941 0.0188802 0.0183449 0.0207595 0.0105361 0.0115254 0.00349117 0.151243 
1998 0 0.00887917 0.00970749 0.0455928 0.157193 0.0698228 0.0944583 0.0257571 0.115756 0.0742443 0.0567544 0.0248423 0.0207762 0.013153 0.0147644 0.0351367 0.0290295 0.0231934 0.00961758 0.00908929 0.162232 
1999 0 0.0218515 0.0180083 0.0355612 0.0475566 0.0471539 0.0550088 0.0731835 0.0506635 0.133415 0.097419 0.0867499 0.0701247 0.0361171 0.0199657 0.0102689 0.0218197 0.0117678 0.0263525 0.0116384 0.125374 
2000 0 0.0250879 0.0844497 0.0793367 0.0646821 0.10028 0.133996 0.0448708 0.03765 0.0176971 0.0852587 0.0482268 0.0301197 0.0289006 0.0193992 0.0153667 0.020184 0.0127247 0.0261173 0.0197432 0.105909 
2001 0 0.0216348 0.0186352 0.21228 0.108567 0.0691267 0.0981239 0.137375 0.036887 0.0245234 0.0106366 0.0538406 0.0386377 0.024159 0.00596404 0.0133834 0.00686658 0.0133249 0.0123343 0.0112472 0.0824523 
2002 0 0.00904799 0.0369532 0.0880535 0.220781 0.132823 0.0663209 0.0871598 0.0676029 0.0192832 0.0175956 0.00724594 0.0104306 0.0184263 0.0237049 0.0411707 0.0266998 0.0175554 0.0152106 0.0160573 0.0778774 
2003 0 0.00261172 0.0944903 0.127258 0.111044 0.285631 0.0761488 0.0427677 0.0419277 0.0706377 0.00198434 0.00240465 0 0.0057364 0.0080262 0.0170115 0.0205032 0.0101611 0.00318362 0.00796873 0.0705042 
2004 0 0.00251761 0.0380686 0.128931 0.151557 0.0960839 0.183225 0.0864697 0.0229102 0.0205329 0.0183361 0.0114441 0.0233697 0.00810962 0.0279088 0.0344053 0.0178638 0.0126228 0.0124799 0.00309065 0.100074 
2005 0 0.0170607 0.0523806 0.0482719 0.1992 0.0684753 0.0521072 0.156104 0.0937116 0.0487822 0.0609279 0.033214 0.0179585 0.0177347 0.0075399 0.0206219 0.0123928 0.00211161 0.0060309 0.00478883 0.0805853 
2006 0 0.0031275 0.0252235 0.096381 0.0983579 0.12142 0.096124 0.0747611 0.216669 0.0631827 0.0183945 0.0185988 0.0166058 0.0136155 0.0239383 0.00117351 0.038982 0.0112768 0.00352684 0.00249131 0.0561497 
2007 0 0.000473055 0.000495053 0.00271898 0.00810537 0.00262559 0.00596397 0.00299297 0.0015523 0.00229535 0.00103026 0.00136313 0.00143281 0.0016278 0.000479255 0.000699205 0.0015418 0.0021554 0.00174297 0.00286463 0.95784 
2008 0 0.00123832 0.00790852 0.0225155 0.130741 0.159391 0.132046 0.153886 0.0671423 0.0567293 0.0950933 0.0301087 0.0296171 0.0111021 0.0263768 0.00243381 0.0134064 0.000767644 0.0101587 0.00701669 0.042321 
2009 0 0.0385441 0.0247005 0.0638391 0.0181603 0.140861 0.185645 0.121249 0.132377 0.0913701 0.039417 0.0885362 0.0214485 0.00436432 0.00119007 0.0119775 0.00745516 0.0056724 0.000912115 0.000912115 0.00136817 
2010 0 0.00447851 0.126733 0.0356927 0.0863968 0.0171267 0.112395 0.111016 0.0738259 0.121719 0.0412819 0.0190093 0.0731328 0.0393724 0.0108013 0.0246963 0.024525 0.00865456 0.0103266 0.00469377 0.054124 
2011 0 0.00373197 0.0289696 0.221591 0.110158 0.111972 0.0204466 0.0451194 0.127706 0.0295343 0.0903915 0.0651685 0.0209911 0.0384037 0.00709931 0.00714163 0.00982096 0.0139937 0.00149344 0.000746722 0.0455213 
2012 0 0.02256 0.0610835 0.0627642 0.287754 0.0819518 0.0640998 0.0186038 0.0418555 0.0721856 0.0403271 0.0829871 0.0558625 0.0193585 0.0327123 0.00637893 0 0.00401418 0.0086907 0.00573322 0.0310769 
2013 0 0.00993304 0.0648067 0.0686256 0.0497675 0.298362 0.0417553 0.035752 0.0130951 0.044902 0.116663 0.0214246 0.066738 0.0361743 0.010408 0.0491819 0.0182832 0.0136588 0.0144748 0.00595312 0.0200411 
end_table
table error_values
1990 0 0 0 0 0 0 0 0 0 0 0 0 0 0 0 0 0 0 0 0 0 
1991 0 0 0 0 0 0 0 0 0 0 0 0 0 0 0 0 0 0 0 0 0 
1992 0 0 0 0 0 0 0 0 0 0 0 0 0 0 0 0 0 0 0 0 0 
1993 0 0 0 0 0 0 0 0 0 0 0 0 0 0 0 0 0 0 0 0 0 
1994 0 0 0 0 0 0 0 0 0 0 0 0 0 0 0 0 0 0 0 0 0 
1995 0 0 0 0 0 0 0 0 0 0 0 0 0 0 0 0 0 0 0 0 0 
1996 0 0 0 0 0 0 0 0 0 0 0 0 0 0 0 0 0 0 0 0 0 
1997 0 0 0 0 0 0 0 0 0 0 0 0 0 0 0 0 0 0 0 0 0 
1998 0 0 0 0 0 0 0 0 0 0 0 0 0 0 0 0 0 0 0 0 0 
1999 0 0 0 0 0 0 0 0 0 0 0 0 0 0 0 0 0 0 0 0 0 
2000 0 0 0 0 0 0 0 0 0 0 0 0 0 0 0 0 0 0 0 0 0 
2001 0 0 0 0 0 0 0 0 0 0 0 0 0 0 0 0 0 0 0 0 0 
2002 0 0 0 0 0 0 0 0 0 0 0 0 0 0 0 0 0 0 0 0 0 
2003 0 0 0 0 0 0 0 0 0 0 0 0 0 0 0 0 0 0 0 0 0 
2004 0 0 0 0 0 0 0 0 0 0 0 0 0 0 0 0 0 0 0 0 0 
2005 0 0 0 0 0 0 0 0 0 0 0 0 0 0 0 0 0 0 0 0 0 
2006 0 0 0 0 0 0 0 0 0 0 0 0 0 0 0 0 0 0 0 0 0 
2007 0 0 0 0 0 0 0 0 0 0 0 0 0 0 0 0 0 0 0 0 0 
2008 0 0 0 0 0 0 0 0 0 0 0 0 0 0 0 0 0 0 0 0 0 
2009 0 0 0 0 0 0 0 0 0 0 0 0 0 0 0 0 0 0 0 0 0 
2010 0 0 0 0 0 0 0 0 0 0 0 0 0 0 0 0 0 0 0 0 0 
2011 0 0 0 0 0 0 0 0 0 0 0 0 0 0 0 0 0 0 0 0 0 
2012 0 0 0 0 0 0 0 0 0 0 0 0 0 0 0 0 0 0 0 0 0 
2013 0 0 0 0 0 0 0 0 0 0 0 0 0 0 0 0 0 0 0 0 0 
end_table

