@observation HG_age_sample_sim
age_samples_per_cluster 10 
ageing_error age_error 
average_cluster_weight 6 
cluster_cv 0.6 
cluster_sigma 1.1 
fishery_label Fishing_LL 
layer_of_stratum_definitions area_definition 
max_age 20 
min_age 0 
process_label fishing 
strata_to_include HG 
type mortality_event_biomass_age_clusters 
years 1990 1991 1992 1993 1994 1995 1996 1997 1998 1999 2000 2001 2002 2003 2004 2005 2006 2007 2008 2009 2010 2011 2012 2013 
table obs
1990 0 0.00587504 0.0218915 0.0414886 0.0823577 0.0873703 0.0985652 0.145146 0.0857059 0.0382835 0.0480358 0.0429698 0.0605829 0.0500023 0.0222118 0.017148 0.0203361 0.0169146 0.022882 0.0127652 0.079468 
1991 0 0.0114253 0.00991957 0.0519766 0.082434 0.0832037 0.0410984 0.0723578 0.0756141 0.0446564 0.0667807 0.0556737 0.0324034 0.034378 0.0473532 0.0323325 0.0345255 0.0363414 0.0369708 0.0249228 0.125632 
1992 0 0.00174828 0.0582278 0.0813345 0.0891761 0.0951703 0.072421 0.0453883 0.0573072 0.0502915 0.0159923 0.0608002 0.055926 0.0468744 0.0338498 0.0430597 0.0383482 0.0221438 0.0137975 0.0208824 0.0972608 
1993 0 0.00866291 0.00866291 0.076463 0.144904 0.0982469 0.0848787 0.0651257 0.0593375 0.0466417 0.0437807 0.0550012 0.0451586 0.042418 0.0217631 0.0325994 0.0169386 0.0178489 0.00846565 0.00481898 0.118284 
1994 0 0 0 0.00564391 0.0644672 0.0586616 0.085262 0.0757177 0.0756879 0.0716433 0.0774 0.0767961 0.0443654 0.0608008 0.026371 0.0321578 0.0171217 0.0226346 0.0262986 0.0266453 0.152325 
1995 0 0.0122547 0.00772941 0.0432298 0.0457588 0.0979527 0.0692803 0.0931413 0.0638184 0.101319 0.0586724 0.0510917 0.0271367 0.0396106 0.0384963 0.0425687 0.0270715 0.0401634 0.025365 0.0274222 0.0879168 
1996 0 0.0187726 0.0858305 0.110311 0.087542 0.042601 0.147807 0.0903287 0.0715545 0.049062 0.042479 0.0233598 0.0149926 0.0110247 0.0193105 0.0147959 0.0177247 0.0071801 0.00989615 0.00497314 0.130454 
1997 0 0.00228444 0.0184504 0.0880599 0.0649557 0.0912484 0.02966 0.115784 0.102374 0.0359021 0.0277403 0.0372908 0.0223215 0.0788921 0.0682162 0.0479552 0.0684126 0.0384219 0.00949974 0.00666628 0.0458648 
1998 0 0.00793275 0.0238501 0.106543 0.151894 0.0568881 0.0621321 0.0163795 0.106817 0.0737386 0.0294999 0.0312422 0.0308028 0.0364402 0.0277188 0.0188442 0.0146045 0.0241283 0.0137431 0.0109976 0.155804 
1999 0 0.00179327 0.0481191 0.0503489 0.0673527 0.136499 0.0664787 0.0441733 0.0249476 0.125047 0.0983654 0.0833077 0.049937 0.0358654 0.0235985 0.0317944 0.0160848 0.0166815 0.00976826 0.0117421 0.0580953 
2000 0 0.00810842 0.0779752 0.0615111 0.0891274 0.127805 0.146073 0.0235725 0.0342119 0.0168035 0.0733732 0.0487596 0.0373445 0.03866 0.0144851 0.0231265 0.0197262 0.0220423 0.0138366 0.0140747 0.109383 
2001 0 0.0148733 0.0615158 0.199405 0.0888221 0.0501212 0.0702276 0.0995282 0.0247596 0.046769 0.0200784 0.0354115 0.0313626 0.036494 0.0335884 0.0189968 0.0238046 0.0198353 0.00772614 0.00837458 0.108306 
2002 0 0.0137919 0.0528244 0.106977 0.229118 0.081855 0.0431109 0.0910854 0.0799275 0.0111747 0.0138006 0.00381935 0.048248 0.0146672 0.00938126 0.0164418 0.0188212 0.0147823 0.0244649 0.0146654 0.111043 
2003 0 0.0070289 0.107747 0.078499 0.129664 0.235903 0.065597 0.0732622 0.0394246 0.070355 0.0238473 0.0288943 0.00395779 0.00632088 0.0109785 0.00443838 0.00717325 0.0118177 0.00466285 0.00466285 0.0857651 
2004 0 0.0510731 0.0422456 0.143212 0.15702 0.0901027 0.144671 0.0977991 0.043462 0.0212341 0.0397803 0.0178415 0.0301676 0.00878355 0.0335928 0.0123556 0.0130761 0.014321 0.00358528 0.00232512 0.0333518 
2005 0 0.00592739 0.0786141 0.0641091 0.160788 0.0988471 0.060168 0.11175 0.0570091 0.0242168 0.024466 0.0505281 0.0252394 0.0320337 0.00494962 0.0439505 0.0172982 0.0330078 0.0185956 0.0230195 0.0654816 
2006 0 0.0048741 0.0287817 0.0837529 0.0609884 0.141092 0.104202 0.0325234 0.136882 0.0743158 0.0324666 0.0211054 0.00629019 0.00248894 0.0020958 0.00498267 0.0134711 0.065188 0.085204 0.0110151 0.0882805 
2007 0 0.000226261 0.00101447 0.00708835 0.0163586 0.00945874 0.0175291 0.0122013 0.00718857 0.00925284 0.00273912 0.0015246 0.00230234 0.00116293 0.000421879 0.000244516 0 0.000311668 0 0 0.910975 
2008 0 0.0371598 0.0409272 0.0333937 0.098112 0.113869 0.0794711 0.101321 0.100852 0.0715759 0.0812318 0.0276759 0.011033 0.0302175 0.0415055 0.0114234 0.0119672 0.00120556 0.00840866 0.00146428 0.0971858 
2009 0 0.0497269 0.0176797 0.0643564 0.0216797 0.115741 0.212657 0.0698934 0.1564 0.0720681 0.0306807 0.0872777 0.0244408 0.00423615 0.017529 0.00830423 0.00980022 0.00237434 0 0 0.0351547 
2010 0 0.00764866 0.1133 0.0331643 0.104108 0.0139868 0.0828523 0.149647 0.0898759 0.139599 0.0950547 0.0338034 0.0575209 0.0156899 0.00218877 0.0108297 0.00803832 0 0.000713106 0 0.0419792 
2011 0 0.00324535 0.0130054 0.267689 0.064551 0.108163 0.0210045 0.0523853 0.0893442 0.0482176 0.078907 0.0546156 0.0291622 0.0504656 0.0551123 0.0184362 0.0137708 0.0078206 0 0 0.0241043 
2012 0 0.00757442 0.0199947 0.0374355 0.286802 0.083001 0.0808505 0.0243782 0.06565 0.0862875 0.033298 0.0622568 0.0357288 0.00970394 0.0343726 0.0164436 0.00364955 0.00819505 0.00765621 0 0.0967219 
2013 0 0.0101869 0.0609784 0.040515 0.0888785 0.338713 0.0566283 0.043879 0.0237001 0.046647 0.0578734 0.0139321 0.0690262 0.0362891 0.0105454 0.018095 0.0132411 0.0229017 0.00851572 0.0150471 0.0244073 
end_table
table error_values
1990 0 0 0 0 0 0 0 0 0 0 0 0 0 0 0 0 0 0 0 0 0 
1991 0 0 0 0 0 0 0 0 0 0 0 0 0 0 0 0 0 0 0 0 0 
1992 0 0 0 0 0 0 0 0 0 0 0 0 0 0 0 0 0 0 0 0 0 
1993 0 0 0 0 0 0 0 0 0 0 0 0 0 0 0 0 0 0 0 0 0 
1994 0 0 0 0 0 0 0 0 0 0 0 0 0 0 0 0 0 0 0 0 0 
1995 0 0 0 0 0 0 0 0 0 0 0 0 0 0 0 0 0 0 0 0 0 
1996 0 0 0 0 0 0 0 0 0 0 0 0 0 0 0 0 0 0 0 0 0 
1997 0 0 0 0 0 0 0 0 0 0 0 0 0 0 0 0 0 0 0 0 0 
1998 0 0 0 0 0 0 0 0 0 0 0 0 0 0 0 0 0 0 0 0 0 
1999 0 0 0 0 0 0 0 0 0 0 0 0 0 0 0 0 0 0 0 0 0 
2000 0 0 0 0 0 0 0 0 0 0 0 0 0 0 0 0 0 0 0 0 0 
2001 0 0 0 0 0 0 0 0 0 0 0 0 0 0 0 0 0 0 0 0 0 
2002 0 0 0 0 0 0 0 0 0 0 0 0 0 0 0 0 0 0 0 0 0 
2003 0 0 0 0 0 0 0 0 0 0 0 0 0 0 0 0 0 0 0 0 0 
2004 0 0 0 0 0 0 0 0 0 0 0 0 0 0 0 0 0 0 0 0 0 
2005 0 0 0 0 0 0 0 0 0 0 0 0 0 0 0 0 0 0 0 0 0 
2006 0 0 0 0 0 0 0 0 0 0 0 0 0 0 0 0 0 0 0 0 0 
2007 0 0 0 0 0 0 0 0 0 0 0 0 0 0 0 0 0 0 0 0 0 
2008 0 0 0 0 0 0 0 0 0 0 0 0 0 0 0 0 0 0 0 0 0 
2009 0 0 0 0 0 0 0 0 0 0 0 0 0 0 0 0 0 0 0 0 0 
2010 0 0 0 0 0 0 0 0 0 0 0 0 0 0 0 0 0 0 0 0 0 
2011 0 0 0 0 0 0 0 0 0 0 0 0 0 0 0 0 0 0 0 0 0 
2012 0 0 0 0 0 0 0 0 0 0 0 0 0 0 0 0 0 0 0 0 0 
2013 0 0 0 0 0 0 0 0 0 0 0 0 0 0 0 0 0 0 0 0 0 
end_table

