@observation HG_age_sample_sim
age_samples_per_cluster 10 
ageing_error age_error 
average_cluster_weight 6 
cluster_cv 0.6 
cluster_sigma 1.1 
fishery_label Fishing_LL 
layer_of_stratum_definitions area_definition 
max_age 20 
min_age 0 
process_label fishing 
strata_to_include HG 
type mortality_event_biomass_age_clusters 
years 1990 1991 1992 1993 1994 1995 1996 1997 1998 1999 2000 2001 2002 2003 2004 2005 2006 2007 2008 2009 2010 2011 2012 2013 
table obs
1990 0 0.00478517 0.0342435 0.0627079 0.0890875 0.194687 0.146595 0.118032 0.0762114 0.0545832 0.0297802 0.0278371 0.0285063 0.00959213 0.0101649 0.00911749 0.0126143 0.0124563 0.00750717 0.0124363 0.0590547 
1991 0 0.0276355 0.0230302 0.0799837 0.108685 0.0958378 0.066893 0.0634215 0.0436935 0.0420735 0.0436845 0.0264306 0.0238605 0.0251586 0.041138 0.0327864 0.0703989 0.0209935 0.0208567 0.0138614 0.129577 
1992 0 0 0.0133613 0.0414013 0.122907 0.076113 0.077478 0.0651325 0.0809699 0.072306 0.0911014 0.0664279 0.0494654 0.0319385 0.038917 0.0342787 0.0207305 0.0126562 0.00986522 0.0137185 0.0812313 
1993 0 0 0.00733224 0.088253 0.0938506 0.0947191 0.0585651 0.0620558 0.0570742 0.0390727 0.0630796 0.0441392 0.0650315 0.0480634 0.0186253 0.037981 0.0428777 0.0377223 0.0147752 0.0240143 0.102768 
1994 0 0.00767417 0.0734074 0.0244362 0.103534 0.08998 0.0824707 0.101209 0.100525 0.0872222 0.0587556 0.0577171 0.0539707 0.0588991 0.0304919 0.00813338 0.0035296 0.00699549 0.00639062 0.00368739 0.0409701 
1995 0 0.00453543 0.018495 0.0316982 0.00713894 0.15437 0.102321 0.0907438 0.108397 0.0636814 0.0565416 0.0620889 0.0686822 0.0357087 0.023285 0.037306 0.0174408 0.0236775 0.0105176 0.00707699 0.0762938 
1996 0 0.00143209 0.0494872 0.0729626 0.120688 0.0278269 0.0516426 0.0862842 0.0586476 0.0527337 0.0438939 0.0484268 0.0393932 0.0361978 0.0326012 0.0196084 0.0216386 0.01511 0.0169015 0.00906687 0.195457 
1997 0 0.00500146 0.01466 0.0782566 0.105693 0.113581 0.0290866 0.123158 0.0630245 0.0698067 0.0780486 0.0761333 0.0553993 0.0460236 0.0304846 0.040838 0.0245192 0.0203535 0 0.00414682 0.0217843 
1998 0 0.00165639 0.0283021 0.0935884 0.140518 0.0544605 0.0672207 0.0425817 0.0913586 0.0872895 0.0855398 0.0674506 0.0573803 0.0420476 0.0271429 0.0243547 0.0180129 0.00994038 0.0131166 0 0.048038 
1999 0 0.0152842 0.0545309 0.0582242 0.125249 0.167267 0.0265838 0.0595257 0.0295095 0.0820795 0.0602097 0.0493088 0.0265644 0.0250156 0.0269872 0.0165101 0.0207628 0.0184279 0.00481203 0.00978935 0.123358 
2000 0 0.00749403 0.101353 0.0681297 0.0652304 0.059418 0.0745745 0.0472274 0.110808 0.0485123 0.0691244 0.0376516 0.0683087 0.0868277 0.0297743 0.0144449 0.0186244 0.00843046 0.00902425 0.00600964 0.0690326 
2001 0 0.0200179 0.0462686 0.23279 0.160939 0.0657004 0.044731 0.0557993 0.0393005 0.0380028 0.0148038 0.037924 0.0179135 0.0168421 0.0193317 0.0260742 0.0172798 0.034368 0.0104139 0.00840579 0.0930937 
2002 0 0.0467925 0.0290204 0.131297 0.269955 0.155755 0.0537448 0.0698405 0.0742272 0.0236611 0.0236681 0.00462682 0.0276044 0.0207877 0.0232856 0.00771905 0.0066474 0 0 0 0.0313682 
2003 0 0.00389831 0.0859242 0.158765 0.152867 0.22965 0.0538656 0.0326839 0.0441185 0.0285272 0.0131823 0.0173986 0.00125062 0.0362721 0.0246533 0.020733 0.021335 0.00947268 0.0121799 0.0131069 0.040116 
2004 0 0.00896453 0.0649219 0.160232 0.158806 0.101108 0.188711 0.0634735 0.023132 0.0512079 0.0767081 0.0147376 0.0101151 0.00495266 0.013347 0.00330177 0 0.00267985 0.0130807 0.00652883 0.0339924 
2005 0 0.00799371 0.0373268 0.0473736 0.200634 0.126213 0.0583857 0.142662 0.0502642 0.0303847 0.021419 0.0277306 0.0211797 0.10915 0.020092 0.00838006 0.0018863 0.00746575 0.00278973 0.00362856 0.0750407 
2006 0 0.00178033 0.0568282 0.17944 0.0879527 0.189831 0.0774029 0.0580852 0.0983994 0.0426277 0.0166457 0.0140358 0.023204 0.0072308 0 0 0.01554 0.0348892 0.0196441 0.0204137 0.0560495 
2007 0 0 0.000151755 0.00336585 0.0139574 0.00806771 0.0130772 0.00634621 0.00316049 0.0060548 0.00284355 0.00259513 0.00338628 0.00440448 0.000709869 0.000404725 0.00092036 0.00200086 0.000924545 0.000344126 0.927285 
2008 0 0.00487793 0.0311693 0.0385566 0.119044 0.182061 0.0841997 0.129693 0.0823373 0.0357072 0.0663942 0.0281308 0.0213202 0.0233017 0.0426426 0.0221673 0.014107 0.00850294 0.0131828 0 0.0526041 
2009 0 0.0435871 0.0393662 0.0653097 0.0309583 0.101942 0.140354 0.0730807 0.11844 0.103183 0.0778947 0.115783 0.0103546 0.0144008 0.00573529 0.00333405 0.00833512 0 0 0.0187106 0.0292317 
2010 0 0.00326578 0.111346 0.025156 0.0880643 0.0229001 0.0833298 0.116886 0.0527352 0.122879 0.0822973 0.0310518 0.0902416 0.0226599 0.0162389 0.0229758 0.0250555 0.00934311 0.00746213 0.00533103 0.0607806 
2011 0 0.00431947 0.0103623 0.260126 0.0586162 0.0964719 0.0317384 0.0842849 0.12709 0.0461708 0.0502418 0.0457462 0.0377137 0.0510274 0.0220746 0.00855371 0.00547312 0.00525796 0.000832709 0 0.0538992 
2012 0 0.0174624 0.0403901 0.0873736 0.353747 0.0888871 0.0532199 0.0169025 0.040351 0.0391433 0.0284455 0.0685671 0.0455832 0.0174912 0.0200542 0.00873095 0.00667957 0 0.0112884 0.000955628 0.0547277 
2013 0 0.00841346 0.0534917 0.0236045 0.0916771 0.308283 0.048141 0.0499216 0.0053834 0.0426458 0.0620512 0.0141197 0.0509191 0.0717026 0.0298062 0.0944914 0.00745766 0.0114667 0.0111265 0.00123371 0.0140638 
end_table
table error_values
1990 0 0 0 0 0 0 0 0 0 0 0 0 0 0 0 0 0 0 0 0 0 
1991 0 0 0 0 0 0 0 0 0 0 0 0 0 0 0 0 0 0 0 0 0 
1992 0 0 0 0 0 0 0 0 0 0 0 0 0 0 0 0 0 0 0 0 0 
1993 0 0 0 0 0 0 0 0 0 0 0 0 0 0 0 0 0 0 0 0 0 
1994 0 0 0 0 0 0 0 0 0 0 0 0 0 0 0 0 0 0 0 0 0 
1995 0 0 0 0 0 0 0 0 0 0 0 0 0 0 0 0 0 0 0 0 0 
1996 0 0 0 0 0 0 0 0 0 0 0 0 0 0 0 0 0 0 0 0 0 
1997 0 0 0 0 0 0 0 0 0 0 0 0 0 0 0 0 0 0 0 0 0 
1998 0 0 0 0 0 0 0 0 0 0 0 0 0 0 0 0 0 0 0 0 0 
1999 0 0 0 0 0 0 0 0 0 0 0 0 0 0 0 0 0 0 0 0 0 
2000 0 0 0 0 0 0 0 0 0 0 0 0 0 0 0 0 0 0 0 0 0 
2001 0 0 0 0 0 0 0 0 0 0 0 0 0 0 0 0 0 0 0 0 0 
2002 0 0 0 0 0 0 0 0 0 0 0 0 0 0 0 0 0 0 0 0 0 
2003 0 0 0 0 0 0 0 0 0 0 0 0 0 0 0 0 0 0 0 0 0 
2004 0 0 0 0 0 0 0 0 0 0 0 0 0 0 0 0 0 0 0 0 0 
2005 0 0 0 0 0 0 0 0 0 0 0 0 0 0 0 0 0 0 0 0 0 
2006 0 0 0 0 0 0 0 0 0 0 0 0 0 0 0 0 0 0 0 0 0 
2007 0 0 0 0 0 0 0 0 0 0 0 0 0 0 0 0 0 0 0 0 0 
2008 0 0 0 0 0 0 0 0 0 0 0 0 0 0 0 0 0 0 0 0 0 
2009 0 0 0 0 0 0 0 0 0 0 0 0 0 0 0 0 0 0 0 0 0 
2010 0 0 0 0 0 0 0 0 0 0 0 0 0 0 0 0 0 0 0 0 0 
2011 0 0 0 0 0 0 0 0 0 0 0 0 0 0 0 0 0 0 0 0 0 
2012 0 0 0 0 0 0 0 0 0 0 0 0 0 0 0 0 0 0 0 0 0 
2013 0 0 0 0 0 0 0 0 0 0 0 0 0 0 0 0 0 0 0 0 0 
end_table

