@observation HG_age_sample_sim
age_samples_per_cluster 10 
ageing_error age_error 
average_cluster_weight 6 
cluster_cv 0.6 
cluster_sigma 1.1 
fishery_label Fishing_LL 
layer_of_stratum_definitions area_definition 
max_age 20 
min_age 0 
process_label fishing 
strata_to_include HG 
type mortality_event_biomass_age_clusters 
years 1990 1991 1992 1993 1994 1995 1996 1997 1998 1999 2000 2001 2002 2003 2004 2005 2006 2007 2008 2009 2010 2011 2012 2013 
table obs
1990 0 0.0194712 0.082144 0.0989402 0.118538 0.0837104 0.0934716 0.0601837 0.068041 0.0495105 0.0289548 0.0393317 0.0226529 0.00270296 0.0137237 0.0161759 0.0196386 0.0143886 0.0326161 0.0180119 0.117792 
1991 0 0.0172347 0.0483401 0.0549093 0.0531004 0.0732304 0.037936 0.0337234 0.022208 0.0569619 0.0478829 0.0640801 0.0828426 0.0312428 0.0722324 0.0320063 0.0215183 0.0307059 0.0140795 0.0104012 0.195364 
1992 0 0.00395313 0.0468841 0.0486729 0.115042 0.106058 0.0836858 0.079745 0.0528572 0.0500757 0.037649 0.032226 0.0315151 0.0422875 0.0347925 0.0411552 0.0171045 0.0247148 0.0115135 0.007419 0.132649 
1993 0 0.0110262 0.00433373 0.0792838 0.0934379 0.113599 0.0633907 0.045548 0.0696182 0.0876334 0.055227 0.0326663 0.0274597 0.0543306 0.0373984 0.0338218 0.0387843 0.0309059 0.0164858 0.0146791 0.0903704 
1994 0 0.0232479 0.0220103 0.0309155 0.102557 0.0914464 0.0866739 0.0625147 0.0480542 0.0536258 0.0406479 0.068031 0.0584488 0.0154261 0.0400807 0.0326252 0.0184556 0.00784046 0.0127806 0.0167278 0.16789 
1995 0 0.0113661 0.0148786 0.0776087 0.0564799 0.115789 0.0974265 0.0885207 0.0731211 0.0789866 0.0302309 0.0251928 0.0429999 0.039531 0.0270695 0.0145739 0.00891366 0.0141142 0.0220278 0.0256297 0.135539 
1996 0 0.00203641 0.0328149 0.0630553 0.0913822 0.0506488 0.117589 0.0557261 0.0640649 0.086949 0.0752228 0.0526511 0.0458016 0.0328218 0.0261272 0.0323733 0.00999868 0.0240533 0.0270708 0.0242191 0.0853938 
1997 0 0.0127712 0.0295471 0.0922428 0.0940284 0.0887536 0.0324254 0.172753 0.0655693 0.0496012 0.0411983 0.0360893 0.0414061 0.0442233 0.0419164 0.023793 0.0230672 0.00884368 0.00238559 0.00650323 0.0928821 
1998 0 0.00363673 0.0209933 0.0959363 0.159368 0.0605353 0.0714163 0.0290696 0.0564073 0.0411496 0.0317055 0.0407818 0.0586873 0.0297502 0.0417339 0.057678 0.0512203 0.0272756 0.0197457 0.00915852 0.0937512 
1999 0 0.018493 0.0420127 0.0607129 0.156658 0.163366 0.0511964 0.0518418 0.0114922 0.0477563 0.0469068 0.0313286 0.0321212 0.0304345 0.019769 0.0187328 0.020762 0.0257798 0.0161429 0.0198797 0.134613 
2000 0 0.00480166 0.0712754 0.102774 0.132985 0.158055 0.149845 0.0534285 0.0376711 0.0383794 0.0607327 0.0355533 0.0175799 0.0215011 0.0110189 0.0104217 0.00788491 0.00679165 0.00603865 0.0107835 0.0624786 
2001 0 0.00352119 0.0524263 0.267933 0.102092 0.0633324 0.0566343 0.0743937 0.0485318 0.0219817 0.0137669 0.0532426 0.0120392 0.00463722 0.00633706 0.0089864 0.00422821 0.0124196 0.013861 0.010926 0.16871 
2002 0 0.018339 0.0527355 0.102831 0.163706 0.165757 0.0554349 0.0422526 0.0728878 0.034015 0.0625237 0.0100207 0.0577341 0.0663722 0.0525812 0.0100937 0.00456721 0.00796135 0.00534085 0.00399715 0.0108486 
2003 0 0.0378264 0.069186 0.0767991 0.0731056 0.205858 0.0605398 0.0602048 0.0567669 0.0578829 0.0215523 0.0283502 0.00619439 0.0391581 0.0403684 0.0303846 0.0278638 0.0297343 0.0058116 0.00304403 0.069369 
2004 0 0.02604 0.030586 0.175341 0.171328 0.131472 0.186604 0.0429722 0.0139905 0.0211664 0.0121843 0.00580222 0.0132495 0.00489759 0.0284874 0.0214522 0.0242302 0.0115327 0.0122198 0.00346336 0.0629809 
2005 0 0.00929283 0.051956 0.0962851 0.19285 0.103009 0.0804467 0.117109 0.0619491 0.0274679 0.0234444 0.0194196 0.0111857 0.0189251 0.00436662 0.105741 0.0276661 0.00299586 0.0115149 0.00166978 0.0327046 
2006 0 0.000634998 0.0137736 0.144499 0.0941854 0.252226 0.122235 0.058261 0.109506 0.0607813 0.0266441 0.0152633 0.00852085 0.000939407 0.00128453 0 0.0346541 0.00687589 0.00739975 0.00889272 0.0334235 
2007 0 0.000143308 8.05043e-005 0.00531598 0.0171945 0.00632094 0.0149575 0.00431599 0.00325835 0.0071474 0.001677 0.00104031 0.000761676 0.000992951 8.08276e-005 0 0.000449691 0.00214081 0.00064877 0.00163012 0.931843 
2008 0 0 0.0287079 0.0231343 0.0823671 0.16434 0.090953 0.143682 0.0759295 0.0778024 0.105751 0.0314054 0.0505844 0.0263637 0.00649865 0.00555354 0 0 0.0126318 0.00660368 0.067691 
2009 0 0.0467806 0.027423 0.0277286 0.0227726 0.120694 0.181489 0.0670011 0.107378 0.0740548 0.0478349 0.0786762 0.057969 0.0251588 0.024458 0.0220559 0.00877863 0.00307617 0.00164825 0.0117426 0.04328 
2010 0 0.00483437 0.147868 0.0551254 0.0804169 0.0171508 0.112709 0.141609 0.0719776 0.139764 0.0542878 0.0301462 0.057119 0.014992 0.00532382 0.00155704 0 0.00480515 0.00480515 0.00480515 0.0507044 
2011 0 0.0265986 0.0610919 0.257676 0.0657634 0.0759508 0.0108762 0.0498108 0.123731 0.038651 0.074367 0.0435835 0.040606 0.0575522 0.00967819 0.00924093 0.0232145 0.009701 0.00104131 0.00285968 0.0180057 
2012 0 0.00560629 0.0365325 0.0508831 0.334614 0.0504 0.0493417 0.0124431 0.0512842 0.0578878 0.0338856 0.1296 0.0408652 0.0194519 0.0722881 0.0228707 0.000899702 0.00551114 0.000899702 0 0.0247353 
2013 0 0 0.0386743 0.0256623 0.080951 0.334248 0.05478 0.0743562 0.038674 0.0767147 0.033172 0.0203125 0.0436624 0.0282184 0.0178118 0.0419513 0.0283822 0.0156437 0.00555329 0.0140917 0.0271398 
end_table
table error_values
1990 0 0 0 0 0 0 0 0 0 0 0 0 0 0 0 0 0 0 0 0 0 
1991 0 0 0 0 0 0 0 0 0 0 0 0 0 0 0 0 0 0 0 0 0 
1992 0 0 0 0 0 0 0 0 0 0 0 0 0 0 0 0 0 0 0 0 0 
1993 0 0 0 0 0 0 0 0 0 0 0 0 0 0 0 0 0 0 0 0 0 
1994 0 0 0 0 0 0 0 0 0 0 0 0 0 0 0 0 0 0 0 0 0 
1995 0 0 0 0 0 0 0 0 0 0 0 0 0 0 0 0 0 0 0 0 0 
1996 0 0 0 0 0 0 0 0 0 0 0 0 0 0 0 0 0 0 0 0 0 
1997 0 0 0 0 0 0 0 0 0 0 0 0 0 0 0 0 0 0 0 0 0 
1998 0 0 0 0 0 0 0 0 0 0 0 0 0 0 0 0 0 0 0 0 0 
1999 0 0 0 0 0 0 0 0 0 0 0 0 0 0 0 0 0 0 0 0 0 
2000 0 0 0 0 0 0 0 0 0 0 0 0 0 0 0 0 0 0 0 0 0 
2001 0 0 0 0 0 0 0 0 0 0 0 0 0 0 0 0 0 0 0 0 0 
2002 0 0 0 0 0 0 0 0 0 0 0 0 0 0 0 0 0 0 0 0 0 
2003 0 0 0 0 0 0 0 0 0 0 0 0 0 0 0 0 0 0 0 0 0 
2004 0 0 0 0 0 0 0 0 0 0 0 0 0 0 0 0 0 0 0 0 0 
2005 0 0 0 0 0 0 0 0 0 0 0 0 0 0 0 0 0 0 0 0 0 
2006 0 0 0 0 0 0 0 0 0 0 0 0 0 0 0 0 0 0 0 0 0 
2007 0 0 0 0 0 0 0 0 0 0 0 0 0 0 0 0 0 0 0 0 0 
2008 0 0 0 0 0 0 0 0 0 0 0 0 0 0 0 0 0 0 0 0 0 
2009 0 0 0 0 0 0 0 0 0 0 0 0 0 0 0 0 0 0 0 0 0 
2010 0 0 0 0 0 0 0 0 0 0 0 0 0 0 0 0 0 0 0 0 0 
2011 0 0 0 0 0 0 0 0 0 0 0 0 0 0 0 0 0 0 0 0 0 
2012 0 0 0 0 0 0 0 0 0 0 0 0 0 0 0 0 0 0 0 0 0 
2013 0 0 0 0 0 0 0 0 0 0 0 0 0 0 0 0 0 0 0 0 0 
end_table

