@observation HG_age_sample_sim
age_samples_per_cluster 10 
ageing_error age_error 
average_cluster_weight 6 
cluster_cv 0.6 
cluster_sigma 1.1 
fishery_label Fishing_LL 
layer_of_stratum_definitions area_definition 
max_age 20 
min_age 0 
process_label fishing 
strata_to_include HG 
type mortality_event_biomass_age_clusters 
years 1990 1991 1992 1993 1994 1995 1996 1997 1998 1999 2000 2001 2002 2003 2004 2005 2006 2007 2008 2009 2010 2011 2012 2013 
table obs
1990 0 0.00391261 0.0674862 0.0635626 0.117687 0.118492 0.0656954 0.0654355 0.051598 0.054696 0.0467965 0.0191258 0.0238511 0.00839964 0.022267 0.0549451 0.0454403 0.0256238 0.0161584 0.023948 0.104879 
1991 0 0.0237255 0.0498094 0.0493228 0.0743904 0.0729119 0.0486217 0.0687755 0.0934883 0.0727906 0.0865353 0.0515113 0.0270233 0.0390281 0.0168993 0.0264551 0.0360472 0.0195063 0.0164102 0.0206474 0.1061 
1992 0 0 0.069305 0.0773894 0.133414 0.0878268 0.0809927 0.0541898 0.0549662 0.04572 0.0395155 0.0384344 0.0441836 0.0479049 0.0212796 0.0204583 0.00880761 0.00412857 0.00412857 0.0304236 0.136931 
1993 0 0.00305323 0.00520704 0.0950477 0.0873295 0.0668799 0.0850123 0.0974828 0.1053 0.0934158 0.0649609 0.0323928 0.0203664 0.0136132 0.00529323 0.0130634 0.031629 0.0203733 0.0132808 0.0081612 0.138138 
1994 0 0.00240133 0.0541252 0.0410567 0.0840315 0.0647003 0.0478652 0.0566855 0.0604066 0.0444882 0.0479374 0.0334251 0.0788693 0.0348231 0.0411269 0.0293957 0.0362737 0.0282137 0.0540479 0.0256407 0.134486 
1995 0 0.00590149 0.0222415 0.117479 0.0450182 0.130621 0.11035 0.0768434 0.0528859 0.0816963 0.0627029 0.0642849 0.0463767 0.0313575 0.0219589 0.0101662 0.00105655 0.00393927 0.00754466 0.000720681 0.106855 
1996 0 0.00339186 0.0546508 0.0935124 0.087704 0.0377872 0.098302 0.0712432 0.0799207 0.0546855 0.0307151 0.0463142 0.0513476 0.0457382 0.0509302 0.0550675 0.0199769 0.00982469 0.00202016 0.0153223 0.0915456 
1997 0 0 0.0554455 0.0891645 0.070426 0.103406 0.0368865 0.0812035 0.0615353 0.0507476 0.0349653 0.0239406 0.0321708 0.0287415 0.0407716 0.0387821 0.0305239 0.0444307 0.0283374 0.0296493 0.118871 
1998 0 0.0212029 0.0236765 0.0804088 0.114138 0.0437811 0.0481932 0.0119895 0.0771859 0.0645973 0.0999391 0.0717215 0.0456331 0.0264712 0.0338269 0.0259173 0.0227944 0.00629857 0.00744666 0.011769 0.163009 
1999 0 0.0299317 0.055612 0.0760732 0.122794 0.168489 0.0854671 0.0831495 0.0161223 0.0859834 0.0494113 0.0431223 0.0270567 0.0143957 0.0134591 0.00318909 0.000572246 0.00292052 0.00600495 0.00774675 0.108499 
2000 0 0.00683753 0.135143 0.094132 0.072497 0.12992 0.182484 0.0657649 0.0394216 0.0129616 0.0930681 0.0353865 0.02567 0.0189661 0.00761245 0.0136455 0.00725441 0.00244579 0.00196595 0 0.0548235 
2001 0 0.0190577 0.0535751 0.245037 0.125095 0.0476968 0.0646343 0.0948197 0.0368431 0.0342783 0.0066752 0.067998 0.0258422 0.0194154 0.0339732 0.013861 0.00538189 0.0218672 0.0121689 0.00457024 0.0672096 
2002 0 0.0166502 0.0371045 0.094973 0.220271 0.11234 0.0508781 0.0714922 0.0953869 0.0229977 0.0296984 0.013146 0.0445193 0.0180834 0.0318301 0.0188178 0.0411482 0.0243561 0.00740653 0.019631 0.0292695 
2003 0 0.00919032 0.090296 0.0953071 0.135314 0.237429 0.0662083 0.0435013 0.0428819 0.0782772 0.0315895 0.0527318 0.00306369 0.00852916 0.0124929 0.0106614 0.00396373 0.00840811 0.0197227 0.00917198 0.0412603 
2004 0 0.00362256 0.0280818 0.138945 0.165288 0.137873 0.168243 0.0321151 0.0189513 0.0288622 0.0341738 0.0160563 0.0276889 0.00875271 0.0291422 0.0177244 0.0168419 0.00746545 0.0283936 0.0219396 0.0698394 
2005 0 0.00128735 0.0610769 0.0745001 0.195643 0.147492 0.103614 0.130113 0.0584748 0.021691 0.0263062 0.0481415 0.0079676 0.0205182 0.00434926 0.00434926 0.00845525 0.0215455 0.0149361 0.00589463 0.0436441 
2006 0 0.000618471 0.0450015 0.118493 0.0749346 0.162976 0.128868 0.0746593 0.118823 0.0538268 0.0256323 0.0180566 0.0115093 0.00149122 0.00449101 0 0.0337082 0.0136892 0.0091541 0.0247752 0.079292 
2007 0 0.00167131 0.00313495 0.00632656 0.0162976 0.00867111 0.0149619 0.0101377 0.004017 0.0120349 0.00374294 0.00150254 0.00266961 0.00104731 0.0014435 0 9.30845e-005 0.0013067 0.000852003 0.00246692 0.907622 
2008 0 0.00559792 0.0103128 0.028612 0.133072 0.213804 0.0747965 0.122087 0.0635301 0.0716182 0.0956702 0.0342606 0.00926057 0 0.0242991 0.00760881 0.0117469 0.0199376 0.0163892 0.011716 0.045681 
2009 0 0.105939 0.0383502 0.031627 0.0101712 0.062444 0.16151 0.0583726 0.14736 0.113074 0.0373186 0.0573335 0.0302327 0.0148331 0.0115245 0.0100994 0.00102981 0.00532943 0.00102981 0.0123923 0.0900282 
2010 0 0.000794655 0.0677779 0.0281013 0.171853 0.0307402 0.0792203 0.144057 0.0507616 0.171427 0.0427696 0.0363226 0.0735645 0.0223501 0.0111449 0.0050788 0.00976416 0 0.00237232 0.00237232 0.0495279 
2011 0 0.00426534 0.0217439 0.240908 0.0542504 0.0919593 0.0207424 0.0638768 0.075755 0.0495943 0.0638494 0.0498466 0.0197277 0.0810314 0.0337042 0.0145979 0.0295707 0.0116954 0 0.000568111 0.0723136 
2012 0 0.019999 0.0475447 0.0275186 0.29419 0.071624 0.09509 0.0396926 0.0557209 0.0611205 0.011738 0.116217 0.0289796 0.0279518 0.0362571 0.0193369 0.0101096 0.00616947 0.0118621 0.00431288 0.0145644 
2013 0 0.0222175 0.0504213 0.104822 0.0763604 0.305525 0.0318344 0.0240704 0.00074995 0.0238079 0.0493224 0.0339781 0.120365 0.031284 0.0264739 0.0560342 0.018288 0.00959665 0.0060385 0.00178182 0.00702876 
end_table
table error_values
1990 0 0 0 0 0 0 0 0 0 0 0 0 0 0 0 0 0 0 0 0 0 
1991 0 0 0 0 0 0 0 0 0 0 0 0 0 0 0 0 0 0 0 0 0 
1992 0 0 0 0 0 0 0 0 0 0 0 0 0 0 0 0 0 0 0 0 0 
1993 0 0 0 0 0 0 0 0 0 0 0 0 0 0 0 0 0 0 0 0 0 
1994 0 0 0 0 0 0 0 0 0 0 0 0 0 0 0 0 0 0 0 0 0 
1995 0 0 0 0 0 0 0 0 0 0 0 0 0 0 0 0 0 0 0 0 0 
1996 0 0 0 0 0 0 0 0 0 0 0 0 0 0 0 0 0 0 0 0 0 
1997 0 0 0 0 0 0 0 0 0 0 0 0 0 0 0 0 0 0 0 0 0 
1998 0 0 0 0 0 0 0 0 0 0 0 0 0 0 0 0 0 0 0 0 0 
1999 0 0 0 0 0 0 0 0 0 0 0 0 0 0 0 0 0 0 0 0 0 
2000 0 0 0 0 0 0 0 0 0 0 0 0 0 0 0 0 0 0 0 0 0 
2001 0 0 0 0 0 0 0 0 0 0 0 0 0 0 0 0 0 0 0 0 0 
2002 0 0 0 0 0 0 0 0 0 0 0 0 0 0 0 0 0 0 0 0 0 
2003 0 0 0 0 0 0 0 0 0 0 0 0 0 0 0 0 0 0 0 0 0 
2004 0 0 0 0 0 0 0 0 0 0 0 0 0 0 0 0 0 0 0 0 0 
2005 0 0 0 0 0 0 0 0 0 0 0 0 0 0 0 0 0 0 0 0 0 
2006 0 0 0 0 0 0 0 0 0 0 0 0 0 0 0 0 0 0 0 0 0 
2007 0 0 0 0 0 0 0 0 0 0 0 0 0 0 0 0 0 0 0 0 0 
2008 0 0 0 0 0 0 0 0 0 0 0 0 0 0 0 0 0 0 0 0 0 
2009 0 0 0 0 0 0 0 0 0 0 0 0 0 0 0 0 0 0 0 0 0 
2010 0 0 0 0 0 0 0 0 0 0 0 0 0 0 0 0 0 0 0 0 0 
2011 0 0 0 0 0 0 0 0 0 0 0 0 0 0 0 0 0 0 0 0 0 
2012 0 0 0 0 0 0 0 0 0 0 0 0 0 0 0 0 0 0 0 0 0 
2013 0 0 0 0 0 0 0 0 0 0 0 0 0 0 0 0 0 0 0 0 0 
end_table

