@observation HG_age_sample_sim
age_samples_per_cluster 10 
ageing_error age_error 
average_cluster_weight 6 
cluster_cv 0.6 
cluster_sigma 1.1 
fishery_label Fishing_LL 
layer_of_stratum_definitions area_definition 
max_age 20 
min_age 0 
process_label fishing 
strata_to_include HG 
type mortality_event_biomass_age_clusters 
years 1990 1991 1992 1993 1994 1995 1996 1997 1998 1999 2000 2001 2002 2003 2004 2005 2006 2007 2008 2009 2010 2011 2012 2013 
table obs
1990 0 0.00416201 0.0238312 0.0701787 0.0915206 0.0843902 0.0782895 0.0900077 0.0656369 0.0729745 0.0670767 0.052452 0.0336675 0.0247747 0.0207207 0.019262 0.0300833 0.0233875 0.00939295 0.0113412 0.12685 
1991 0 0.00532264 0.0207323 0.0467646 0.0833572 0.0936356 0.0834043 0.0874773 0.10477 0.0379396 0.0448613 0.0337989 0.0477981 0.0335271 0.0260585 0.0263485 0.0262552 0.0294264 0.0168452 0.00944877 0.142229 
1992 0 0.00104832 0.0197078 0.0638413 0.111796 0.078624 0.0637957 0.05745 0.0646416 0.0609857 0.0337642 0.0323797 0.0373302 0.0385546 0.0339841 0.0412551 0.0340178 0.0515741 0.0215898 0.0342657 0.119394 
1993 0 0.00850839 0.0156894 0.101465 0.109873 0.111191 0.0537677 0.0472093 0.0572804 0.0291642 0.0613253 0.0526249 0.0456738 0.0303507 0.0243998 0.0286282 0.0349279 0.0244123 0.0209387 0.02656 0.11601 
1994 0 0.00241877 0.0187739 0.0265339 0.177893 0.126279 0.0932401 0.0754507 0.0585377 0.0348854 0.032257 0.021636 0.0264748 0.0258738 0.0355314 0.0306172 0.0217123 0.0144661 0.0164958 0.00945035 0.151473 
1995 0 0.0316175 0.012207 0.0497799 0.0549535 0.0856142 0.0910178 0.0785145 0.0854798 0.0955504 0.0511874 0.0517988 0.0462239 0.036553 0.0312653 0.0128886 0.0200963 0.0236735 0.0195958 0.0170217 0.104961 
1996 0 0.00496134 0.0348546 0.037564 0.0421782 0.0293185 0.101798 0.0594019 0.0849015 0.0857677 0.0547576 0.0601241 0.0516739 0.0405875 0.0485306 0.0207275 0.0270548 0.055915 0.0207201 0.0189854 0.120178 
1997 0 0.00431158 0.0164105 0.0633909 0.0630325 0.0790331 0.0163462 0.0555355 0.0787017 0.0645258 0.0649108 0.0377771 0.0665758 0.0527055 0.0252184 0.0303052 0.0242104 0.0162374 0.0151787 0.0149278 0.210665 
1998 0 0.00254759 0.0173637 0.0519022 0.110339 0.0781318 0.0684093 0.0363939 0.115847 0.115878 0.0626971 0.0386592 0.0308638 0.0391274 0.0333037 0.0205567 0.013182 0.0259647 0.0176366 0.0203395 0.100858 
1999 0 0.0385908 0.0617185 0.054935 0.0853051 0.157236 0.0969359 0.116273 0.0190274 0.0996987 0.0511566 0.0322408 0.0349069 0.0223683 0.0246795 0.0189912 0.0177141 0.0170058 0.00754205 0.0140504 0.0296246 
2000 0 0.0213266 0.0405846 0.0810419 0.0925037 0.109951 0.162779 0.034603 0.0338008 0.0163622 0.0869762 0.0515169 0.0436539 0.0225347 0.0315356 0.0251999 0.0202916 0.00375974 0.00135639 0.0092945 0.110928 
2001 0 0.0197542 0.0459095 0.180231 0.0770753 0.0582176 0.0683953 0.0478805 0.0210226 0.0300227 0.00582133 0.0575762 0.0406633 0.0627839 0.0221136 0.0341697 0.0166311 0.0149405 0.0210994 0.00443883 0.171253 
2002 0 0.0484491 0.0393248 0.0928301 0.27708 0.128505 0.0433605 0.0415402 0.0405773 0.0196032 0.00516196 0.00226313 0.0150989 0.0231934 0.0272299 0.00831547 0.0141275 0.00879757 0.0242833 0.0126626 0.127596 
2003 0 0.0147629 0.0882317 0.141765 0.149546 0.201912 0.0853734 0.0434171 0.071895 0.0841145 0.00881831 0.0289259 0.00171784 0.00728842 0.013165 0.0104719 0.0205238 0.00404017 0 0.00133725 0.022694 
2004 0 0.00742648 0.0213848 0.155233 0.171223 0.0888456 0.227397 0.0441749 0.0263163 0.0387963 0.0367183 0.0139253 0.00828234 0.00519454 0.00990672 0.0155624 0.0300503 0.00627396 0.00533895 0.00369988 0.0842497 
2005 0 0.0186214 0.0809092 0.0638616 0.213741 0.140835 0.0855453 0.105302 0.0309601 0.0216018 0.0385784 0.0642448 0.0124471 0.0255667 0.00874725 0.018175 0.0102099 0.00345061 0.0131179 0.0174905 0.0265941 
2006 0 0 0.0331605 0.102157 0.104437 0.187833 0.114447 0.0617284 0.142008 0.0898445 0.0243753 0.00806492 0.00444484 0 0 0 0.0373741 0.0107085 0.0173551 0.00429749 0.0577647 
2007 0 0.000902602 0.000996065 0.00779528 0.0196191 0.011846 0.0222351 0.0121846 0.00862733 0.00760112 0.00298749 0.00362495 0.00505242 0.00393654 0.000657223 0.000363727 0 0.00247904 0.00452993 0.00513781 0.879424 
2008 0 0 0.0126801 0.0122731 0.111979 0.293188 0.0833439 0.163374 0.0962676 0.0348931 0.0767115 0.0147012 0.00935455 0.00856865 0.0289249 0 0.0041226 0.00160577 0.0027484 0.00642307 0.0388412 
2009 0 0.040317 0.0287744 0.0660251 0.0308581 0.117294 0.171836 0.0803562 0.202963 0.0996025 0.0219889 0.0133731 0.0022791 0.00782476 0.0224937 0.00691502 0.00569029 0.00648548 0.0128858 0.00389077 0.058147 
2010 0 0.00303227 0.12174 0.0453196 0.0631767 0.0206277 0.0927046 0.152581 0.0875505 0.122803 0.048228 0.0400945 0.0887773 0.0359797 0.00321676 0.0144669 0.0204062 0.0125755 0 0.00224183 0.0244785 
2011 0 0 0.025203 0.217253 0.0674683 0.0651652 0.0386891 0.0719889 0.136405 0.063205 0.122724 0.0313675 0.0135861 0.0220368 0.0114615 0.0136867 0.0170243 0.00330304 0.000822174 0.0148444 0.0637654 
2012 0 0.0519893 0.0830365 0.0382025 0.293061 0.0451242 0.0786471 0.020714 0.0489686 0.0592084 0.0249671 0.108178 0.0484286 0.0172302 0.0298733 0.00711608 0.00829685 0.0112776 0.000570814 0.00357028 0.0215404 
2013 0 0.00463483 0.0766976 0.0570615 0.109747 0.305926 0.0286119 0.054348 0.0173876 0.0498155 0.0288333 0.0233114 0.0836634 0.0531058 0.0229005 0.0383366 0.0122924 0.00367143 0.00228488 0.0114244 0.0159452 
end_table
table error_values
1990 0 0 0 0 0 0 0 0 0 0 0 0 0 0 0 0 0 0 0 0 0 
1991 0 0 0 0 0 0 0 0 0 0 0 0 0 0 0 0 0 0 0 0 0 
1992 0 0 0 0 0 0 0 0 0 0 0 0 0 0 0 0 0 0 0 0 0 
1993 0 0 0 0 0 0 0 0 0 0 0 0 0 0 0 0 0 0 0 0 0 
1994 0 0 0 0 0 0 0 0 0 0 0 0 0 0 0 0 0 0 0 0 0 
1995 0 0 0 0 0 0 0 0 0 0 0 0 0 0 0 0 0 0 0 0 0 
1996 0 0 0 0 0 0 0 0 0 0 0 0 0 0 0 0 0 0 0 0 0 
1997 0 0 0 0 0 0 0 0 0 0 0 0 0 0 0 0 0 0 0 0 0 
1998 0 0 0 0 0 0 0 0 0 0 0 0 0 0 0 0 0 0 0 0 0 
1999 0 0 0 0 0 0 0 0 0 0 0 0 0 0 0 0 0 0 0 0 0 
2000 0 0 0 0 0 0 0 0 0 0 0 0 0 0 0 0 0 0 0 0 0 
2001 0 0 0 0 0 0 0 0 0 0 0 0 0 0 0 0 0 0 0 0 0 
2002 0 0 0 0 0 0 0 0 0 0 0 0 0 0 0 0 0 0 0 0 0 
2003 0 0 0 0 0 0 0 0 0 0 0 0 0 0 0 0 0 0 0 0 0 
2004 0 0 0 0 0 0 0 0 0 0 0 0 0 0 0 0 0 0 0 0 0 
2005 0 0 0 0 0 0 0 0 0 0 0 0 0 0 0 0 0 0 0 0 0 
2006 0 0 0 0 0 0 0 0 0 0 0 0 0 0 0 0 0 0 0 0 0 
2007 0 0 0 0 0 0 0 0 0 0 0 0 0 0 0 0 0 0 0 0 0 
2008 0 0 0 0 0 0 0 0 0 0 0 0 0 0 0 0 0 0 0 0 0 
2009 0 0 0 0 0 0 0 0 0 0 0 0 0 0 0 0 0 0 0 0 0 
2010 0 0 0 0 0 0 0 0 0 0 0 0 0 0 0 0 0 0 0 0 0 
2011 0 0 0 0 0 0 0 0 0 0 0 0 0 0 0 0 0 0 0 0 0 
2012 0 0 0 0 0 0 0 0 0 0 0 0 0 0 0 0 0 0 0 0 0 
2013 0 0 0 0 0 0 0 0 0 0 0 0 0 0 0 0 0 0 0 0 0 
end_table

