@observation HG_age_sample_sim
age_samples_per_cluster 10 
ageing_error age_error 
average_cluster_weight 6 
cluster_cv 0.6 
cluster_sigma 1.1 
fishery_label Fishing_LL 
layer_of_stratum_definitions area_definition 
max_age 20 
min_age 0 
process_label fishing 
strata_to_include HG 
type mortality_event_biomass_age_clusters 
years 1990 1991 1992 1993 1994 1995 1996 1997 1998 1999 2000 2001 2002 2003 2004 2005 2006 2007 2008 2009 2010 2011 2012 2013 
table obs
1990 0 0.00346382 0.0372002 0.053882 0.0632096 0.115083 0.0745135 0.11146 0.0801701 0.0613058 0.0631809 0.0524618 0.021406 0.0284738 0.0277716 0.0275765 0.0414208 0.0137107 0.0166209 0.0223244 0.084765 
1991 0 0.00154574 0.0248795 0.103011 0.0736084 0.0943226 0.0930215 0.114277 0.0444726 0.0841562 0.0511797 0.026096 0.0224386 0.0170081 0.0433065 0.0262377 0.0377853 0.0132333 0.0240463 0.0290585 0.0763155 
1992 0 0 0.0578377 0.0900042 0.0707857 0.0897702 0.0616363 0.0582098 0.0768952 0.0511824 0.0516538 0.0284191 0.0544559 0.0325386 0.0394752 0.0244006 0.0134166 0.0143403 0.0169209 0.00716954 0.160888 
1993 0 0 0.0125178 0.0970157 0.113882 0.112441 0.0850446 0.0471782 0.0514276 0.0543038 0.0302915 0.0411965 0.0258133 0.0278483 0.0325489 0.0362498 0.026503 0.0212518 0.0312312 0.0261361 0.127119 
1994 0 0.00575132 0.0320072 0.0584288 0.133736 0.148365 0.101141 0.0604317 0.0666743 0.0582951 0.0404027 0.0320823 0.0215275 0.0257449 0.0283994 0.0257374 0.0177061 0.0243648 0.0187337 0.0171687 0.0833024 
1995 0 0.00492277 0.00795664 0.0370028 0.0181844 0.171148 0.0860846 0.0730932 0.0904594 0.0752544 0.0402303 0.0379966 0.0283244 0.0301224 0.0343958 0.0400945 0.0219151 0.0190012 0.0126077 0.0086833 0.162523 
1996 0 0.00790206 0.0710083 0.136577 0.120039 0.0368082 0.0870549 0.047918 0.0467409 0.0445741 0.0390979 0.0300363 0.0270689 0.0459075 0.0222848 0.0157059 0.0177931 0.0258132 0.0271164 0.0243432 0.126211 
1997 0 0.00844532 0.0406128 0.0744339 0.0727566 0.094182 0.0364384 0.0628464 0.05838 0.0670846 0.044381 0.0516423 0.0566382 0.0199519 0.0237008 0.0477024 0.0213281 0.0292936 0.0174339 0.00877934 0.163969 
1998 0 0 0.0113877 0.0621718 0.21031 0.0616105 0.0507771 0.0193162 0.0855902 0.0155288 0.0252771 0.0249683 0.0370433 0.0482689 0.0337289 0.059187 0.0816407 0.0336454 0.00995537 0.0112967 0.118296 
1999 0 0.0313922 0.0137595 0.0623459 0.0955052 0.194796 0.0660964 0.0594527 0.0506262 0.0801781 0.0477258 0.0459654 0.0253591 0.0277769 0.0143396 0.0152423 0.0178094 0.0189596 0.0100728 0.0108275 0.111769 
2000 0 0.0170961 0.0958842 0.081756 0.103728 0.130488 0.0982211 0.100119 0.0702763 0.0307947 0.0642569 0.0363049 0.00863034 0.0163336 0.00835119 0.00232312 0.0127231 0.0047283 0.0151004 0.0110106 0.0918745 
2001 0 0.0162114 0.0717944 0.255817 0.115115 0.0383194 0.0848432 0.107105 0.0422293 0.0423956 0.0215998 0.0143657 0.0263798 0.026301 0.0104955 0.00120234 0.00564629 0.00444394 0.00886955 0.0165024 0.0903631 
2002 0 0.00926299 0.0344142 0.060344 0.256573 0.0754334 0.0726514 0.0550071 0.0909431 0.0191235 0.0568673 0.0180881 0.0483893 0.0383814 0.0142463 0.0199239 0.0123769 0.0116638 0.011923 0.0132057 0.0811815 
2003 0 0.000691067 0.0686347 0.100566 0.0708467 0.186387 0.0679059 0.0428462 0.0578793 0.092657 0.0315383 0.073511 0.0363164 0.0375123 0.03652 0 0.0153207 0.00123123 0.00632194 0.00627346 0.0670406 
2004 0 0.0167502 0.0397514 0.143836 0.138338 0.105546 0.197464 0.0837413 0.0476586 0.0436662 0.068856 0.00915357 0.0120513 0 0.00959024 0 0.0127505 0.015849 0.0151064 0.00633073 0.0335603 
2005 0 0.0010375 0.0510475 0.034191 0.224658 0.0916672 0.0996085 0.154943 0.0757195 0.0469907 0.0323211 0.0612361 0.00926848 0.0151196 0.0123382 0.00345758 0.00876555 0.0172879 0.00345758 0 0.0568851 
2006 0 0.00232118 0.0564196 0.125708 0.0948199 0.170197 0.112552 0.0931297 0.169232 0.0812023 0.0160607 0.0294375 0.0267799 0.00287549 0.00345781 0.00547787 0.00349389 0 0 0 0.00683543 
2007 0 0.00228647 0.00128316 0.0123299 0.0368335 0.0140177 0.0200567 0.0117618 0.00827068 0.00898304 0.00450359 0.00390163 0.00475811 0.00840241 0.00274273 0.000729103 0.00145821 0 0 0 0.857681 
2008 0 0.0142898 0.0101391 0.00725009 0.0687519 0.148078 0.0753288 0.12455 0.0765562 0.0486209 0.137581 0.0453183 0.0460618 0.028288 0.0295138 0.00947783 0.0206881 0.00751986 0.00899385 0.012505 0.0804875 
2009 0 0.0406586 0.0188514 0.0586891 0.0313131 0.0970859 0.124282 0.0724881 0.155052 0.055865 0.0432245 0.0811312 0.0294891 0.00206674 0.00698663 0.00529764 0.00413348 0.0036103 0 0.0313002 0.138475 
2010 0 0.0032461 0.121532 0.0366825 0.0532156 0.0151811 0.0515224 0.108725 0.0537245 0.168664 0.08343 0.035131 0.122025 0.0313236 0.0144071 0.00898891 0.0285329 0.00360406 0.013347 0.00253483 0.0441825 
2011 0 0.0139064 0.0239253 0.214831 0.0444818 0.0848092 0.020991 0.0879045 0.133596 0.0557674 0.0967702 0.054343 0.0423214 0.0206152 0.00965535 0.00835692 0.0115811 0.0449564 0.00576438 0.00117252 0.0242518 
2012 0 0.00961846 0.0362837 0.0586428 0.36941 0.0623981 0.0715003 0.0157426 0.0355462 0.0563341 0.0334552 0.0470382 0.0391894 0.0279995 0.0449513 0.0244489 0.0104354 0.0164184 0.0247177 0.0071894 0.00868019 
2013 0 0.00237615 0.082691 0.065658 0.103302 0.286787 0.0384296 0.0309551 0.00734109 0.0398005 0.0446624 0.0167287 0.032348 0.0482416 0.0441983 0.0873177 0.00243784 0 0 0.00190362 0.0648214 
end_table
table error_values
1990 0 0 0 0 0 0 0 0 0 0 0 0 0 0 0 0 0 0 0 0 0 
1991 0 0 0 0 0 0 0 0 0 0 0 0 0 0 0 0 0 0 0 0 0 
1992 0 0 0 0 0 0 0 0 0 0 0 0 0 0 0 0 0 0 0 0 0 
1993 0 0 0 0 0 0 0 0 0 0 0 0 0 0 0 0 0 0 0 0 0 
1994 0 0 0 0 0 0 0 0 0 0 0 0 0 0 0 0 0 0 0 0 0 
1995 0 0 0 0 0 0 0 0 0 0 0 0 0 0 0 0 0 0 0 0 0 
1996 0 0 0 0 0 0 0 0 0 0 0 0 0 0 0 0 0 0 0 0 0 
1997 0 0 0 0 0 0 0 0 0 0 0 0 0 0 0 0 0 0 0 0 0 
1998 0 0 0 0 0 0 0 0 0 0 0 0 0 0 0 0 0 0 0 0 0 
1999 0 0 0 0 0 0 0 0 0 0 0 0 0 0 0 0 0 0 0 0 0 
2000 0 0 0 0 0 0 0 0 0 0 0 0 0 0 0 0 0 0 0 0 0 
2001 0 0 0 0 0 0 0 0 0 0 0 0 0 0 0 0 0 0 0 0 0 
2002 0 0 0 0 0 0 0 0 0 0 0 0 0 0 0 0 0 0 0 0 0 
2003 0 0 0 0 0 0 0 0 0 0 0 0 0 0 0 0 0 0 0 0 0 
2004 0 0 0 0 0 0 0 0 0 0 0 0 0 0 0 0 0 0 0 0 0 
2005 0 0 0 0 0 0 0 0 0 0 0 0 0 0 0 0 0 0 0 0 0 
2006 0 0 0 0 0 0 0 0 0 0 0 0 0 0 0 0 0 0 0 0 0 
2007 0 0 0 0 0 0 0 0 0 0 0 0 0 0 0 0 0 0 0 0 0 
2008 0 0 0 0 0 0 0 0 0 0 0 0 0 0 0 0 0 0 0 0 0 
2009 0 0 0 0 0 0 0 0 0 0 0 0 0 0 0 0 0 0 0 0 0 
2010 0 0 0 0 0 0 0 0 0 0 0 0 0 0 0 0 0 0 0 0 0 
2011 0 0 0 0 0 0 0 0 0 0 0 0 0 0 0 0 0 0 0 0 0 
2012 0 0 0 0 0 0 0 0 0 0 0 0 0 0 0 0 0 0 0 0 0 
2013 0 0 0 0 0 0 0 0 0 0 0 0 0 0 0 0 0 0 0 0 0 
end_table

