@observation HG_age_sample_sim
age_samples_per_cluster 10 
ageing_error age_error 
average_cluster_weight 6 
cluster_cv 0.6 
cluster_sigma 1.1 
fishery_label Fishing_LL 
layer_of_stratum_definitions area_definition 
max_age 20 
min_age 0 
process_label fishing 
strata_to_include HG 
type mortality_event_biomass_age_clusters 
years 1990 1991 1992 1993 1994 1995 1996 1997 1998 1999 2000 2001 2002 2003 2004 2005 2006 2007 2008 2009 2010 2011 2012 2013 
table obs
1990 0 0.0082139 0.0560237 0.048455 0.093063 0.0780632 0.0808086 0.0784557 0.058165 0.0465162 0.0703481 0.0726219 0.0588549 0.0217209 0.0152935 0.0153649 0.0251523 0.0281967 0.0113979 0.0157321 0.117552 
1991 0 0.0235034 0.0396906 0.0910719 0.100158 0.172448 0.0853998 0.0414 0.0278046 0.0221849 0.0248214 0.0226334 0.028018 0.0200809 0.019736 0.0366137 0.0329622 0.0194943 0.0155406 0.00722403 0.169214 
1992 0 0.0044464 0.0347943 0.0743198 0.0822151 0.0804105 0.0550461 0.087526 0.0516536 0.033587 0.0190727 0.0302243 0.0310292 0.032752 0.0248618 0.0224146 0.0507723 0.0515138 0.0488865 0.00792144 0.176553 
1993 0 0.00162519 0.00735873 0.0853131 0.11369 0.0883841 0.0497225 0.0593516 0.0428141 0.0345704 0.0498107 0.0496466 0.0472961 0.023174 0.01984 0.0517755 0.0377088 0.0422518 0.00842437 0.0100022 0.17724 
1994 0 0.00238979 0.0101134 0.0153414 0.102484 0.0972345 0.0467792 0.0454682 0.0661281 0.0664431 0.0436729 0.035743 0.0502142 0.0452105 0.0497281 0.0367434 0.00884079 0.0139719 0.0198342 0.0156053 0.228054 
1995 0 0.00988733 0.0134399 0.0346743 0.027133 0.141055 0.132081 0.0987861 0.0689007 0.0285475 0.0317833 0.0604738 0.034911 0.020199 0.0285955 0.0284727 0.0200683 0.0217654 0.025105 0.0375201 0.136601 
1996 0 0.0121721 0.0428989 0.0684577 0.0740639 0.0296794 0.09614 0.074467 0.0359525 0.051988 0.0236405 0.0208068 0.0307828 0.0271259 0.0530018 0.0707281 0.0544304 0.0464631 0.0258616 0.0189827 0.142357 
1997 0 0.00725629 0.0221678 0.102302 0.0781818 0.109364 0.0502989 0.136401 0.115643 0.0801135 0.0271196 0.0361276 0.0319075 0.0361944 0.0211343 0.0111078 0.0230089 0.0115398 0.00816172 0.00678747 0.0851823 
1998 0 0.00899484 0.013648 0.0496104 0.117425 0.0605063 0.0420669 0.0346785 0.0473731 0.0526977 0.0418203 0.0882464 0.0618164 0.066717 0.0470055 0.0346998 0.0177858 0.0216346 0.0272767 0.0321516 0.133845 
1999 0 0.0295834 0.0259521 0.0320624 0.112554 0.123138 0.0367013 0.0803943 0.0168497 0.0938261 0.0436103 0.0284025 0.0318354 0.0379179 0.0393519 0.0425216 0.0186547 0.0222371 0.0234697 0.0280554 0.132882 
2000 0 0.028921 0.100085 0.0577498 0.0507446 0.0549534 0.127252 0.0612279 0.0399946 0.00759673 0.0891611 0.0551933 0.0452525 0.0286537 0.0290397 0.0385207 0.0126973 0.0278238 0.00593106 0.00830001 0.130902 
2001 0 0.00876288 0.0541841 0.166654 0.103361 0.0850741 0.0567665 0.0913675 0.0164047 0.0358207 0.0131113 0.0498944 0.0256654 0.0320298 0.0362617 0.00943656 0.0162763 0.0191924 0.0182095 0.0110425 0.150484 
2002 0 0.0227991 0.0699841 0.0721754 0.312293 0.109987 0.0569019 0.0522048 0.0488424 0.0249804 0.028765 0.0164503 0.0199472 0.0171177 0.00931704 0.0177478 0.0105802 0.00793411 0.00270647 0.0129484 0.0863178 
2003 0 0.0154747 0.0777066 0.115616 0.125216 0.24897 0.079145 0.0580582 0.0687372 0.0598572 0.0327201 0.0102041 0.00124673 0.021913 0.0217274 0.00825211 0.00825211 0.00296456 0.00197637 0 0.0419628 
2004 0 0.0227742 0.0250373 0.12326 0.14945 0.114275 0.225023 0.0537541 0.0223544 0.0141148 0.0444467 0.00779777 0.0198137 0.0043882 0.0340865 0.0278672 0.0266318 0.00768662 0.0189223 0.0108196 0.0474974 
2005 0 0.0191689 0.0351767 0.0759261 0.211608 0.121932 0.104668 0.145574 0.0511046 0.0274371 0.020554 0.0189738 0.00889455 0.0104204 0.00182419 0.0381324 0.0171141 0.0328713 0.00995688 0.00400413 0.0446582 
2006 0 0.00962829 0.0343918 0.0893203 0.113803 0.184706 0.0870738 0.0710292 0.158048 0.0309065 0 0.0101482 0.0111128 0.0133948 0.0119843 0.00120889 0.0101253 0.010301 0.0117378 0.0133162 0.127763 
2007 0 0.00191194 0.00142179 0.0119717 0.0244359 0.0176404 0.0376911 0.0139492 0.011303 0.0205655 0.00336365 0.00226117 0.00192601 0.00212063 0.00276606 0.00219001 0.00124466 0.000542532 0.00236451 0.00528809 0.835042 
2008 0 0.00254014 0.0184753 0.0251277 0.08146 0.169391 0.0527842 0.105456 0.0581681 0.0462287 0.112177 0.0449741 0.013126 0.00894479 0.0370668 0.00265729 0.00658078 0.0177078 0.0200275 0.0183307 0.158776 
2009 0 0.0171522 0.0200564 0.0617091 0.0278078 0.104092 0.177938 0.0599637 0.141954 0.130905 0.0486279 0.0408978 0.0292304 0.0107959 0.0178611 0.00959337 0.0349269 0.00628889 0 0.00370812 0.0564915 
2010 0 0.0191566 0.0489907 0.0297317 0.0666096 0.0227772 0.106607 0.190775 0.0563174 0.136563 0.0460092 0.0433276 0.0918057 0.0531764 0.010593 0.0167876 0.0270237 0.0108831 0.0082547 0.000505465 0.0141054 
2011 0 0.00664769 0.000595716 0.171908 0.0597672 0.0581094 0.0388939 0.047164 0.0892463 0.0481851 0.116753 0.0559806 0.0605125 0.0578239 0.016997 0.0204189 0.0240198 0.0176075 0.0170089 0.0252581 0.0671025 
2012 0 0.0305593 0.0399932 0.0540661 0.352415 0.0730664 0.0468053 0.0190065 0.0367412 0.0789843 0.0234963 0.0548509 0.0356676 0.0495437 0.0458556 0.013456 0.0053144 0.00473826 0.00668467 0 0.0287554 
2013 0 0.00181879 0.0593092 0.0391151 0.0709842 0.410947 0.0452814 0.0320459 0.011359 0.0214086 0.0638463 0.0153848 0.0510951 0.0240385 0.0180008 0.050219 0.00886427 0.0137738 0.0069342 0.0185548 0.0370193 
end_table
table error_values
1990 0 0 0 0 0 0 0 0 0 0 0 0 0 0 0 0 0 0 0 0 0 
1991 0 0 0 0 0 0 0 0 0 0 0 0 0 0 0 0 0 0 0 0 0 
1992 0 0 0 0 0 0 0 0 0 0 0 0 0 0 0 0 0 0 0 0 0 
1993 0 0 0 0 0 0 0 0 0 0 0 0 0 0 0 0 0 0 0 0 0 
1994 0 0 0 0 0 0 0 0 0 0 0 0 0 0 0 0 0 0 0 0 0 
1995 0 0 0 0 0 0 0 0 0 0 0 0 0 0 0 0 0 0 0 0 0 
1996 0 0 0 0 0 0 0 0 0 0 0 0 0 0 0 0 0 0 0 0 0 
1997 0 0 0 0 0 0 0 0 0 0 0 0 0 0 0 0 0 0 0 0 0 
1998 0 0 0 0 0 0 0 0 0 0 0 0 0 0 0 0 0 0 0 0 0 
1999 0 0 0 0 0 0 0 0 0 0 0 0 0 0 0 0 0 0 0 0 0 
2000 0 0 0 0 0 0 0 0 0 0 0 0 0 0 0 0 0 0 0 0 0 
2001 0 0 0 0 0 0 0 0 0 0 0 0 0 0 0 0 0 0 0 0 0 
2002 0 0 0 0 0 0 0 0 0 0 0 0 0 0 0 0 0 0 0 0 0 
2003 0 0 0 0 0 0 0 0 0 0 0 0 0 0 0 0 0 0 0 0 0 
2004 0 0 0 0 0 0 0 0 0 0 0 0 0 0 0 0 0 0 0 0 0 
2005 0 0 0 0 0 0 0 0 0 0 0 0 0 0 0 0 0 0 0 0 0 
2006 0 0 0 0 0 0 0 0 0 0 0 0 0 0 0 0 0 0 0 0 0 
2007 0 0 0 0 0 0 0 0 0 0 0 0 0 0 0 0 0 0 0 0 0 
2008 0 0 0 0 0 0 0 0 0 0 0 0 0 0 0 0 0 0 0 0 0 
2009 0 0 0 0 0 0 0 0 0 0 0 0 0 0 0 0 0 0 0 0 0 
2010 0 0 0 0 0 0 0 0 0 0 0 0 0 0 0 0 0 0 0 0 0 
2011 0 0 0 0 0 0 0 0 0 0 0 0 0 0 0 0 0 0 0 0 0 
2012 0 0 0 0 0 0 0 0 0 0 0 0 0 0 0 0 0 0 0 0 0 
2013 0 0 0 0 0 0 0 0 0 0 0 0 0 0 0 0 0 0 0 0 0 
end_table

