@observation HG_age_sample_sim
age_samples_per_cluster 10 
ageing_error age_error 
average_cluster_weight 6 
cluster_cv 0.6 
cluster_sigma 1.1 
fishery_label Fishing_LL 
layer_of_stratum_definitions area_definition 
process_label fishing 
strata_to_include HG 
type mortality_event_biomass_age_clusters 
years 1990 1991 1992 1993 1994 1995 1996 1997 1998 1999 2000 2001 2002 2003 2004 2005 2006 2007 2008 2009 2010 2011 2012 2013 
table obs
1990 0.0473321 0.140779 0.149222 0.20378 0.0159262 0.0318525 0.0477787 0 0 0 0 0 0 0.0807399 0.04037 0.04037 0.0807399 0.0807399 0.04037 0 0 0 0 0 0 0 0 0 0 0 0 0 0 0 0 0 0 0 0 0 
1991 0 0 0 0 0 0 0 0 0.123597 0.0227615 0.0829283 0.0861913 0.123597 0 0.0979826 0.160308 0.0979826 0.0933364 0 0.111316 0 0 0 0 0 0 0 0 0 0 0 0 0 0 0 0 0 0 0 0 
1992 0.172398 0.057466 0.174414 0.127947 0.05954 0.11324 0.175808 0.0794583 0.0397291 0 0 0 0 0 0 0 0 0 0 0 0 0 0 0 0 0 0 0 0 0 0 0 0 0 0 0 0 0 0 0 
1993 0 0 0.0854264 0.488604 0.168674 0.0722847 0.0467868 0 0 0.0460749 0.0307166 0.0307166 0.0307166 0 0 0 0 0 0 0 0 0 0 0 0 0 0 0 0 0 0 0 0 0 0 0 0 0 0 0 
1994 0 0.0695509 0.115918 0.0231836 0 0.223765 0.111882 0 0.0657421 0.10957 0.021914 0 0 0.0230384 0.0691151 0.0230384 0.0230384 0.0230384 0.0230384 0.0230384 0 0 0.0113619 0.0170428 0.0113619 0.0113619 0 0 0 0 0 0 0 0 0 0 0 0 0 0 
1995 0.241284 0 0 0 0.0120832 0.160997 0.0415825 0.100581 0.101718 0.0427193 0.0854385 0.0854385 0.128158 0 0 0 0 0 0 0 0 0 0 0 0 0 0 0 0 0 0 0 0 0 0 0 0 0 0 0 
1996 0.0969557 0.129274 0.151305 0.0697571 0.121899 0.0533014 0.0176153 0.173337 0.0266507 0 0.0533014 0.0266507 0.0533014 0 0.0266507 0 0 0 0 0 0 0 0 0 0 0 0 0 0 0 0 0 0 0 0 0 0 0 0 0 
1997 0 0.00853159 0.116369 0.314981 0.063102 0.106289 0.0177148 0.0966698 0.236865 0.0394775 0 0 0 0 0 0 0 0 0 0 0 0 0 0 0 0 0 0 0 0 0 0 0 0 0 0 0 0 0 0 
1998 0 0.138026 0.0920175 0.184035 0 0 0 0 0.0279924 0.0419886 0 0.0935817 0.11238 0.152831 0.102212 0.036623 0.0183115 0 0 0 0 0 0 0 0 0 0 0 0 0 0 0 0 0 0 0 0 0 0 0 
1999 0.0465988 0.182955 0.0794383 0.0794383 0 0.0419444 0.0209722 0.072625 0.0823333 0.0613611 0.072625 0.0920416 0.0209722 0 0 0 0.0162994 0.0162994 0.0488982 0.0488982 0.0162994 0 0 0 0 0 0 0 0 0 0 0 0 0 0 0 0 0 0 0 
2000 0.0242017 0.0363026 0.0484035 0 0 0.0451343 0.361075 0 0 0 0 0 0 0.134261 0 0 0 0 0 0 0.038958 0.116874 0.038958 0.116874 0.038958 0 0 0 0 0 0 0 0 0 0 0 0 0 0 0 
2001 0.249256 0.254152 0.176811 0.134719 0.0341394 0.0600912 0.0389277 0.0519036 0 0 0 0 0 0 0 0 0 0 0 0 0 0 0 0 0 0 0 0 0 0 0 0 0 0 0 0 0 0 0 0 
2002 0.0878733 0.0702986 0 0.0278792 0.249936 0.017935 0.0089675 0.0089675 0.017935 0 0 0 0.226759 0 0.0566898 0 0.170069 0 0.0566898 0 0 0 0 0 0 0 0 0 0 0 0 0 0 0 0 0 0 0 0 0 
2003 0 0 0.097027 0.248565 0.0415527 0.345342 0.0132087 0.0565122 0.14128 0.0565122 0 0 0 0 0 0 0 0 0 0 0 0 0 0 0 0 0 0 0 0 0 0 0 0 0 0 0 0 0 0 
2004 0.0502015 0.150605 0.072032 0.193723 0.243906 0.0320003 0 0 0 0 0.0858444 0 0.0286148 0.0572296 0.0572296 0.0286148 0 0 0 0 0 0 0 0 0 0 0 0 0 0 0 0 0 0 0 0 0 0 0 0 
2005 0 0.0339601 0.284105 0.330178 0.322763 0.0289938 0 0 0 0 0 0 0 0 0 0 0 0 0 0 0 0 0 0 0 0 0 0 0 0 0 0 0 0 0 0 0 0 0 0 
2006 0.059941 0.0299705 0.0718355 0.221446 0.0297285 0.321696 0.0785512 0.00954712 0.128461 0.0488227 0 0 0 0 0 0 0 0 0 0 0 0 0 0 0 0 0 0 0 0 0 0 0 0 0 0 0 0 0 0 
2007 0.0322053 0.128821 0.167888 0.167888 0.0298347 0.0809186 0.0464263 0 0.0754673 0.125779 0.0251558 0 0 0.0265815 0.0132907 0.0664537 0.0132907 0 0 0 0 0 0 0 0 0 0 0 0 0 0 0 0 0 0 0 0 0 0 0 
2008 0.329244 0.0447624 0.181271 0.00222178 0.0155525 0 0.0300299 0.150149 0.0300299 0 0.0600597 0 0.0174087 0 0.121861 0.0174087 0 0 0 0 0 0 0 0 0 0 0 0 0 0 0 0 0 0 0 0 0 0 0 0 
2009 0 0.0358109 0.107433 0.179054 0 0.075029 0.154438 0.0382445 0.261768 0.148223 0 0 0 0 0 0 0 0 0 0 0 0 0 0 0 0 0 0 0 0 0 0 0 0 0 0 0 0 0 0 
2010 0 0 0.346457 0.0444071 0.0444071 0.106821 0.133408 0.169342 0.0314241 0.0775791 0.015385 0.03077 0 0 0 0 0 0 0 0 0 0 0 0 0 0 0 0 0 0 0 0 0 0 0 0 0 0 0 0 
2011 0 0.0199238 0.0791624 0.802893 0.0592387 0.0193911 0 0.0193911 0 0 0 0 0 0 0 0 0 0 0 0 0 0 0 0 0 0 0 0 0 0 0 0 0 0 0 0 0 0 0 0 
2012 0.0487458 0.44145 0.124508 0.197194 0.169701 0.0184018 0 0 0 0 0 0 0 0 0 0 0 0 0 0 0 0 0 0 0 0 0 0 0 0 0 0 0 0 0 0 0 0 0 0 
2013 0 0.0572372 0.0286186 0.0286186 0.0572372 0.0858557 0.0196824 0.0590473 0.0196824 0.0590473 0.0196824 0.0106484 0.0949675 0.0387548 0.0106484 0.247402 0.130925 0.0212968 0 0.0106484 0 0 0 0 0 0 0 0 0 0 0 0 0 0 0 0 0 0 0 0 
end_table
table error_values
1990 0 0 0 0 0 0 0 0 0 0 0 0 0 0 0 0 0 0 0 0 0 0 0 0 0 0 0 0 0 0 0 0 0 0 0 0 0 0 0 0 
1991 0 0 0 0 0 0 0 0 0 0 0 0 0 0 0 0 0 0 0 0 0 0 0 0 0 0 0 0 0 0 0 0 0 0 0 0 0 0 0 0 
1992 0 0 0 0 0 0 0 0 0 0 0 0 0 0 0 0 0 0 0 0 0 0 0 0 0 0 0 0 0 0 0 0 0 0 0 0 0 0 0 0 
1993 0 0 0 0 0 0 0 0 0 0 0 0 0 0 0 0 0 0 0 0 0 0 0 0 0 0 0 0 0 0 0 0 0 0 0 0 0 0 0 0 
1994 0 0 0 0 0 0 0 0 0 0 0 0 0 0 0 0 0 0 0 0 0 0 0 0 0 0 0 0 0 0 0 0 0 0 0 0 0 0 0 0 
1995 0 0 0 0 0 0 0 0 0 0 0 0 0 0 0 0 0 0 0 0 0 0 0 0 0 0 0 0 0 0 0 0 0 0 0 0 0 0 0 0 
1996 0 0 0 0 0 0 0 0 0 0 0 0 0 0 0 0 0 0 0 0 0 0 0 0 0 0 0 0 0 0 0 0 0 0 0 0 0 0 0 0 
1997 0 0 0 0 0 0 0 0 0 0 0 0 0 0 0 0 0 0 0 0 0 0 0 0 0 0 0 0 0 0 0 0 0 0 0 0 0 0 0 0 
1998 0 0 0 0 0 0 0 0 0 0 0 0 0 0 0 0 0 0 0 0 0 0 0 0 0 0 0 0 0 0 0 0 0 0 0 0 0 0 0 0 
1999 0 0 0 0 0 0 0 0 0 0 0 0 0 0 0 0 0 0 0 0 0 0 0 0 0 0 0 0 0 0 0 0 0 0 0 0 0 0 0 0 
2000 0 0 0 0 0 0 0 0 0 0 0 0 0 0 0 0 0 0 0 0 0 0 0 0 0 0 0 0 0 0 0 0 0 0 0 0 0 0 0 0 
2001 0 0 0 0 0 0 0 0 0 0 0 0 0 0 0 0 0 0 0 0 0 0 0 0 0 0 0 0 0 0 0 0 0 0 0 0 0 0 0 0 
2002 0 0 0 0 0 0 0 0 0 0 0 0 0 0 0 0 0 0 0 0 0 0 0 0 0 0 0 0 0 0 0 0 0 0 0 0 0 0 0 0 
2003 0 0 0 0 0 0 0 0 0 0 0 0 0 0 0 0 0 0 0 0 0 0 0 0 0 0 0 0 0 0 0 0 0 0 0 0 0 0 0 0 
2004 0 0 0 0 0 0 0 0 0 0 0 0 0 0 0 0 0 0 0 0 0 0 0 0 0 0 0 0 0 0 0 0 0 0 0 0 0 0 0 0 
2005 0 0 0 0 0 0 0 0 0 0 0 0 0 0 0 0 0 0 0 0 0 0 0 0 0 0 0 0 0 0 0 0 0 0 0 0 0 0 0 0 
2006 0 0 0 0 0 0 0 0 0 0 0 0 0 0 0 0 0 0 0 0 0 0 0 0 0 0 0 0 0 0 0 0 0 0 0 0 0 0 0 0 
2007 0 0 0 0 0 0 0 0 0 0 0 0 0 0 0 0 0 0 0 0 0 0 0 0 0 0 0 0 0 0 0 0 0 0 0 0 0 0 0 0 
2008 0 0 0 0 0 0 0 0 0 0 0 0 0 0 0 0 0 0 0 0 0 0 0 0 0 0 0 0 0 0 0 0 0 0 0 0 0 0 0 0 
2009 0 0 0 0 0 0 0 0 0 0 0 0 0 0 0 0 0 0 0 0 0 0 0 0 0 0 0 0 0 0 0 0 0 0 0 0 0 0 0 0 
2010 0 0 0 0 0 0 0 0 0 0 0 0 0 0 0 0 0 0 0 0 0 0 0 0 0 0 0 0 0 0 0 0 0 0 0 0 0 0 0 0 
2011 0 0 0 0 0 0 0 0 0 0 0 0 0 0 0 0 0 0 0 0 0 0 0 0 0 0 0 0 0 0 0 0 0 0 0 0 0 0 0 0 
2012 0 0 0 0 0 0 0 0 0 0 0 0 0 0 0 0 0 0 0 0 0 0 0 0 0 0 0 0 0 0 0 0 0 0 0 0 0 0 0 0 
2013 0 0 0 0 0 0 0 0 0 0 0 0 0 0 0 0 0 0 0 0 0 0 0 0 0 0 0 0 0 0 0 0 0 0 0 0 0 0 0 0 
end_table

