@observation HG_age_sample_sim
age_samples_per_cluster 10 
ageing_error age_error 
average_cluster_weight 6 
cluster_cv 0.6 
cluster_sigma 1.1 
fishery_label Fishing_LL 
layer_of_stratum_definitions area_definition 
max_age 20 
min_age 0 
process_label fishing 
strata_to_include HG 
type mortality_event_biomass_age_clusters 
years 1990 1991 1992 1993 1994 1995 1996 1997 1998 1999 2000 2001 2002 2003 2004 2005 2006 2007 2008 2009 2010 2011 2012 2013 
table obs
1990 0 0.00175553 0.00558378 0.0247243 0.0743346 0.0594805 0.0753941 0.0755144 0.0950289 0.118373 0.0969569 0.0977077 0.0339876 0.0263545 0.0339634 0.0203748 0.0041958 0.0211789 0.0113822 0.0253851 0.0983238 
1991 0 0.00814853 0.0274557 0.102177 0.137037 0.0915593 0.0660718 0.0505944 0.0441461 0.0509988 0.052893 0.0239495 0.0448946 0.0374761 0.0357747 0.0184257 0.0152417 0.00558868 0.0161403 0.00573026 0.165697 
1992 0 0.00792426 0.0223627 0.0674544 0.086946 0.0864972 0.0874266 0.0742636 0.0643266 0.0505485 0.0475091 0.0510995 0.017163 0.0170232 0.00848068 0.0187193 0.019952 0.0256811 0.0243678 0.0243727 0.197882 
1993 0 0.00505593 0.00183702 0.0689345 0.0761639 0.0391708 0.0602444 0.0634713 0.0577787 0.0440889 0.0460874 0.0488038 0.0374752 0.0693452 0.0542332 0.0600183 0.0266184 0.012764 0.0253128 0.0177234 0.184873 
1994 0 0.00318087 0.0137647 0.0158385 0.0984183 0.121716 0.108618 0.0906577 0.0700886 0.0413671 0.0241781 0.038671 0.0225717 0.0234518 0.042194 0.0373056 0.0422106 0.037291 0.0160296 0.0286165 0.12383 
1995 0 0.0124308 0.0445476 0.055117 0.0209091 0.0856332 0.112071 0.107005 0.0904676 0.0559707 0.0524761 0.0358654 0.024189 0.048426 0.0304748 0.0136951 0.0218932 0.00951401 0.0202298 0.0260075 0.133078 
1996 0 0.0112692 0.050132 0.0544496 0.097313 0.0291391 0.12501 0.0381406 0.0343252 0.0285639 0.0312523 0.0250509 0.0558296 0.0249075 0.0293631 0.0180481 0.0208901 0.0543051 0.0317964 0.0118967 0.228318 
1997 0 0.00311634 0.0239018 0.148296 0.0969144 0.120093 0.0334474 0.132157 0.0717455 0.0373365 0.0353758 0.0420342 0.0214255 0.0149813 0.00929044 0.00845709 0.0166393 0.0135725 0.0294131 0.0210591 0.120744 
1998 0 0.0076402 0.0179134 0.0540969 0.153302 0.0555446 0.053679 0.0120694 0.103111 0.0702095 0.0372966 0.0666888 0.0351541 0.0220554 0.0370868 0.029677 0.0216614 0.0135143 0.0131752 0.0175176 0.178607 
1999 0 0.0756024 0.0596364 0.0672017 0.0738667 0.0994891 0.0508663 0.0376441 0.036639 0.0837061 0.0404428 0.0334423 0.0445189 0.0342317 0.0271276 0.0427994 0.00763708 0.0101861 0.0245862 0.018215 0.132161 
2000 0 0.0255759 0.0936055 0.0709186 0.0925551 0.125049 0.125632 0.0367843 0.0686715 0.0410086 0.0326598 0.0607661 0.0180633 0.0163709 0.00965138 0.0113912 0.004795 0.00948524 0.0203431 0.0232551 0.113419 
2001 0 0.0165499 0.0617204 0.208023 0.132911 0.0520882 0.126969 0.107167 0.0145719 0.0247429 0.00786077 0.0375402 0.0143138 0.027128 0.028939 0.0164789 0.0209927 0.023773 0.0118614 0.000949501 0.0654194 
2002 0 0.0218755 0.0828943 0.0787114 0.236764 0.125069 0.081371 0.043747 0.0694432 0.0194491 0.0351418 0.0161486 0.0307111 0.00926099 0.0171737 0.0211668 0.0204817 0.0145508 0.00622157 0.0162498 0.0535695 
2003 0 0.014688 0.0799259 0.0797418 0.109792 0.182454 0.0705493 0.0380792 0.0641282 0.0556364 0.0215064 0.0336319 0.00552301 0.0806579 0.0402805 0.0282491 0.00244798 0.00244798 0.000685532 0.00354081 0.0860335 
2004 0 0.0639124 0.0410941 0.173999 0.137244 0.0657893 0.100049 0.0692667 0.0218297 0.0390719 0.0401198 0.00260596 0.00599304 0.0027943 0.0610857 0.0424151 0.0238241 0.014413 0.00537094 0.000816143 0.0883065 
2005 0 0.00155498 0.0458607 0.0421237 0.143919 0.106408 0.0711551 0.11496 0.0347495 0.0333448 0.0264135 0.0520747 0.0438334 0.0964933 0.0258339 0.039061 0.00988276 0.00578776 0.00970432 0.00376939 0.0930702 
2006 0 0 0.0186875 0.096988 0.125628 0.246019 0.145968 0.0778514 0.122291 0.0183471 0.0137764 0.0219616 0.0346831 0.00469973 0.000580284 0 0.0027813 0 0 0.00556259 0.0641746 
2007 0 0.000743034 0.000350441 0.00415096 0.015603 0.00906218 0.0110285 0.00527602 0.00319735 0.00492426 0.0021354 0.000646632 0.00167442 0.00208763 0.000667091 0.000880369 0.00116734 0.00199345 0.00089151 0.00168378 0.931837 
2008 0 0 0.0227434 0.0148851 0.118149 0.181488 0.0897887 0.219821 0.0813831 0.0297055 0.0486144 0.0341758 0.0167278 0.00488051 0.020703 0.00686922 0.00992629 0.00190246 0.0035116 0.00585497 0.0888709 
2009 0 0.00969563 0.0176006 0.0468862 0.0324214 0.149742 0.210707 0.0617025 0.0965281 0.0539575 0.0300947 0.137906 0.0229988 0.0131062 0.0170881 0.0348027 0.0230758 0.00417287 0.00625931 0.00454455 0.0267108 
2010 0 0 0.131676 0.0710101 0.126067 0.0357853 0.105152 0.126337 0.0646599 0.105144 0.0431453 0.0230998 0.0698254 0.0162678 0.00988629 0.00561852 0.0141398 0.00252289 0.00123778 0 0.0484241 
2011 0 0.0268453 0.0229191 0.204867 0.0887301 0.090327 0.0258369 0.0510652 0.149972 0.0326457 0.0766353 0.0446965 0.0222176 0.0571412 0.0289773 0.00794102 0.00746964 0.0108787 0.00588213 0.00364542 0.0413079 
2012 0 0.0340927 0.0393076 0.0600761 0.253621 0.116651 0.0579063 0.0289213 0.0718786 0.0520573 0.021569 0.0427429 0.0300308 0.0394723 0.0597662 0.023016 0.0266797 0.00677927 0.00677927 0.00351926 0.0251336 
2013 0 0.00487715 0.0683263 0.0424518 0.0777301 0.310212 0.0378724 0.0532382 0.0144695 0.0415445 0.0915453 0.0409726 0.0379587 0.0385964 0.0254709 0.0443949 0.0100627 0.0167907 0.00206206 0.0118685 0.0295554 
end_table
table error_values
1990 0 0 0 0 0 0 0 0 0 0 0 0 0 0 0 0 0 0 0 0 0 
1991 0 0 0 0 0 0 0 0 0 0 0 0 0 0 0 0 0 0 0 0 0 
1992 0 0 0 0 0 0 0 0 0 0 0 0 0 0 0 0 0 0 0 0 0 
1993 0 0 0 0 0 0 0 0 0 0 0 0 0 0 0 0 0 0 0 0 0 
1994 0 0 0 0 0 0 0 0 0 0 0 0 0 0 0 0 0 0 0 0 0 
1995 0 0 0 0 0 0 0 0 0 0 0 0 0 0 0 0 0 0 0 0 0 
1996 0 0 0 0 0 0 0 0 0 0 0 0 0 0 0 0 0 0 0 0 0 
1997 0 0 0 0 0 0 0 0 0 0 0 0 0 0 0 0 0 0 0 0 0 
1998 0 0 0 0 0 0 0 0 0 0 0 0 0 0 0 0 0 0 0 0 0 
1999 0 0 0 0 0 0 0 0 0 0 0 0 0 0 0 0 0 0 0 0 0 
2000 0 0 0 0 0 0 0 0 0 0 0 0 0 0 0 0 0 0 0 0 0 
2001 0 0 0 0 0 0 0 0 0 0 0 0 0 0 0 0 0 0 0 0 0 
2002 0 0 0 0 0 0 0 0 0 0 0 0 0 0 0 0 0 0 0 0 0 
2003 0 0 0 0 0 0 0 0 0 0 0 0 0 0 0 0 0 0 0 0 0 
2004 0 0 0 0 0 0 0 0 0 0 0 0 0 0 0 0 0 0 0 0 0 
2005 0 0 0 0 0 0 0 0 0 0 0 0 0 0 0 0 0 0 0 0 0 
2006 0 0 0 0 0 0 0 0 0 0 0 0 0 0 0 0 0 0 0 0 0 
2007 0 0 0 0 0 0 0 0 0 0 0 0 0 0 0 0 0 0 0 0 0 
2008 0 0 0 0 0 0 0 0 0 0 0 0 0 0 0 0 0 0 0 0 0 
2009 0 0 0 0 0 0 0 0 0 0 0 0 0 0 0 0 0 0 0 0 0 
2010 0 0 0 0 0 0 0 0 0 0 0 0 0 0 0 0 0 0 0 0 0 
2011 0 0 0 0 0 0 0 0 0 0 0 0 0 0 0 0 0 0 0 0 0 
2012 0 0 0 0 0 0 0 0 0 0 0 0 0 0 0 0 0 0 0 0 0 
2013 0 0 0 0 0 0 0 0 0 0 0 0 0 0 0 0 0 0 0 0 0 
end_table

