@observation HG_age_sample_sim
age_samples_per_cluster 10 
ageing_error age_error 
average_cluster_weight 6 
cluster_cv 0.6 
cluster_sigma 1.1 
fishery_label Fishing_LL 
layer_of_stratum_definitions area_definition 
max_age 20 
min_age 0 
process_label fishing 
strata_to_include HG 
type mortality_event_biomass_age_clusters 
years 1990 1991 1992 1993 1994 1995 1996 1997 1998 1999 2000 2001 2002 2003 2004 2005 2006 2007 2008 2009 2010 2011 2012 2013 
table obs
1990 0 0.00620303 0.0636973 0.0610208 0.0761672 0.0513544 0.0700209 0.0782702 0.0834378 0.0752079 0.0284428 0.0612367 0.061617 0.0660504 0.0508414 0.0184977 0.03537 0.0559554 0.00978891 0.00914782 0.0376723 
1991 0 0.010009 0.0587141 0.0720822 0.0463217 0.0797309 0.0637447 0.114997 0.0443291 0.0549578 0.0433688 0.031999 0.0419178 0.028039 0.0305909 0.0426975 0.0267348 0.0312045 0.0145977 0.00479887 0.159165 
1992 0 0 0.0118948 0.0827475 0.100319 0.0874297 0.0623878 0.0567751 0.0536969 0.0270017 0.0317721 0.057043 0.0662919 0.0407106 0.03117 0.035921 0.0508012 0.0186117 0.00919607 0.00605773 0.170172 
1993 0 0.00867559 0.00691313 0.133109 0.115195 0.0921336 0.0645925 0.0680888 0.0348806 0.0731876 0.0353991 0.0713722 0.0642078 0.0301341 0.0348166 0.0400318 0.0145474 0.0127036 0.0175119 0.00670299 0.0757965 
1994 0 0.0117283 0.0264333 0.0453943 0.115633 0.127351 0.096853 0.0587937 0.067221 0.0401487 0.0182763 0.0166077 0.0199424 0.0422012 0.0616887 0.0572748 0.030637 0.0334398 0.0256351 0.0164884 0.0882524 
1995 0 0.0156587 0.0134549 0.062465 0.0231499 0.090929 0.111652 0.102607 0.0542651 0.072092 0.0562958 0.0548529 0.0289113 0.0333884 0.0400921 0.0201169 0.0226217 0.0127109 0.0131674 0.0196696 0.1519 
1996 0 0.00139654 0.1129 0.158722 0.083247 0.0263198 0.0664045 0.0581838 0.0432925 0.0150639 0.0320438 0.0183611 0.0284573 0.0485621 0.117813 0.0441924 0.0233055 0.0167496 0.0255156 0.00638316 0.0730854 
1997 0 0.0107398 0.0363545 0.105505 0.0952266 0.10663 0.0557255 0.0871496 0.0578339 0.029694 0.0208202 0.017724 0.0181808 0.0347274 0.0405563 0.0226862 0.0188595 0.0103725 0.0280149 0.0195339 0.183665 
1998 0 0.0202418 0.0205712 0.0802462 0.111434 0.0561072 0.0963075 0.0129413 0.102551 0.0542934 0.0641443 0.0789613 0.0835814 0.0373418 0.0362727 0.0196373 0.00710775 0.00619507 0.00424997 0.00635333 0.101461 
1999 0 0.0486575 0.0421156 0.0331411 0.120145 0.112596 0.0479985 0.0328489 0.0121766 0.0544738 0.108443 0.0687865 0.0367264 0.0168329 0.0368418 0.0452621 0.0338609 0.0246854 0.0154593 0.0293654 0.0795841 
2000 0 0.0128639 0.066305 0.0961297 0.0908116 0.101566 0.0831661 0.0341469 0.0376393 0.00875579 0.100308 0.0645827 0.0422817 0.0316685 0.0176041 0.0490076 0.0443545 0.0163417 0.00977532 0.00317867 0.0895131 
2001 0 0.0178274 0.0384323 0.207409 0.146143 0.0473289 0.0710318 0.0900422 0.0290507 0.0394021 0.0208074 0.017526 0.0450574 0.0294273 0.0264434 0.00976926 0.00494961 0.00533856 0.0248936 0.0149964 0.114124 
2002 0 0.00359591 0.048837 0.0877049 0.338329 0.136945 0.030468 0.0367056 0.0334545 0.0208838 0.00346636 0 0.0313853 0.0302528 0.0145838 0.00400319 0.00814429 0.00814377 0.0114297 0.00886536 0.142801 
2003 0 0 0.0398333 0.115692 0.0924367 0.162458 0.0767098 0.0657834 0.0920644 0.154388 0.0196551 0.0293376 0.00157774 0.0126094 0.00376546 0.00875235 0.00550222 0.00744365 0.00676741 0.00995502 0.0952677 
2004 0 0.0158983 0.045034 0.181093 0.194413 0.129544 0.171331 0.0725619 0.0245141 0.025222 0.0225944 0.00181731 0.0056557 0.00182232 0.0158818 0.00841257 0.00337082 0.00521205 0.0116602 0.00127351 0.0626885 
2005 0 0.0199793 0.0512807 0.0537589 0.243339 0.124934 0.0930407 0.0868063 0.0465609 0.0383654 0.0265976 0.0266747 0.008346 0.0297887 0.0148942 0.0116001 0.00226648 0.00906591 0.00626475 0.00479727 0.101639 
2006 0 0.00494341 0.0390507 0.121475 0.108588 0.175273 0.0805198 0.0578717 0.0812399 0.0660945 0.0223887 0.020112 0.033642 0.00803819 0.0156783 0.0138421 0.0138182 0.00416175 0.0103892 0.00901054 0.113864 
2007 0 0.00317832 0.00170636 0.0181006 0.029723 0.0167392 0.0214518 0.0127893 0.0059676 0.0128098 0.00286852 0.00288627 0.00192116 0.000694987 0.000170554 0 0.000539556 0.000170554 0.000198448 0.000396897 0.867687 
2008 0 0.0299326 0.0202628 0.00826848 0.132956 0.15646 0.102082 0.136899 0.0814301 0.0434912 0.0871751 0.0243753 0.0139157 0.0133313 0.0302104 0.00553929 0.0142637 0.00828238 0.0112305 0.0138931 0.0660013 
2009 0 0.0436823 0.0555141 0.133719 0.0357192 0.148718 0.201048 0.0626764 0.0613228 0.0616429 0.0343043 0.0505991 0.0243329 0.00934082 0.00385981 0.00922496 0.00951127 0.0115843 0 0.0271487 0.0160503 
2010 0 0.00416822 0.122126 0.0419679 0.113108 0.0290772 0.124842 0.148172 0.0325267 0.123395 0.0742372 0.0379923 0.0327954 0.00306576 0.00755839 0.0177188 0.0313755 0.011067 0.00153818 0.00335905 0.0399095 
2011 0 0 0.0077212 0.223489 0.0778337 0.0928559 0.0189868 0.0306427 0.084679 0.0621854 0.0683068 0.103368 0.0542024 0.0770357 0.0131173 0.00814403 0.00640418 0.00395818 0.00314143 0.00150794 0.0624202 
2012 0 0.0374175 0.0350986 0.0799315 0.290849 0.0769416 0.0467704 0.026793 0.0418155 0.0729897 0.014651 0.0821998 0.0342661 0.0300222 0.0644108 0.0110462 0 0 0.00220866 0.0025282 0.0500601 
2013 0 0.0238825 0.0739941 0.0748864 0.0824324 0.336287 0.0405079 0.0550968 0.023099 0.0389989 0.0360606 0.0285357 0.0478267 0.0377274 0.0298419 0.0310146 0.0157392 0.00915702 0 0.00195728 0.0129545 
end_table
table error_values
1990 0 0 0 0 0 0 0 0 0 0 0 0 0 0 0 0 0 0 0 0 0 
1991 0 0 0 0 0 0 0 0 0 0 0 0 0 0 0 0 0 0 0 0 0 
1992 0 0 0 0 0 0 0 0 0 0 0 0 0 0 0 0 0 0 0 0 0 
1993 0 0 0 0 0 0 0 0 0 0 0 0 0 0 0 0 0 0 0 0 0 
1994 0 0 0 0 0 0 0 0 0 0 0 0 0 0 0 0 0 0 0 0 0 
1995 0 0 0 0 0 0 0 0 0 0 0 0 0 0 0 0 0 0 0 0 0 
1996 0 0 0 0 0 0 0 0 0 0 0 0 0 0 0 0 0 0 0 0 0 
1997 0 0 0 0 0 0 0 0 0 0 0 0 0 0 0 0 0 0 0 0 0 
1998 0 0 0 0 0 0 0 0 0 0 0 0 0 0 0 0 0 0 0 0 0 
1999 0 0 0 0 0 0 0 0 0 0 0 0 0 0 0 0 0 0 0 0 0 
2000 0 0 0 0 0 0 0 0 0 0 0 0 0 0 0 0 0 0 0 0 0 
2001 0 0 0 0 0 0 0 0 0 0 0 0 0 0 0 0 0 0 0 0 0 
2002 0 0 0 0 0 0 0 0 0 0 0 0 0 0 0 0 0 0 0 0 0 
2003 0 0 0 0 0 0 0 0 0 0 0 0 0 0 0 0 0 0 0 0 0 
2004 0 0 0 0 0 0 0 0 0 0 0 0 0 0 0 0 0 0 0 0 0 
2005 0 0 0 0 0 0 0 0 0 0 0 0 0 0 0 0 0 0 0 0 0 
2006 0 0 0 0 0 0 0 0 0 0 0 0 0 0 0 0 0 0 0 0 0 
2007 0 0 0 0 0 0 0 0 0 0 0 0 0 0 0 0 0 0 0 0 0 
2008 0 0 0 0 0 0 0 0 0 0 0 0 0 0 0 0 0 0 0 0 0 
2009 0 0 0 0 0 0 0 0 0 0 0 0 0 0 0 0 0 0 0 0 0 
2010 0 0 0 0 0 0 0 0 0 0 0 0 0 0 0 0 0 0 0 0 0 
2011 0 0 0 0 0 0 0 0 0 0 0 0 0 0 0 0 0 0 0 0 0 
2012 0 0 0 0 0 0 0 0 0 0 0 0 0 0 0 0 0 0 0 0 0 
2013 0 0 0 0 0 0 0 0 0 0 0 0 0 0 0 0 0 0 0 0 0 
end_table

