@observation HG_age_sample_sim
age_samples_per_cluster 10 
ageing_error age_error 
average_cluster_weight 6 
cluster_cv 0.6 
cluster_sigma 1.1 
fishery_label Fishing_LL 
layer_of_stratum_definitions area_definition 
max_age 20 
min_age 0 
process_label fishing 
strata_to_include HG 
type mortality_event_biomass_age_clusters 
years 1990 1991 1992 1993 1994 1995 1996 1997 1998 1999 2000 2001 2002 2003 2004 2005 2006 2007 2008 2009 2010 2011 2012 2013 
table obs
1990 0 0.0100904 0.0205391 0.0503351 0.123449 0.0805651 0.0747988 0.0662128 0.0751468 0.0471781 0.0369558 0.0688535 0.0348402 0.0354813 0.0204898 0.020785 0.0480346 0.0257239 0.00696539 0.0200506 0.133504 
1991 0 0.0102962 0.0313769 0.0954405 0.0962935 0.0909343 0.109825 0.057256 0.0472043 0.030383 0.0459173 0.0582438 0.0439193 0.0103935 0.0279987 0.0134276 0.0204696 0.01308 0.0250265 0.0551094 0.117404 
1992 0 0 0.0116954 0.0247292 0.0694022 0.074652 0.0857121 0.0829393 0.058419 0.0506268 0.060699 0.0365181 0.0605053 0.053483 0.0627605 0.0515368 0.0294114 0.0184253 0.0243993 0.00289492 0.14119 
1993 0 0.00124375 0.0191997 0.169064 0.139228 0.133352 0.0742042 0.0714058 0.0294491 0.0254935 0.0409662 0.045993 0.0460715 0.0120342 0.0169983 0.00968229 0.0185701 0.0178443 0.0168799 0.0114147 0.100906 
1994 0 0 0.00247304 0.0239775 0.12331 0.0893461 0.0707699 0.100349 0.0817171 0.0925422 0.0883666 0.0379861 0.0664366 0.0507478 0.0163103 0.0130002 0.00915887 0.00892304 0.00839861 0.00446495 0.111722 
1995 0 0 0.00488834 0.0763738 0.0570718 0.09903 0.0995988 0.0849468 0.0731765 0.0550701 0.0502168 0.0576376 0.0594707 0.0437651 0.0301227 0.022433 0.0241613 0.0233123 0.00516675 0.0124585 0.121099 
1996 0 0.00121456 0.0314989 0.0672128 0.0843669 0.0383027 0.123923 0.0952706 0.0750921 0.0762297 0.0588167 0.0554407 0.0271644 0.0242704 0.0259627 0.0165199 0.0257816 0.0255646 0.0305172 0.0254382 0.0914125 
1997 0 0 0.044328 0.170868 0.104394 0.0969198 0.0398948 0.102966 0.0355039 0.049988 0.0382809 0.029263 0.0223423 0.0142774 0.0226188 0.0219547 0.031767 0.0237175 0.0165752 0.00801617 0.126324 
1998 0 0.0279637 0.022268 0.0532808 0.187997 0.0546967 0.0832427 0.0343146 0.103084 0.0719647 0.0602367 0.043927 0.0259159 0.0134307 0.0162239 0.00816634 0.0113527 0.0287068 0.0156074 0.0259265 0.111694 
1999 0 0.0207094 0.0487914 0.0508799 0.101182 0.0768716 0.0356641 0.063707 0.0245619 0.0751605 0.0320508 0.0247047 0.0386872 0.0407883 0.0349822 0.0314249 0.0149565 0.0239667 0.0176049 0.0607022 0.182604 
2000 0 0.00411201 0.0936312 0.121835 0.116988 0.146952 0.155411 0.0752786 0.0516887 0.0120501 0.0457963 0.0433567 0.0334576 0.0156154 0.0168262 0.00342222 0.00132995 0.00903417 0.00636319 0 0.0468518 
2001 0 0.0347668 0.0339624 0.283638 0.135674 0.0903265 0.0440086 0.0752866 0.0325549 0.0379677 0.0126787 0.0457485 0.0247084 0.00961542 0.00814115 0.0167474 0.00823828 0.0137231 0.00905392 0.01266 0.0704995 
2002 0 0.0223405 0.07238 0.0603077 0.239788 0.0817825 0.0684725 0.0547702 0.0645201 0.0390715 0.0183585 0.0185199 0.0377735 0.0241696 0.0284538 0.0228701 0.0400862 0.0209392 0.00989503 0.00424121 0.0712602 
2003 0 0.00200582 0.0943585 0.0875033 0.0930425 0.24082 0.0469033 0.0374029 0.0233972 0.0404498 0.0126437 0.047706 0.00267657 0.0190631 0.0258853 0.032225 0.0436421 0.0221392 0.00893219 0.010893 0.10831 
2004 0 0.0301375 0.0262813 0.188351 0.152263 0.103764 0.219491 0.0274161 0.00874793 0.0282355 0.0395875 0.00776066 0.0192325 0.00771569 0.0182387 0.00367069 0.0294641 0.0261587 0.0218467 0.00570188 0.035936 
2005 0 0.0171395 0.0494822 0.0648581 0.169038 0.122868 0.0888628 0.125696 0.0518721 0.0429802 0.0456385 0.0336393 0.0130393 0.0133476 0.00444921 0.0156156 0.00350495 0.0213805 0.0120686 0.000916099 0.103603 
2006 0 0.00264944 0.0549206 0.119095 0.0997742 0.185219 0.104499 0.0585249 0.147552 0.0319657 0.0182978 0.0125069 0.00870176 0.00751344 0.00758638 0 0.00857443 0.00909217 0.026462 0.00577925 0.0912854 
2007 0 0.00356792 0.00266114 0.0137704 0.0204856 0.00824139 0.0206887 0.0108909 0.00609034 0.0143887 0.0053088 0.00308145 0.00240549 0.00167411 0.000268436 0.000515203 0.000268436 0.00103375 0.492061 0 0.392598 
2008 0 0.012795 0.0314196 0.0418513 0.0743762 0.182338 0.0909948 0.138394 0.0689131 0.0580385 0.129197 0.0368537 0.0330734 0.0187231 0.0306638 0.0219351 0.00866905 0.000890677 0.00513288 0.00207186 0.0136687 
2009 0 0.0505796 0.0244904 0.0798387 0.0263954 0.149636 0.208582 0.077808 0.110081 0.0597586 0.0293028 0.0705367 0.0200539 0.00582867 0.0102902 0.00207009 0.021849 0.00787267 0.00165251 0.0114376 0.0319367 
2010 0 0.0061804 0.0973825 0.0408444 0.0917396 0.0409679 0.0843456 0.110086 0.07564 0.115641 0.0517348 0.0714047 0.0649368 0.0201916 0.0079442 0.0196882 0.0110194 0.0161644 0.00239642 0.00186591 0.0698266 
2011 0 0.00512356 0.0569039 0.198177 0.0409224 0.0863905 0.0312797 0.0772824 0.120538 0.0278494 0.0366599 0.0624883 0.0264086 0.0539351 0.0335185 0.0173051 0.0167838 0.0368009 0.00594677 0 0.0656862 
2012 0 0.00504829 0.0125137 0.0216506 0.271714 0.044045 0.0613479 0.0278963 0.0764435 0.0986937 0.0377759 0.0798865 0.0416866 0.0197656 0.0510695 0.0251893 0.0419498 0.0294327 0.0246224 0.00574087 0.0235278 
2013 0 0.00632174 0.0363304 0.0455924 0.0709741 0.357676 0.0343608 0.0332261 0.0387824 0.0425977 0.0898025 0.0214101 0.0563074 0.0379406 0.0391492 0.0487042 0.00729518 0.0097977 0.00489885 0 0.0188327 
end_table
table error_values
1990 0 0 0 0 0 0 0 0 0 0 0 0 0 0 0 0 0 0 0 0 0 
1991 0 0 0 0 0 0 0 0 0 0 0 0 0 0 0 0 0 0 0 0 0 
1992 0 0 0 0 0 0 0 0 0 0 0 0 0 0 0 0 0 0 0 0 0 
1993 0 0 0 0 0 0 0 0 0 0 0 0 0 0 0 0 0 0 0 0 0 
1994 0 0 0 0 0 0 0 0 0 0 0 0 0 0 0 0 0 0 0 0 0 
1995 0 0 0 0 0 0 0 0 0 0 0 0 0 0 0 0 0 0 0 0 0 
1996 0 0 0 0 0 0 0 0 0 0 0 0 0 0 0 0 0 0 0 0 0 
1997 0 0 0 0 0 0 0 0 0 0 0 0 0 0 0 0 0 0 0 0 0 
1998 0 0 0 0 0 0 0 0 0 0 0 0 0 0 0 0 0 0 0 0 0 
1999 0 0 0 0 0 0 0 0 0 0 0 0 0 0 0 0 0 0 0 0 0 
2000 0 0 0 0 0 0 0 0 0 0 0 0 0 0 0 0 0 0 0 0 0 
2001 0 0 0 0 0 0 0 0 0 0 0 0 0 0 0 0 0 0 0 0 0 
2002 0 0 0 0 0 0 0 0 0 0 0 0 0 0 0 0 0 0 0 0 0 
2003 0 0 0 0 0 0 0 0 0 0 0 0 0 0 0 0 0 0 0 0 0 
2004 0 0 0 0 0 0 0 0 0 0 0 0 0 0 0 0 0 0 0 0 0 
2005 0 0 0 0 0 0 0 0 0 0 0 0 0 0 0 0 0 0 0 0 0 
2006 0 0 0 0 0 0 0 0 0 0 0 0 0 0 0 0 0 0 0 0 0 
2007 0 0 0 0 0 0 0 0 0 0 0 0 0 0 0 0 0 0 0 0 0 
2008 0 0 0 0 0 0 0 0 0 0 0 0 0 0 0 0 0 0 0 0 0 
2009 0 0 0 0 0 0 0 0 0 0 0 0 0 0 0 0 0 0 0 0 0 
2010 0 0 0 0 0 0 0 0 0 0 0 0 0 0 0 0 0 0 0 0 0 
2011 0 0 0 0 0 0 0 0 0 0 0 0 0 0 0 0 0 0 0 0 0 
2012 0 0 0 0 0 0 0 0 0 0 0 0 0 0 0 0 0 0 0 0 0 
2013 0 0 0 0 0 0 0 0 0 0 0 0 0 0 0 0 0 0 0 0 0 
end_table

