@observation HG_age_sample_sim
age_samples_per_cluster 10 
ageing_error age_error 
average_cluster_weight 6 
cluster_cv 0.6 
cluster_sigma 1.1 
fishery_label Fishing_LL 
layer_of_stratum_definitions area_definition 
max_age 20 
min_age 0 
process_label fishing 
strata_to_include HG 
type mortality_event_biomass_age_clusters 
years 1990 1991 1992 1993 1994 1995 1996 1997 1998 1999 2000 2001 2002 2003 2004 2005 2006 2007 2008 2009 2010 2011 2012 2013 
table obs
1990 0 0 0.0400934 0.0675065 0.0741999 0.0838403 0.0971518 0.0732857 0.0565727 0.0411221 0.0325362 0.050945 0.059747 0.0382235 0.027574 0.0132607 0.0319662 0.0452822 0.0324292 0.040611 0.0936527 
1991 0 0.0329892 0.0392199 0.0637733 0.101498 0.111013 0.0893089 0.0776984 0.0654188 0.0577196 0.0465144 0.0428387 0.0269274 0.0310401 0.0157407 0.0208634 0.0112336 0.0128654 0.0185755 0.000699731 0.134063 
1992 0 0 0.0364175 0.0426781 0.121969 0.121134 0.10703 0.0811934 0.086406 0.0626636 0.0549251 0.028764 0.0291274 0.0229576 0.0378301 0.0346094 0.0232775 0.00793234 0.0123387 0.0151577 0.0735881 
1993 0 0.00648684 0.00935921 0.106138 0.0933205 0.0752889 0.083853 0.126575 0.090261 0.0493674 0.0448177 0.0404406 0.0642642 0.0520328 0.0300438 0.0119495 0.0070164 0.00261225 0.00120457 0.00240915 0.102559 
1994 0 0.0058631 0.0512102 0.0489317 0.125929 0.0987255 0.128869 0.0930605 0.0792311 0.0661373 0.0468756 0.0290157 0.0222746 0.0416368 0.0119635 0.0108879 0.0304846 0.00729662 0.00370353 0.00472285 0.0931818 
1995 0 0.00956171 0.0115668 0.0396554 0.0575683 0.127126 0.0967824 0.0796376 0.0628366 0.0255704 0.029019 0.0239327 0.0469689 0.055883 0.0454981 0.0291384 0.0264123 0.0632719 0.0246373 0.016864 0.128069 
1996 0 0.00100636 0.0357537 0.0756437 0.0735984 0.046865 0.105127 0.0859099 0.103965 0.0556921 0.0349293 0.0438158 0.0442064 0.062957 0.0467912 0.0178259 0.0133711 0.0246091 0.0156068 0.0161773 0.096148 
1997 0 0.00209098 0.0750816 0.0993324 0.0928817 0.117065 0.0460188 0.055707 0.0483214 0.0424942 0.0240957 0.0268664 0.0434271 0.0295608 0.032413 0.019527 0.0133987 0.00883149 0.0165545 0.0100328 0.196299 
1998 0 0.026656 0.0478983 0.118309 0.163359 0.0323917 0.0605909 0.0154835 0.0843058 0.0485756 0.0404362 0.0397043 0.0152236 0.0176894 0.0354066 0.0368102 0.0482806 0.0313246 0.0840737 0.0103361 0.0431454 
1999 0 0.0269246 0.0319561 0.0501631 0.13494 0.170766 0.0334938 0.059637 0.0409369 0.040274 0.0118988 0.0154157 0.0197479 0.0298184 0.025665 0.0331608 0.0316309 0.0116407 0.0188282 0.018969 0.194133 
2000 0 0.009359 0.0766388 0.0984665 0.0597351 0.103706 0.154156 0.0369427 0.0450945 0.0119348 0.0593552 0.0109066 0.0167532 0.0167514 0.0405949 0.0324547 0.0458547 0.0413548 0.00772358 0.00782429 0.124393 
2001 0 0.0203196 0.0360301 0.166139 0.0993028 0.0741958 0.0733879 0.090592 0.0469166 0.0402248 0.0172118 0.0438405 0.0588768 0.0230163 0.0484202 0.0294484 0.0140335 0.0255563 0.0174254 0.00484823 0.0702136 
2002 0 0.0257566 0.0469074 0.106251 0.309295 0.125633 0.0627381 0.0453445 0.0523271 0.0247106 0.020743 0.022943 0.00875385 0.0218738 0.01796 0.0389547 0.0115607 0.013194 0.0102327 0.00202029 0.0327997 
2003 0 0.0388592 0.0482682 0.0599464 0.120369 0.222887 0.0733571 0.0608457 0.0587143 0.0875011 0.0120165 0.0427781 0.00608001 0.0281829 0.0158369 0.0100756 0.00238826 0.00352199 0.00811115 0.00959391 0.0906662 
2004 0 0.025324 0.0220512 0.206159 0.146242 0.112808 0.164729 0.0436527 0.0438276 0.0174291 0.0252596 0.0150585 0.0218373 0.0129924 0.0245166 0.0279729 0.0122091 0.0111802 0.01002 0.0042108 0.0525201 
2005 0 0.014822 0.0511399 0.044927 0.169353 0.0629466 0.0745425 0.158699 0.0413692 0.0360573 0.0154976 0.023962 0.00808086 0.0932794 0.0297578 0.0527623 0.0120223 0.00771387 0.00511788 0.0245997 0.0733493 
2006 0 0 0.0642785 0.101964 0.126474 0.147635 0.107159 0.0676347 0.110903 0.0723527 0.0163976 0.0092821 0.0164598 0.00469971 0.00109673 0.00140952 0.0563287 0.0109494 0.0319391 0.00211944 0.0509175 
2007 0 0.0005358 0.0102825 0.0275144 0.0745657 0.0378868 0.0737645 0.0176085 0.0162252 0.0250715 0.00778796 0.0134486 0.00375696 0.00594258 0.00440946 0.00097714 0.00362541 0.00590954 0.0711487 0.00674429 0.592794 
2008 0 0.011912 0.0159906 0.0215993 0.090892 0.186473 0.0862643 0.106065 0.0779547 0.0791459 0.174476 0.0399715 0.0314324 0.0124223 0.0418567 0.011328 0 0 0 0 0.0122168 
2009 0 0.0430529 0.0374351 0.0433399 0.0299559 0.161723 0.216129 0.0944648 0.131279 0.0437414 0.0367467 0.0626119 0.0306723 0.00341278 0.000995988 0.00298796 0.00298796 0 0 0.0169606 0.0415026 
2010 0 0.0171233 0.184184 0.034256 0.0776744 0.0617164 0.0982064 0.128719 0.0229313 0.0716695 0.0474227 0.0523758 0.0536643 0.0303587 0.0125494 0.00580759 0.0188873 0.000974673 0.00389869 0.00100839 0.0765713 
2011 0 0.00134476 0.0176544 0.174038 0.0791913 0.0601494 0.0260323 0.0922714 0.151351 0.0544665 0.0810861 0.0598052 0.0306592 0.0505341 0.012621 0.0184361 0.015721 0.0240005 0.0072144 0.00398932 0.0394344 
2012 0 0.0227934 0.0259094 0.0494294 0.221776 0.0858887 0.0690044 0.0107093 0.0741226 0.0902298 0.0245926 0.0654002 0.0504546 0.026082 0.0653802 0.0517794 0.00403975 0.00584396 0.00462949 0.00541059 0.0465238 
2013 0 0 0.050106 0.0678918 0.0717303 0.323187 0.0498894 0.0594755 0.0146931 0.0826355 0.0381254 0.0166398 0.079752 0.0334239 0.0153221 0.0115364 0.00958276 0.00215417 0.00998801 0.00780015 0.056067 
end_table
table error_values
1990 0 0 0 0 0 0 0 0 0 0 0 0 0 0 0 0 0 0 0 0 0 
1991 0 0 0 0 0 0 0 0 0 0 0 0 0 0 0 0 0 0 0 0 0 
1992 0 0 0 0 0 0 0 0 0 0 0 0 0 0 0 0 0 0 0 0 0 
1993 0 0 0 0 0 0 0 0 0 0 0 0 0 0 0 0 0 0 0 0 0 
1994 0 0 0 0 0 0 0 0 0 0 0 0 0 0 0 0 0 0 0 0 0 
1995 0 0 0 0 0 0 0 0 0 0 0 0 0 0 0 0 0 0 0 0 0 
1996 0 0 0 0 0 0 0 0 0 0 0 0 0 0 0 0 0 0 0 0 0 
1997 0 0 0 0 0 0 0 0 0 0 0 0 0 0 0 0 0 0 0 0 0 
1998 0 0 0 0 0 0 0 0 0 0 0 0 0 0 0 0 0 0 0 0 0 
1999 0 0 0 0 0 0 0 0 0 0 0 0 0 0 0 0 0 0 0 0 0 
2000 0 0 0 0 0 0 0 0 0 0 0 0 0 0 0 0 0 0 0 0 0 
2001 0 0 0 0 0 0 0 0 0 0 0 0 0 0 0 0 0 0 0 0 0 
2002 0 0 0 0 0 0 0 0 0 0 0 0 0 0 0 0 0 0 0 0 0 
2003 0 0 0 0 0 0 0 0 0 0 0 0 0 0 0 0 0 0 0 0 0 
2004 0 0 0 0 0 0 0 0 0 0 0 0 0 0 0 0 0 0 0 0 0 
2005 0 0 0 0 0 0 0 0 0 0 0 0 0 0 0 0 0 0 0 0 0 
2006 0 0 0 0 0 0 0 0 0 0 0 0 0 0 0 0 0 0 0 0 0 
2007 0 0 0 0 0 0 0 0 0 0 0 0 0 0 0 0 0 0 0 0 0 
2008 0 0 0 0 0 0 0 0 0 0 0 0 0 0 0 0 0 0 0 0 0 
2009 0 0 0 0 0 0 0 0 0 0 0 0 0 0 0 0 0 0 0 0 0 
2010 0 0 0 0 0 0 0 0 0 0 0 0 0 0 0 0 0 0 0 0 0 
2011 0 0 0 0 0 0 0 0 0 0 0 0 0 0 0 0 0 0 0 0 0 
2012 0 0 0 0 0 0 0 0 0 0 0 0 0 0 0 0 0 0 0 0 0 
2013 0 0 0 0 0 0 0 0 0 0 0 0 0 0 0 0 0 0 0 0 0 
end_table

