@observation HG_age_sample_sim
age_samples_per_cluster 10 
ageing_error age_error 
average_cluster_weight 6 
cluster_cv 0.6 
cluster_sigma 1.1 
fishery_label Fishing_LL 
layer_of_stratum_definitions area_definition 
max_age 20 
min_age 0 
process_label fishing 
strata_to_include HG 
type mortality_event_biomass_age_clusters 
years 1990 1991 1992 1993 1994 1995 1996 1997 1998 1999 2000 2001 2002 2003 2004 2005 2006 2007 2008 2009 2010 2011 2012 2013 
table obs
1990 0 0.0177374 0.0357491 0.0484136 0.108597 0.151347 0.123964 0.0594982 0.0588541 0.0508044 0.0310912 0.0374853 0.0361436 0.0619374 0.0332294 0.0148231 0.0177891 0.0328193 0.015893 0.00386951 0.0599538 
1991 0 0 0.0400163 0.0825337 0.137438 0.117598 0.0760683 0.0769472 0.069465 0.0446083 0.0274938 0.0474191 0.0454121 0.0373567 0.0383025 0.00663605 0.0175527 0.00207097 0.0207275 0.0114066 0.100947 
1992 0 0.00226001 0.0369067 0.0626473 0.118523 0.109661 0.0505788 0.0525284 0.0805831 0.0384926 0.0450917 0.0604074 0.036274 0.0247016 0.0217365 0.0348791 0.0334581 0.0188107 0.0142971 0.0185468 0.139616 
1993 0 0.0142143 0.0358267 0.125485 0.119473 0.148184 0.0719588 0.0680816 0.0384878 0.0358572 0.0337463 0.037635 0.0253917 0.0180866 0.00869595 0.0220051 0.0149033 0.0206479 0.0144345 0.0315045 0.115382 
1994 0 0 0.00348479 0 0.113555 0.107591 0.0785304 0.081977 0.0495652 0.0670626 0.0891695 0.0929853 0.0516077 0.0463024 0.0432113 0.0242422 0.0299794 0.0252394 0.0189194 0.00763672 0.068941 
1995 0 0.00124595 0.0206822 0.0549159 0.0495848 0.141942 0.120518 0.109195 0.0769068 0.0519366 0.0438217 0.0253487 0.0210616 0.0254808 0.036055 0.0313547 0.0415158 0.0476047 0.0255553 0.0111617 0.0641128 
1996 0 0.0147992 0.0983162 0.0672742 0.100993 0.0532211 0.0795564 0.0601922 0.0504934 0.0394695 0.0319679 0.0600801 0.0376293 0.0232887 0.0341527 0.0452654 0.0354868 0.0263517 0.0089829 0.008582 0.123897 
1997 0 0.00435561 0.0163798 0.0829616 0.0739908 0.0534538 0.0365098 0.130261 0.0748288 0.0546918 0.0506333 0.0428472 0.0243033 0.0272735 0.0454241 0.0549865 0.0414464 0.0283627 0.0427359 0.0124603 0.102094 
1998 0 0.00412164 0.0185121 0.0576219 0.166182 0.0471493 0.0546953 0.0340434 0.125958 0.0800971 0.0685461 0.0401417 0.0346541 0.0519327 0.0201809 0.0174938 0.0428442 0.0340406 0.0217365 0.0142751 0.0657738 
1999 0 0.0331737 0.0442726 0.0579467 0.0924444 0.174838 0.0683429 0.0496903 0.059135 0.119519 0.0494345 0.0352446 0.0454855 0.0321218 0.0104756 0.0119943 0.0103774 0.0116389 0.00245285 0.0161439 0.0752673 
2000 0 0.0200408 0.0782278 0.0578215 0.0642734 0.108019 0.169399 0.042666 0.0308348 0.0348784 0.0568396 0.0601553 0.0220691 0.0461039 0.017965 0.012008 0.0106459 0.0207312 0.0330718 0.0246201 0.0896296 
2001 0 0.0156172 0.0369034 0.246382 0.116679 0.0817981 0.0607087 0.0666365 0.0250798 0.00786184 0.00852905 0.0267605 0.051576 0.0395508 0.053906 0.0386654 0.0225403 0.0209383 0.0288978 0.00752938 0.0434398 
2002 0 0.032367 0.0818679 0.0702955 0.255923 0.0682493 0.0569905 0.0507987 0.0833661 0.0094857 0.0194125 0.0136458 0.0231744 0.0188298 0.0255588 0.0206153 0.0114601 0.00279908 0.0100964 0.0265943 0.11847 
2003 0 0.0132335 0.105934 0.102871 0.117243 0.20456 0.0980902 0.0454353 0.0662785 0.0673334 0.0259994 0.0441487 0.0134853 0.0126994 0.0134949 0.00119657 0.0092128 0.00411988 0.0199867 0.0109205 0.0237569 
2004 0 0.0330412 0.0375869 0.1285 0.170409 0.0825861 0.2153 0.0724406 0.037506 0.0314062 0.0470063 0.000637574 0.0033219 0.00250474 0.0108707 0.000884021 0.00105001 0.00193403 0.00725546 0.0108204 0.104938 
2005 0 0.000703281 0.0516814 0.0716995 0.172336 0.154639 0.0752861 0.133259 0.0391122 0.0212833 0.0295501 0.0172705 0.0449966 0.098753 0.000925506 0.0105615 0.00352049 0.0209788 0.00352049 0.00517265 0.044751 
2006 0 0 0.00464227 0.0436558 0.0724513 0.229003 0.130763 0.073648 0.141434 0.0617754 0.0192116 0.0314929 0.0487825 0.00754887 0.00406097 0.00609145 0.033273 0.0251505 0.0264483 0.00576037 0.0348072 
2007 0 0.00145562 0.00255798 0.0114938 0.0212656 0.0104334 0.0153901 0.0099584 0.00399212 0.00783297 0.00458303 0.00380298 0.00488039 0.00233312 0.000802313 0.000703963 0.000703963 0.00254947 0.00285395 0.00250197 0.889905 
2008 0 0 0.0224791 0.0232813 0.0943714 0.169698 0.0996153 0.163648 0.0938145 0.0652258 0.114223 0.0425028 0.0193703 0.0190392 0.0252398 0.00192106 0.00460371 0.00922603 0.00694279 0.0115465 0.0132511 
2009 0 0.027026 0.0153351 0.0216382 0.0507301 0.18071 0.23775 0.0878834 0.0975533 0.0349416 0.0359102 0.0763812 0.0192067 0.0128818 0.0157824 0.0142633 0.00370533 0 0 0.0172763 0.0510249 
2010 0 0.0060357 0.0930891 0.0269472 0.0974205 0.0320107 0.0994163 0.11456 0.0452779 0.0819989 0.082455 0.0430381 0.113952 0.0315221 0.0210527 0.00472597 0.0243115 0.0101243 0.00634227 0.00409516 0.0616241 
2011 0 0 0.0306075 0.270801 0.070936 0.143421 0.0276751 0.0590088 0.0874352 0.0465186 0.0544409 0.0352483 0.0205495 0.0344945 0.0202546 0.00539721 0.00587707 0.00158923 0 0.00162283 0.0841226 
2012 0 0.0401927 0.046623 0.0692141 0.298668 0.0832955 0.0685465 0.0292599 0.0401177 0.0846575 0.0391275 0.101632 0.0286399 0.0103492 0.028547 0.0107865 0.00153408 0.000974359 0.00292308 0 0.0149109 
2013 0 0.0175984 0.0540097 0.0833352 0.0853282 0.275116 0.0447262 0.0536204 0.00974148 0.0372951 0.0879461 0.0138684 0.091544 0.0178793 0.0103271 0.0189635 0.01599 0.0160823 0.00280633 0.00549192 0.0583305 
end_table
table error_values
1990 0 0 0 0 0 0 0 0 0 0 0 0 0 0 0 0 0 0 0 0 0 
1991 0 0 0 0 0 0 0 0 0 0 0 0 0 0 0 0 0 0 0 0 0 
1992 0 0 0 0 0 0 0 0 0 0 0 0 0 0 0 0 0 0 0 0 0 
1993 0 0 0 0 0 0 0 0 0 0 0 0 0 0 0 0 0 0 0 0 0 
1994 0 0 0 0 0 0 0 0 0 0 0 0 0 0 0 0 0 0 0 0 0 
1995 0 0 0 0 0 0 0 0 0 0 0 0 0 0 0 0 0 0 0 0 0 
1996 0 0 0 0 0 0 0 0 0 0 0 0 0 0 0 0 0 0 0 0 0 
1997 0 0 0 0 0 0 0 0 0 0 0 0 0 0 0 0 0 0 0 0 0 
1998 0 0 0 0 0 0 0 0 0 0 0 0 0 0 0 0 0 0 0 0 0 
1999 0 0 0 0 0 0 0 0 0 0 0 0 0 0 0 0 0 0 0 0 0 
2000 0 0 0 0 0 0 0 0 0 0 0 0 0 0 0 0 0 0 0 0 0 
2001 0 0 0 0 0 0 0 0 0 0 0 0 0 0 0 0 0 0 0 0 0 
2002 0 0 0 0 0 0 0 0 0 0 0 0 0 0 0 0 0 0 0 0 0 
2003 0 0 0 0 0 0 0 0 0 0 0 0 0 0 0 0 0 0 0 0 0 
2004 0 0 0 0 0 0 0 0 0 0 0 0 0 0 0 0 0 0 0 0 0 
2005 0 0 0 0 0 0 0 0 0 0 0 0 0 0 0 0 0 0 0 0 0 
2006 0 0 0 0 0 0 0 0 0 0 0 0 0 0 0 0 0 0 0 0 0 
2007 0 0 0 0 0 0 0 0 0 0 0 0 0 0 0 0 0 0 0 0 0 
2008 0 0 0 0 0 0 0 0 0 0 0 0 0 0 0 0 0 0 0 0 0 
2009 0 0 0 0 0 0 0 0 0 0 0 0 0 0 0 0 0 0 0 0 0 
2010 0 0 0 0 0 0 0 0 0 0 0 0 0 0 0 0 0 0 0 0 0 
2011 0 0 0 0 0 0 0 0 0 0 0 0 0 0 0 0 0 0 0 0 0 
2012 0 0 0 0 0 0 0 0 0 0 0 0 0 0 0 0 0 0 0 0 0 
2013 0 0 0 0 0 0 0 0 0 0 0 0 0 0 0 0 0 0 0 0 0 
end_table

