@observation HG_age_sample_sim
age_samples_per_cluster 10 
ageing_error age_error 
average_cluster_weight 6 
cluster_cv 0.6 
cluster_sigma 1.1 
fishery_label Fishing_LL 
layer_of_stratum_definitions area_definition 
max_age 20 
min_age 0 
process_label fishing 
strata_to_include HG 
type mortality_event_biomass_age_clusters 
years 1990 1991 1992 1993 1994 1995 1996 1997 1998 1999 2000 2001 2002 2003 2004 2005 2006 2007 2008 2009 2010 2011 2012 2013 
table obs
1990 0 0.00487116 0.0063532 0.0482947 0.0457844 0.0566138 0.127928 0.109467 0.102267 0.0427357 0.0341979 0.0471411 0.044651 0.0506464 0.0402635 0.0208003 0.0197939 0.0181774 0.0218148 0.0411913 0.117008 
1991 0 0.00915535 0.0512207 0.0778991 0.102383 0.0856704 0.0778924 0.060729 0.0890132 0.0771325 0.0726853 0.0458984 0.0290934 0.0142826 0.00761721 0.0114025 0.0354687 0.0242707 0.0197092 0.0111883 0.0972881 
1992 0 0 0.00207734 0.0414283 0.144152 0.120861 0.0998701 0.0853698 0.0921174 0.0597908 0.0496854 0.0452042 0.0558246 0.0375487 0.0459521 0.0241541 0.00971208 0.0125309 0.026124 0.00913127 0.0384658 
1993 0 0 0.00963589 0.063538 0.10859 0.0926709 0.0917027 0.119075 0.0733933 0.0469253 0.0591451 0.0550377 0.0772445 0.0342989 0.0130968 0.0116115 0.00540483 0.00987929 0.0267131 0.0151685 0.0868694 
1994 0 0 0.0243116 0.0123058 0.185036 0.119009 0.107623 0.0499715 0.035876 0.0252754 0.0303411 0.0354854 0.0226241 0.034781 0.0369638 0.0128015 0.0271031 0.027086 0.0200705 0.0177833 0.175551 
1995 0 0 0.00145027 0.0500036 0.0472605 0.11855 0.102422 0.0583725 0.0630083 0.0616262 0.0377051 0.0507456 0.013841 0.03212 0.0420248 0.0391588 0.040164 0.0210765 0.0285575 0.026027 0.165886 
1996 0 0.00116956 0.0544029 0.0422136 0.103227 0.047985 0.108482 0.106137 0.0968084 0.068575 0.0358223 0.0313951 0.021872 0.0413434 0.0415676 0.0351655 0.0152696 0.00998091 0.0113939 0.00956216 0.117626 
1997 0 0.000704289 0.0169172 0.069577 0.061554 0.0618228 0.0325374 0.146733 0.0934424 0.06343 0.0397816 0.058894 0.0215857 0.0527021 0.0607921 0.0548971 0.0361459 0.0188007 0.019783 0.00511977 0.0847795 
1998 0 0.0422599 0.0753631 0.0828472 0.203402 0.0563734 0.0282772 0.00977002 0.0573238 0.0398702 0.0467313 0.0349729 0.0344448 0.0223322 0.018521 0.024086 0.0240235 0.0306318 0.0223316 0.0189796 0.127459 
1999 0 0.0214303 0.0720233 0.0575535 0.0806149 0.157306 0.0410212 0.039085 0.026904 0.170717 0.0496761 0.0188937 0.0275377 0.0165545 0.0349123 0.0157171 0.0129912 0.0189123 0.0275837 0.0217528 0.0888133 
2000 0 0.0138244 0.141531 0.109271 0.0731696 0.0762499 0.115382 0.050426 0.0482096 0.0205047 0.0579405 0.0483073 0.0180451 0.000517971 0.00722888 0.0126158 0.018423 0.0228522 0.0238694 0.00697639 0.134656 
2001 0 0.00770844 0.0249302 0.166456 0.137725 0.111048 0.0906382 0.131257 0.0547782 0.0373715 0.00775147 0.0378768 0.0313383 0.0248735 0.0129407 0.00797784 0.0093587 0.00502908 0.00134434 0.0136395 0.0859564 
2002 0 0.00890019 0.0343548 0.0496364 0.290492 0.0983013 0.0440863 0.0527227 0.0537794 0.0138872 0.020119 0.00588218 0.0336638 0.0213381 0.0440074 0.0481519 0.0214431 0.0187903 0.0168177 0.0203795 0.103246 
2003 0 0.0189607 0.0748198 0.0685738 0.0765516 0.173289 0.0844912 0.061382 0.066925 0.142273 0.023723 0.0541761 0.013163 0.0371246 0.0120021 0.00950376 0.0077772 0.00988906 0.0168693 0.00863481 0.0398715 
2004 0 0.00721334 0.0370112 0.140359 0.240018 0.116342 0.187177 0.0369961 0.0183016 0.0243233 0.0357952 0.0156875 0.0338905 0.0051402 0.0168328 0.0140062 0.0259756 0.0044535 0.00255887 0 0.0379178 
2005 0 0.0118967 0.110664 0.0741808 0.186296 0.0499744 0.0398398 0.0871691 0.0384935 0.0335865 0.0473788 0.0642014 0.029208 0.00716423 0 0 0.00685203 0.00685203 0.016066 0.0152516 0.174926 
2006 0 0 0.032186 0.119088 0.13454 0.192383 0.0801977 0.0819157 0.177726 0.0450477 0.0446617 0.0166987 0.030931 0 0.00354387 0.00472516 0.00811433 0.0046014 0 0.000923288 0.0227157 
2007 0 0.00199177 0.00173784 0.0127902 0.038096 0.0162218 0.0261285 0.0151192 0.00559436 0.0118287 0.00825004 0.00452928 0.00975126 0.00582939 0.00264861 0.000527325 0.000122904 0.00193834 0.00222128 0.00326217 0.831411 
2008 0 0.00825262 0.0373076 0.045891 0.147598 0.172131 0.0878109 0.173453 0.096879 0.0474407 0.0892788 0.0210511 0.014963 0.00617102 0.0156307 0.00548886 0.00138769 0.00223704 0.00447409 0.00223704 0.0203159 
2009 0 0.0094447 0.00837954 0.0377396 0.0263047 0.115542 0.248685 0.0701017 0.168713 0.0648387 0.0316221 0.055858 0.0215707 0.0212577 0.020158 0.016289 0.011598 0.00654903 0.00972869 0.00933768 0.0462818 
2010 0 0.000860628 0.107241 0.0265648 0.11123 0.0152072 0.0767865 0.154061 0.104235 0.126656 0.0782493 0.0214047 0.0803396 0.0037684 0.0124222 0.00262804 0.00394206 0.00394206 0 0.00158448 0.0688765 
2011 0 0.00753094 0.0457426 0.288344 0.0809243 0.0779123 0.0293216 0.0580076 0.10019 0.0743752 0.0836518 0.0422381 0.0205716 0.0298622 0.00728669 0 0.000879714 0.00263914 0.000879714 0 0.0496426 
2012 0 0.0212994 0.0326182 0.0491267 0.321254 0.0940631 0.0803244 0.0440871 0.0563946 0.0675457 0.0325343 0.0433224 0.0203399 0.024984 0.0369714 0.0118768 0.00312742 0.00202509 0.037389 0.00467362 0.0160425 
2013 0 0.00529694 0.0892332 0.0584903 0.104372 0.334965 0.0439669 0.041499 0.00865336 0.0520287 0.0780664 0.0139468 0.0482887 0.0144221 0.0219816 0.0186989 0.00675868 0.0112058 0.00454869 0.00635088 0.0372254 
end_table
table error_values
1990 0 0 0 0 0 0 0 0 0 0 0 0 0 0 0 0 0 0 0 0 0 
1991 0 0 0 0 0 0 0 0 0 0 0 0 0 0 0 0 0 0 0 0 0 
1992 0 0 0 0 0 0 0 0 0 0 0 0 0 0 0 0 0 0 0 0 0 
1993 0 0 0 0 0 0 0 0 0 0 0 0 0 0 0 0 0 0 0 0 0 
1994 0 0 0 0 0 0 0 0 0 0 0 0 0 0 0 0 0 0 0 0 0 
1995 0 0 0 0 0 0 0 0 0 0 0 0 0 0 0 0 0 0 0 0 0 
1996 0 0 0 0 0 0 0 0 0 0 0 0 0 0 0 0 0 0 0 0 0 
1997 0 0 0 0 0 0 0 0 0 0 0 0 0 0 0 0 0 0 0 0 0 
1998 0 0 0 0 0 0 0 0 0 0 0 0 0 0 0 0 0 0 0 0 0 
1999 0 0 0 0 0 0 0 0 0 0 0 0 0 0 0 0 0 0 0 0 0 
2000 0 0 0 0 0 0 0 0 0 0 0 0 0 0 0 0 0 0 0 0 0 
2001 0 0 0 0 0 0 0 0 0 0 0 0 0 0 0 0 0 0 0 0 0 
2002 0 0 0 0 0 0 0 0 0 0 0 0 0 0 0 0 0 0 0 0 0 
2003 0 0 0 0 0 0 0 0 0 0 0 0 0 0 0 0 0 0 0 0 0 
2004 0 0 0 0 0 0 0 0 0 0 0 0 0 0 0 0 0 0 0 0 0 
2005 0 0 0 0 0 0 0 0 0 0 0 0 0 0 0 0 0 0 0 0 0 
2006 0 0 0 0 0 0 0 0 0 0 0 0 0 0 0 0 0 0 0 0 0 
2007 0 0 0 0 0 0 0 0 0 0 0 0 0 0 0 0 0 0 0 0 0 
2008 0 0 0 0 0 0 0 0 0 0 0 0 0 0 0 0 0 0 0 0 0 
2009 0 0 0 0 0 0 0 0 0 0 0 0 0 0 0 0 0 0 0 0 0 
2010 0 0 0 0 0 0 0 0 0 0 0 0 0 0 0 0 0 0 0 0 0 
2011 0 0 0 0 0 0 0 0 0 0 0 0 0 0 0 0 0 0 0 0 0 
2012 0 0 0 0 0 0 0 0 0 0 0 0 0 0 0 0 0 0 0 0 0 
2013 0 0 0 0 0 0 0 0 0 0 0 0 0 0 0 0 0 0 0 0 0 
end_table

