@observation HG_age_sample_sim
age_samples_per_cluster 10 
ageing_error age_error 
average_cluster_weight 6 
cluster_cv 0.6 
cluster_sigma 1.1 
fishery_label Fishing_LL 
layer_of_stratum_definitions area_definition 
process_label fishing 
strata_to_include HG 
type mortality_event_biomass_age_clusters 
years 1990 1991 1992 1993 1994 1995 1996 1997 1998 1999 2000 2001 2002 2003 2004 2005 2006 2007 2008 2009 2010 2011 2012 2013 
table obs
1990 0.115806 0.0584905 0.0972973 0.132293 0.179915 0.101259 0.0616785 0.0361479 0.0377067 0.0334023 0.0226154 0.0226154 0.0191201 0.0202232 0.029781 0.0021125 0 0 0.00328174 0.00328174 0.0164087 0.00656348 0 0 0 0 0 0 0 0 0 0 0 0 0 0 0 0 0 0 
1991 0.0267344 0.0558305 0.142485 0.2031 0.134914 0.0321029 0.0677267 0.0389359 0.0718609 0.0405976 0.0168338 0.00804286 0.00614821 0.00614821 0.00614821 0.0122964 0.0350023 0.0280626 0.00480901 0 0 0 0 0 0 0.00691337 0.00691337 0 0.0138267 0.0207401 0.0138267 0 0 0 0 0 0 0 0 0 
1992 0.0207094 0.0713862 0.0902053 0.0844626 0.0712369 0.122957 0.0398171 0.0450365 0.0231901 0.0348029 0.00594301 0.00693339 0.0299322 0.0955909 0.0787379 0.068168 0.0904914 0.0188848 0.00151416 0 0 0 0 0 0 0 0 0 0 0 0 0 0 0 0 0 0 0 0 0 
1993 0.0736857 0.104143 0.090265 0.086814 0.111884 0.0465248 0.0426468 0.105987 0.0529089 0.0613333 0.0727375 0.0243481 0.00506925 0.041341 0.0170478 0.0192037 0.0390504 0.00500945 0 0 0 0 0 0 0 0 0 0 0 0 0 0 0 0 0 0 0 0 0 0 
1994 0.0638954 0.0206988 0.07165 0.0378277 0.103944 0.0855135 0.117001 0.0934883 0.0699414 0.0556314 0.022738 0.0559372 0.058147 0.0716395 0.0249225 0.00430663 0.00412317 0.0113233 0.00991013 0.00868044 0.00289348 0.00289348 0.00289348 0 0 0 0 0 0 0 0 0 0 0 0 0 0 0 0 0 
1995 0.16485 0.229052 0.0389676 0.0689336 0.017254 0.0628997 0.0444087 0.0222139 0.0140873 0.03926 0.0525442 0.0255331 0.00851104 0.00851104 0 0.00719354 0.0267898 0.038779 0.00239785 0.0178598 0.00892992 0.0336746 0.0112249 0.0112249 0 0.0112249 0.0336746 0 0 0 0 0 0 0 0 0 0 0 0 0 
1996 0.0183245 0.0875622 0.222194 0.0233376 0.116363 0.107288 0.0764993 0.0356501 0.117849 0.0240558 0.0476622 0.0249741 0.0241672 0.0180876 0.0122659 0 0.00971532 0.0242883 0.00971532 0 0 0 0 0 0 0 0 0 0 0 0 0 0 0 0 0 0 0 0 0 
1997 0.132342 0.0974633 0.112101 0.153601 0.081832 0.0959598 0.0553311 0.0689447 0.0851884 0.0233473 0.00551463 0 0.00874778 0.00437389 0.0262433 0.00544547 0.0108909 0.0217819 0.00544547 0.00544547 0 0 0 0 0 0 0 0 0 0 0 0 0 0 0 0 0 0 0 0 
1998 0.17013 0.0888006 0.0497406 0.123339 0.273419 0.0903166 0.0661649 0.00659005 0.0150027 0.0437854 0.0180136 0.0047732 0.00979006 0.0301012 0.0100337 0 0 0 0 0 0 0 0 0 0 0 0 0 0 0 0 0 0 0 0 0 0 0 0 0 
1999 0.131648 0.371794 0.0646475 0.0203871 0.0613269 0.0466075 0.0523533 0.102857 0.00585894 0.0475305 0 0.0409973 0.00819946 0.022931 0 0.00979806 0.00326602 0 0.00653204 0.00326602 0 0 0 0 0 0 0 0 0 0 0 0 0 0 0 0 0 0 0 0 
2000 0.166499 0.128113 0.230488 0.0591457 0.0985634 0.103102 0.0976133 0.0128306 0.0301721 0.0187098 0.0374195 0 0 0.00385418 0.00385418 0.00192709 0.00385418 0.00385418 0 0 0 0 0 0 0 0 0 0 0 0 0 0 0 0 0 0 0 0 0 0 
2001 0.0559164 0.116607 0.159881 0.250839 0.0548155 0.0621563 0.137779 0.0958935 0.0130919 0.0102325 0.00571758 0.00571758 0.00348351 0.0278681 0 0 0 0 0 0 0 0 0 0 0 0 0 0 0 0 0 0 0 0 0 0 0 0 0 0 
2002 0.047187 0.139114 0.0846936 0.0724051 0.297068 0.11005 0.0348404 0.0843416 0.0820973 0.0220303 0 0 0 0 0 0 0 0 0 0 0 0.00581622 0.0145405 0.00581622 0 0 0 0 0 0 0 0 0 0 0 0 0 0 0 0 
2003 0.136648 0.0509587 0.232798 0.176745 0.0478489 0.0776929 0.0579071 0.0807293 0.0588243 0.0747119 0.00513525 0 0 0 0 0 0 0 0 0 0 0 0 0 0 0 0 0 0 0 0 0 0 0 0 0 0 0 0 0 
2004 0.0710894 0.191678 0.0690468 0.224546 0.138944 0.0942171 0.077165 0.0539509 0.00182306 0.0251979 0.0129891 0.0043297 0 0 0.00778294 0.00778294 0.0194574 0 0 0 0 0 0 0 0 0 0 0 0 0 0 0 0 0 0 0 0 0 0 0 
2005 0.0286886 0.13641 0.141225 0.0968636 0.150636 0.138677 0.0593093 0.0682462 0.0241822 0.0191468 0.0227104 0.0875655 0.0164617 0.00987702 0 0 0 0 0 0 0 0 0 0 0 0 0 0 0 0 0 0 0 0 0 0 0 0 0 0 
2006 0.0266572 0.0233366 0.146003 0.149577 0.0868871 0.267034 0.168171 0.0206256 0.0998183 0.0118909 0 0 0 0 0 0 0 0 0 0 0 0 0 0 0 0 0 0 0 0 0 0 0 0 0 0 0 0 0 0 
2007 0.124204 0.0956386 0.00274534 0.158162 0.127888 0.078083 0.0870148 0.027155 0.0221757 0.083445 0.0429711 0.0146825 0.0170137 0.0117349 0 0.00403723 0 0.0457996 0.0572495 0 0 0 0 0 0 0 0 0 0 0 0 0 0 0 0 0 0 0 0 0 
2008 0.388196 0.0799151 0.113936 0.0427241 0.0456709 0.0267252 0.0196175 0.0946391 0.0704148 0.0401653 0.0170767 0.0102326 0.0102326 0.00899 0.031465 0 0 0 0 0 0 0 0 0 0 0 0 0 0 0 0 0 0 0 0 0 0 0 0 0 
2009 0.0305102 0.471059 0.0798436 0.0698452 0.00172134 0.0556393 0.076517 0.0740032 0.0745755 0.0312653 0 0.03502 0 0 0 0 0 0 0 0 0 0 0 0 0 0 0 0 0 0 0 0 0 0 0 0 0 0 0 0 
2010 0.186215 0.10331 0.349421 0.0722107 0.0328355 0.0157251 0.0647673 0.0641011 0.0353335 0.0468067 0.015862 0.00546038 0.00795184 0 0 0 0 0 0 0 0 0 0 0 0 0 0 0 0 0 0 0 0 0 0 0 0 0 0 0 
2011 0.193694 0.116539 0.0458967 0.351267 0.0167528 0 0.00977486 0.0442739 0.0675441 0.0314318 0.0516729 0.0232505 0.00730679 0.030213 0.0103819 0 0 0 0 0 0 0 0 0 0 0 0 0 0 0 0 0 0 0 0 0 0 0 0 0 
2012 0.0610301 0.23438 0.0554399 0.0832019 0.425383 0.00383848 0 0.00553825 0.00276913 0.0110765 0.00943378 0.0155821 0.00779106 0.00779106 0 0 0 0 0 0 0 0 0 0 0.017314 0.017314 0 0.017314 0 0 0 0 0 0 0 0 0.0248034 0 0 0 
2013 0.0360977 0.147964 0.187996 0.0708074 0.0804339 0.360266 0.0529116 0.0248052 0.0088773 0.00665797 0 0.00515177 0.0128794 0.00515177 0 0 0 0 0 0 0 0 0 0 0 0 0 0 0 0 0 0 0 0 0 0 0 0 0 0 
end_table
table error_values
1990 0 0 0 0 0 0 0 0 0 0 0 0 0 0 0 0 0 0 0 0 0 0 0 0 0 0 0 0 0 0 0 0 0 0 0 0 0 0 0 0 
1991 0 0 0 0 0 0 0 0 0 0 0 0 0 0 0 0 0 0 0 0 0 0 0 0 0 0 0 0 0 0 0 0 0 0 0 0 0 0 0 0 
1992 0 0 0 0 0 0 0 0 0 0 0 0 0 0 0 0 0 0 0 0 0 0 0 0 0 0 0 0 0 0 0 0 0 0 0 0 0 0 0 0 
1993 0 0 0 0 0 0 0 0 0 0 0 0 0 0 0 0 0 0 0 0 0 0 0 0 0 0 0 0 0 0 0 0 0 0 0 0 0 0 0 0 
1994 0 0 0 0 0 0 0 0 0 0 0 0 0 0 0 0 0 0 0 0 0 0 0 0 0 0 0 0 0 0 0 0 0 0 0 0 0 0 0 0 
1995 0 0 0 0 0 0 0 0 0 0 0 0 0 0 0 0 0 0 0 0 0 0 0 0 0 0 0 0 0 0 0 0 0 0 0 0 0 0 0 0 
1996 0 0 0 0 0 0 0 0 0 0 0 0 0 0 0 0 0 0 0 0 0 0 0 0 0 0 0 0 0 0 0 0 0 0 0 0 0 0 0 0 
1997 0 0 0 0 0 0 0 0 0 0 0 0 0 0 0 0 0 0 0 0 0 0 0 0 0 0 0 0 0 0 0 0 0 0 0 0 0 0 0 0 
1998 0 0 0 0 0 0 0 0 0 0 0 0 0 0 0 0 0 0 0 0 0 0 0 0 0 0 0 0 0 0 0 0 0 0 0 0 0 0 0 0 
1999 0 0 0 0 0 0 0 0 0 0 0 0 0 0 0 0 0 0 0 0 0 0 0 0 0 0 0 0 0 0 0 0 0 0 0 0 0 0 0 0 
2000 0 0 0 0 0 0 0 0 0 0 0 0 0 0 0 0 0 0 0 0 0 0 0 0 0 0 0 0 0 0 0 0 0 0 0 0 0 0 0 0 
2001 0 0 0 0 0 0 0 0 0 0 0 0 0 0 0 0 0 0 0 0 0 0 0 0 0 0 0 0 0 0 0 0 0 0 0 0 0 0 0 0 
2002 0 0 0 0 0 0 0 0 0 0 0 0 0 0 0 0 0 0 0 0 0 0 0 0 0 0 0 0 0 0 0 0 0 0 0 0 0 0 0 0 
2003 0 0 0 0 0 0 0 0 0 0 0 0 0 0 0 0 0 0 0 0 0 0 0 0 0 0 0 0 0 0 0 0 0 0 0 0 0 0 0 0 
2004 0 0 0 0 0 0 0 0 0 0 0 0 0 0 0 0 0 0 0 0 0 0 0 0 0 0 0 0 0 0 0 0 0 0 0 0 0 0 0 0 
2005 0 0 0 0 0 0 0 0 0 0 0 0 0 0 0 0 0 0 0 0 0 0 0 0 0 0 0 0 0 0 0 0 0 0 0 0 0 0 0 0 
2006 0 0 0 0 0 0 0 0 0 0 0 0 0 0 0 0 0 0 0 0 0 0 0 0 0 0 0 0 0 0 0 0 0 0 0 0 0 0 0 0 
2007 0 0 0 0 0 0 0 0 0 0 0 0 0 0 0 0 0 0 0 0 0 0 0 0 0 0 0 0 0 0 0 0 0 0 0 0 0 0 0 0 
2008 0 0 0 0 0 0 0 0 0 0 0 0 0 0 0 0 0 0 0 0 0 0 0 0 0 0 0 0 0 0 0 0 0 0 0 0 0 0 0 0 
2009 0 0 0 0 0 0 0 0 0 0 0 0 0 0 0 0 0 0 0 0 0 0 0 0 0 0 0 0 0 0 0 0 0 0 0 0 0 0 0 0 
2010 0 0 0 0 0 0 0 0 0 0 0 0 0 0 0 0 0 0 0 0 0 0 0 0 0 0 0 0 0 0 0 0 0 0 0 0 0 0 0 0 
2011 0 0 0 0 0 0 0 0 0 0 0 0 0 0 0 0 0 0 0 0 0 0 0 0 0 0 0 0 0 0 0 0 0 0 0 0 0 0 0 0 
2012 0 0 0 0 0 0 0 0 0 0 0 0 0 0 0 0 0 0 0 0 0 0 0 0 0 0 0 0 0 0 0 0 0 0 0 0 0 0 0 0 
2013 0 0 0 0 0 0 0 0 0 0 0 0 0 0 0 0 0 0 0 0 0 0 0 0 0 0 0 0 0 0 0 0 0 0 0 0 0 0 0 0 
end_table

