@observation HG_age_sample_sim
age_samples_per_cluster 10 
ageing_error age_error 
average_cluster_weight 6 
cluster_cv 0.6 
cluster_sigma 1.1 
fishery_label Fishing_LL 
layer_of_stratum_definitions area_definition 
max_age 20 
min_age 0 
process_label fishing 
strata_to_include HG 
type mortality_event_biomass_age_clusters 
years 1990 1991 1992 1993 1994 1995 1996 1997 1998 1999 2000 2001 2002 2003 2004 2005 2006 2007 2008 2009 2010 2011 2012 2013 
table obs
1990 0 0.0087184 0.0314288 0.0485676 0.0734172 0.0924617 0.0664936 0.0526987 0.0380733 0.0424285 0.054413 0.0330809 0.0334254 0.0278031 0.034964 0.0228691 0.0134218 0.0339395 0.01123 0.0324787 0.248087 
1991 0 0.00584777 0.0141775 0.0648013 0.0622103 0.106341 0.0603935 0.0510171 0.141123 0.105689 0.0438627 0.0618356 0.0435537 0.0302837 0.0158752 0.0178549 0.0247902 0.0237211 0.0336865 0.011378 0.0815585 
1992 0 0.00147472 0.0460486 0.0994093 0.0909091 0.122289 0.0955082 0.123801 0.0651313 0.0538544 0.0267128 0.0491572 0.0375031 0.0309464 0.0208194 0.0118607 0.0200128 0.00875379 0.00710234 0.00126056 0.0874453 
1993 0 0.0172999 0.0313084 0.0784755 0.153965 0.102143 0.095348 0.0692075 0.0502748 0.0224368 0.03421 0.0440308 0.032838 0.0433414 0.0252268 0.0223151 0.0240782 0.0159989 0.00805365 0.0113747 0.118074 
1994 0 0.00629157 0.0196574 0.0272229 0.146947 0.152521 0.0895916 0.0701068 0.0487084 0.0354462 0.039591 0.0477655 0.0265996 0.0174328 0.0236573 0.00363129 0.022891 0.011156 0.028972 0.0206326 0.161179 
1995 0 0.0168548 0.055166 0.0445739 0.0415034 0.139558 0.0730465 0.0890843 0.066457 0.0705836 0.0507473 0.0453964 0.0300772 0.0274163 0.0397586 0.0256979 0.0179925 0.0310723 0.0324372 0.0126643 0.0899129 
1996 0 0.00915361 0.0258828 0.690959 0.027419 0.0171185 0.0264148 0.0203255 0.011154 0.0104033 0.0141143 0.0144871 0.0126954 0.014869 0.00977353 0.00606073 0.00748974 0.00949364 0.0099654 0.0115081 0.0507127 
1997 0 0 0.0397175 0.154166 0.0613899 0.0681437 0.0336085 0.0620824 0.0610391 0.0754435 0.0381114 0.0330569 0.0353705 0.0389385 0.0342589 0.0419051 0.0601335 0.0451681 0.0145806 0.0238694 0.0790162 
1998 0 0.012655 0.0246077 0.0474495 0.125768 0.0677303 0.094654 0.0519001 0.107834 0.0625625 0.0665856 0.069962 0.0395471 0.0204596 0.0262526 0.00494836 0.00972607 0.021677 0.00778722 0.0158215 0.122072 
1999 0 0.0582439 0.0422309 0.0344267 0.0880489 0.129548 0.048616 0.0843759 0.0273273 0.0784628 0.055243 0.0625564 0.0419264 0.0528394 0.0663981 0.0145053 0.00425746 0.00700536 0.00428775 0.0102382 0.0894623 
2000 0 0.00312227 0.0854331 0.12159 0.0853561 0.0652683 0.10558 0.0635642 0.0640052 0.0198286 0.0702859 0.0370276 0.0553896 0.0427283 0.0293027 0.010347 0.0104513 0.00561781 0 0.00436129 0.120741 
2001 0 0.0234394 0.0493747 0.192877 0.15802 0.0706531 0.0739129 0.105956 0.0321233 0.0187308 0.00721078 0.0718963 0.0380427 0.0391925 0.0242501 0.00925344 0.00719622 0.0150642 0.011078 0 0.0517291 
2002 0 0.00524277 0.0276726 0.055426 0.281545 0.102392 0.0397124 0.0470545 0.0723376 0.0226662 0.0351209 0.0141871 0.017523 0.0335694 0.0153258 0.028476 0.0261238 0.0257903 0.00963677 0.0105685 0.129629 
2003 0 0.0133192 0.0614255 0.0820537 0.105253 0.247071 0.0951052 0.0495147 0.059723 0.0658165 0.0202991 0.0286326 0.00938775 0.0206197 0.0156089 0.0365073 0.0166527 0.00839428 0.00839428 0.0017422 0.0544795 
2004 0 0 0.0136291 0.156718 0.154006 0.0816688 0.205304 0.0663382 0.0394336 0.0375275 0.0303065 0.027217 0.0290025 0.0207036 0.0524821 0.0252924 0.00216259 0.0141446 0.00318254 0.00159127 0.0392909 
2005 0 0.0165308 0.0703131 0.0526712 0.160959 0.0930424 0.0822188 0.141758 0.0563806 0.0457166 0.0428965 0.034552 0.0259273 0.0263009 0.0158735 0.011281 0.0115074 0.0448769 0.0106417 0.0106019 0.0459502 
2006 0 0 0.0208352 0.135345 0.123413 0.189015 0.138462 0.0661199 0.125465 0.0479744 0.0178715 0.0194502 0.0268753 0.00796333 0.00168158 0.00168158 0 0 0.00549605 0.00538137 0.0669694 
2007 0 0.00053609 0.00271156 0.013833 0.0230604 0.0210065 0.0423143 0.0194048 0.0140689 0.0244199 0.00191658 0.00166474 0.00398721 0.00423095 0.00113785 0.000352802 0 0.000923385 0.000461693 0.000923385 0.823046 
2008 0 0.00600677 0.00150169 0.0281406 0.130396 0.219235 0.102431 0.161363 0.0631367 0.0490351 0.109949 0.0217137 0.00594737 0.0118313 0.00856489 0.00485481 0.0132404 0.0039932 0.0397627 0.00226999 0.0166269 
2009 0 0.0331982 0.0326479 0.0477011 0.0134948 0.0751063 0.143503 0.0370302 0.208415 0.0677304 0.0463008 0.078973 0.0289941 0.0240524 0.0306379 0.0452731 0.0199673 0.0183941 0 0.0018501 0.0467309 
2010 0 0.0131042 0.0909124 0.0368648 0.106669 0.037121 0.0933116 0.176299 0.038713 0.0610454 0.0429906 0.0534228 0.0854528 0.0257359 0.0014452 0.00861902 0.0386832 0.00591887 0 0.00295944 0.0807317 
2011 0 0.0267133 0.0392633 0.184446 0.0990316 0.150487 0.0386505 0.0996806 0.114743 0.0455313 0.0548177 0.0287851 0.00506326 0.0298064 0.0173246 0.0179569 0 0.0149164 0.0118686 0.00258619 0.0183278 
2012 0 0.0286727 0.0500312 0.0473521 0.354245 0.0634547 0.0793259 0.0163626 0.071085 0.0806811 0.0373445 0.0431244 0.0245464 0.00989448 0.0208667 0.0105079 0.00626702 0.0101507 0.00253767 0.0118501 0.0316996 
2013 0 0.0177588 0.0948317 0.0534713 0.152535 0.294942 0.0364604 0.0595291 0.0123745 0.0278925 0.0329931 0.0130617 0.0304944 0.0275583 0.0391508 0.0451396 0.0039602 0.0191206 0.00978135 0.0065874 0.0223576 
end_table
table error_values
1990 0 0 0 0 0 0 0 0 0 0 0 0 0 0 0 0 0 0 0 0 0 
1991 0 0 0 0 0 0 0 0 0 0 0 0 0 0 0 0 0 0 0 0 0 
1992 0 0 0 0 0 0 0 0 0 0 0 0 0 0 0 0 0 0 0 0 0 
1993 0 0 0 0 0 0 0 0 0 0 0 0 0 0 0 0 0 0 0 0 0 
1994 0 0 0 0 0 0 0 0 0 0 0 0 0 0 0 0 0 0 0 0 0 
1995 0 0 0 0 0 0 0 0 0 0 0 0 0 0 0 0 0 0 0 0 0 
1996 0 0 0 0 0 0 0 0 0 0 0 0 0 0 0 0 0 0 0 0 0 
1997 0 0 0 0 0 0 0 0 0 0 0 0 0 0 0 0 0 0 0 0 0 
1998 0 0 0 0 0 0 0 0 0 0 0 0 0 0 0 0 0 0 0 0 0 
1999 0 0 0 0 0 0 0 0 0 0 0 0 0 0 0 0 0 0 0 0 0 
2000 0 0 0 0 0 0 0 0 0 0 0 0 0 0 0 0 0 0 0 0 0 
2001 0 0 0 0 0 0 0 0 0 0 0 0 0 0 0 0 0 0 0 0 0 
2002 0 0 0 0 0 0 0 0 0 0 0 0 0 0 0 0 0 0 0 0 0 
2003 0 0 0 0 0 0 0 0 0 0 0 0 0 0 0 0 0 0 0 0 0 
2004 0 0 0 0 0 0 0 0 0 0 0 0 0 0 0 0 0 0 0 0 0 
2005 0 0 0 0 0 0 0 0 0 0 0 0 0 0 0 0 0 0 0 0 0 
2006 0 0 0 0 0 0 0 0 0 0 0 0 0 0 0 0 0 0 0 0 0 
2007 0 0 0 0 0 0 0 0 0 0 0 0 0 0 0 0 0 0 0 0 0 
2008 0 0 0 0 0 0 0 0 0 0 0 0 0 0 0 0 0 0 0 0 0 
2009 0 0 0 0 0 0 0 0 0 0 0 0 0 0 0 0 0 0 0 0 0 
2010 0 0 0 0 0 0 0 0 0 0 0 0 0 0 0 0 0 0 0 0 0 
2011 0 0 0 0 0 0 0 0 0 0 0 0 0 0 0 0 0 0 0 0 0 
2012 0 0 0 0 0 0 0 0 0 0 0 0 0 0 0 0 0 0 0 0 0 
2013 0 0 0 0 0 0 0 0 0 0 0 0 0 0 0 0 0 0 0 0 0 
end_table

