@observation HG_age_sample_sim
age_samples_per_cluster 10 
ageing_error age_error 
average_cluster_weight 6 
cluster_cv 0.6 
cluster_sigma 1.1 
fishery_label Fishing_LL 
layer_of_stratum_definitions area_definition 
max_age 20 
min_age 0 
process_label fishing 
strata_to_include HG 
type mortality_event_biomass_age_clusters 
years 1990 1991 1992 1993 1994 1995 1996 1997 1998 1999 2000 2001 2002 2003 2004 2005 2006 2007 2008 2009 2010 2011 2012 2013 
table obs
1990 0 0 0.0397059 0.0539119 0.0894612 0.0710228 0.0956371 0.0723414 0.0848391 0.0702318 0.0899373 0.102202 0.0445226 0.036738 0.0112508 0.00495522 0.0163452 0.012402 0.0117329 0.0158765 0.0768861 
1991 0 0.0135344 0.0340446 0.091094 0.098577 0.109491 0.0585812 0.0803553 0.0749958 0.0610004 0.0503191 0.0573605 0.0242785 0.0253273 0.017328 0.011584 0.030727 0.0161453 0.0134147 0.01376 0.118082 
1992 0 0 0.0443766 0.0489615 0.0950056 0.127682 0.0984384 0.0892152 0.0988386 0.0711962 0.0704328 0.0385432 0.0411531 0.0329403 0.0107847 0.00281995 0.00882541 0.00170651 0.00408946 0.00906185 0.105928 
1993 0 0.0071484 0.0121756 0.0455903 0.0505623 0.0807854 0.0588859 0.0947184 0.098622 0.0825999 0.0747813 0.0309843 0.0195428 0.042167 0.01985 0.0224116 0.0210673 0.0373706 0.0344574 0.0275347 0.138745 
1994 0 0.00706415 0.0203429 0.016365 0.0875658 0.111734 0.100907 0.0656245 0.0611161 0.0503018 0.0571502 0.0502636 0.0442121 0.0224236 0.0273528 0.0209689 0.0225621 0.0185649 0.0140704 0.0134321 0.187979 
1995 0 0.0102376 0.00534227 0.0692037 0.0419451 0.135676 0.13476 0.0530691 0.0488904 0.0468301 0.0422819 0.0349037 0.0455687 0.0177771 0.0351312 0.0111632 0.0206383 0.0211127 0.0281546 0.0407102 0.156604 
1996 0 0.0073143 0.039903 0.101535 0.128536 0.0429005 0.105487 0.0929597 0.069539 0.0482178 0.0438597 0.0307195 0.0244395 0.0111977 0.0471941 0.0279507 0.0248082 0.0197652 0.00700671 0.00899312 0.117673 
1997 0 0.000887404 0.0139381 0.0610716 0.0480282 0.0952116 0.0325102 0.0614301 0.0473013 0.0657366 0.0428419 0.0418373 0.043258 0.0496009 0.0478147 0.0356002 0.0254923 0.0118783 0.0223648 0.00931947 0.243877 
1998 0 0.0155013 0.0188038 0.0888655 0.171688 0.0530043 0.0703548 0.0118528 0.0526958 0.0638844 0.0480451 0.0761534 0.030975 0.0190979 0.0218167 0.00504305 0.0208405 0.0232407 0.0221195 0.0064637 0.179554 
1999 0 0.0344886 0.0417838 0.0850478 0.0633592 0.133905 0.0620748 0.0468037 0.0255798 0.0819433 0.0736898 0.0480334 0.0382934 0.0512074 0.0380303 0.0145448 0.00735445 0.00628557 0.0156682 0.00333376 0.128573 
2000 0 0.0476465 0.114787 0.0756054 0.0799516 0.104763 0.114463 0.0785725 0.0749122 0.00436502 0.0413982 0.0237877 0.0253278 0.0317469 0.0267485 0.0208417 0.021679 0.0250365 0.0122295 0.00414287 0.0719956 
2001 0 0.0109496 0.0215059 0.152495 0.0726551 0.0602706 0.0727419 0.128944 0.046519 0.0416479 0.0107403 0.0541449 0.029044 0.0216974 0.0101662 0.0283119 0.0650557 0.00721241 0.01686 0.0179139 0.131125 
2002 0 0.0511842 0.0539928 0.0888983 0.292411 0.0963863 0.0432075 0.0627552 0.0736819 0.0081673 0.00741694 0.00341213 0.00547508 0.00917749 0.00303212 0.015719 0.0142785 0.0120197 0.0113585 0.0080725 0.139354 
2003 0 0.00991273 0.0746134 0.137765 0.142188 0.229174 0.0737181 0.0369661 0.04859 0.0332649 0.00937772 0.00159769 0.00298694 0.0434069 0.0369338 0.00705073 0.0099093 0.00463682 0.0181001 0.023631 0.0561768 
2004 0 0.0138951 0.0420476 0.118097 0.132678 0.124693 0.236995 0.0407073 0.0268356 0.0520623 0.092656 0.0111796 0.0270252 0.00406025 0.0178444 0.012893 0.00408819 0.00268517 0.0142023 0.00973213 0.0156229 
2005 0 0.0235011 0.0735406 0.0377862 0.161422 0.0756452 0.0627821 0.127239 0.0412487 0.031158 0.0287368 0.0360582 0.058991 0.0889458 0.00239556 0.0491733 0.0125695 0.0268558 0.00393493 0.00373132 0.0542846 
2006 0 0.00395872 0.0152291 0.115784 0.115023 0.175834 0.164493 0.0639463 0.0995887 0.0375594 0.0161924 0.00645619 0.011243 0.0109681 0.0104461 0.00116634 0.013843 0.00409881 0.00677864 0.0168335 0.110558 
2007 0 0.000138977 0.000895555 0.00833849 0.0221673 0.0092637 0.0179704 0.00836975 0.00856789 0.00856187 0.00399039 0.00226464 0.0023496 0.00152534 0.000196195 9.80975e-005 0 0.000294292 0.000196195 9.80975e-005 0.904713 
2008 0 0 0.00506746 0.0154212 0.122277 0.194363 0.0703695 0.160331 0.0866117 0.0569357 0.112515 0.0284362 0.00885264 0.0112608 0.0282852 0.00108105 0 0.00213675 0.0198972 0.0265255 0.0496329 
2009 0 0.0421286 0.020595 0.101417 0.0435297 0.148737 0.164905 0.0770401 0.099153 0.0721318 0.0499133 0.0409532 0.0340178 0.0264496 0.0161219 0.0143282 0.0176616 0.00347918 0 0.0141492 0.0132884 
2010 0 0.00236484 0.111994 0.0269303 0.0852113 0.0263868 0.0988853 0.107755 0.0862049 0.134003 0.045126 0.068545 0.107208 0.030125 0.00351677 0.00685565 0 0.0179648 0 0.00224561 0.0386779 
2011 0 0 0.0325916 0.246162 0.0681825 0.0566704 0.0180088 0.0473112 0.121942 0.0367247 0.102971 0.0595176 0.0252562 0.0757198 0.0489556 0.00904741 0.00443698 0.00685233 0.00228411 0 0.0373661 
2012 0 0.0265174 0.0465834 0.0350746 0.265742 0.0405021 0.046827 0.0213686 0.0438828 0.087326 0.0411698 0.114335 0.0729352 0.0278234 0.0442506 0.0176537 0.00625643 0.00677431 0.0148174 0.0113696 0.0287909 
2013 0 0.0196613 0.0532048 0.107603 0.104186 0.334549 0.0541254 0.0349432 0.0303562 0.0505021 0.0672426 0.0235383 0.0233468 0.0113836 0.00384464 0.0327822 0.0163023 0.0118651 0.00617437 0.00873655 0.00565259 
end_table
table error_values
1990 0 0 0 0 0 0 0 0 0 0 0 0 0 0 0 0 0 0 0 0 0 
1991 0 0 0 0 0 0 0 0 0 0 0 0 0 0 0 0 0 0 0 0 0 
1992 0 0 0 0 0 0 0 0 0 0 0 0 0 0 0 0 0 0 0 0 0 
1993 0 0 0 0 0 0 0 0 0 0 0 0 0 0 0 0 0 0 0 0 0 
1994 0 0 0 0 0 0 0 0 0 0 0 0 0 0 0 0 0 0 0 0 0 
1995 0 0 0 0 0 0 0 0 0 0 0 0 0 0 0 0 0 0 0 0 0 
1996 0 0 0 0 0 0 0 0 0 0 0 0 0 0 0 0 0 0 0 0 0 
1997 0 0 0 0 0 0 0 0 0 0 0 0 0 0 0 0 0 0 0 0 0 
1998 0 0 0 0 0 0 0 0 0 0 0 0 0 0 0 0 0 0 0 0 0 
1999 0 0 0 0 0 0 0 0 0 0 0 0 0 0 0 0 0 0 0 0 0 
2000 0 0 0 0 0 0 0 0 0 0 0 0 0 0 0 0 0 0 0 0 0 
2001 0 0 0 0 0 0 0 0 0 0 0 0 0 0 0 0 0 0 0 0 0 
2002 0 0 0 0 0 0 0 0 0 0 0 0 0 0 0 0 0 0 0 0 0 
2003 0 0 0 0 0 0 0 0 0 0 0 0 0 0 0 0 0 0 0 0 0 
2004 0 0 0 0 0 0 0 0 0 0 0 0 0 0 0 0 0 0 0 0 0 
2005 0 0 0 0 0 0 0 0 0 0 0 0 0 0 0 0 0 0 0 0 0 
2006 0 0 0 0 0 0 0 0 0 0 0 0 0 0 0 0 0 0 0 0 0 
2007 0 0 0 0 0 0 0 0 0 0 0 0 0 0 0 0 0 0 0 0 0 
2008 0 0 0 0 0 0 0 0 0 0 0 0 0 0 0 0 0 0 0 0 0 
2009 0 0 0 0 0 0 0 0 0 0 0 0 0 0 0 0 0 0 0 0 0 
2010 0 0 0 0 0 0 0 0 0 0 0 0 0 0 0 0 0 0 0 0 0 
2011 0 0 0 0 0 0 0 0 0 0 0 0 0 0 0 0 0 0 0 0 0 
2012 0 0 0 0 0 0 0 0 0 0 0 0 0 0 0 0 0 0 0 0 0 
2013 0 0 0 0 0 0 0 0 0 0 0 0 0 0 0 0 0 0 0 0 0 
end_table

