@observation HG_age_sample_sim
age_samples_per_cluster 10 
ageing_error age_error 
average_cluster_weight 6 
cluster_cv 0.6 
cluster_sigma 1.1 
fishery_label Fishing_LL 
layer_of_stratum_definitions area_definition 
max_age 20 
min_age 0 
process_label fishing 
strata_to_include HG 
type mortality_event_biomass_age_clusters 
years 1990 1991 1992 1993 1994 1995 1996 1997 1998 1999 2000 2001 2002 2003 2004 2005 2006 2007 2008 2009 2010 2011 2012 2013 
table obs
1990 0 0.00674266 0.0107636 0.0403084 0.0711698 0.0640087 0.0622923 0.0685378 0.0627422 0.0494386 0.0500938 0.0713253 0.0651971 0.0511436 0.0428493 0.0335848 0.0270174 0.0379221 0.0300946 0.0342461 0.120522 
1991 0 0.00301727 0.0194556 0.0966724 0.142138 0.129367 0.110034 0.0914544 0.0753907 0.0664732 0.0466958 0.0228805 0.0260168 0.0198353 0.0179955 0.0202159 0.035479 0.0159705 0.00839048 0.00924748 0.0432703 
1992 0 0.0279983 0.0197053 0.0460078 0.0570246 0.068045 0.0392707 0.0632107 0.0463525 0.0305916 0.024064 0.045035 0.0470184 0.0941792 0.0456497 0.0660162 0.0503368 0.0354815 0.0457555 0.0402911 0.107966 
1993 0 0.00622244 0.00926596 0.199635 0.109113 0.147648 0.0715954 0.0569662 0.0433889 0.0518087 0.04037 0.0245449 0.0409169 0.0450094 0.0452408 0.0147664 0.0103144 0.0021657 0.00264554 0.00862873 0.0697537 
1994 0 0.017767 0.0255923 0.0205295 0.105092 0.120752 0.109031 0.0603259 0.0493804 0.0400595 0.0410482 0.0492016 0.0409299 0.0225005 0.0328709 0.0346744 0.0269042 0.0276202 0.0280085 0.0220865 0.125626 
1995 0 0.00999546 0.0117818 0.0652575 0.0332757 0.153115 0.0957253 0.108964 0.0633492 0.0369851 0.0311721 0.0350687 0.0482499 0.0630575 0.0609683 0.0561718 0.0356616 0.0150799 0.018437 0.00482588 0.0528588 
1996 0 0 0.0115162 0.00928472 0.0247998 0.0327874 0.153712 0.0952905 0.0846633 0.0510412 0.0671626 0.0267234 0.043069 0.025131 0.0323693 0.0416391 0.0467617 0.0636517 0.0131026 0.0283821 0.148913 
1997 0 0.00153636 0.0125397 0.102871 0.040373 0.0711052 0.0208187 0.0896947 0.0562771 0.0740307 0.0758285 0.0508694 0.043509 0.0412913 0.0293814 0.0331539 0.0260047 0.0371475 0.0124832 0.0264158 0.154669 
1998 0 0.00851061 0.033332 0.0716771 0.11498 0.048593 0.0846663 0.0394478 0.0994865 0.0887955 0.0645266 0.0644809 0.0446138 0.0248004 0.0265003 0.011033 0.0174591 0.0131884 0.00333328 0.0149746 0.125601 
1999 0 0.0217717 0.0544035 0.0568031 0.123368 0.174717 0.0439349 0.0541336 0.0290847 0.0456415 0.044883 0.0511023 0.042335 0.0271974 0.0354639 0.0344774 0.0167801 0.00986265 0.00840436 0.0122761 0.11336 
2000 0 0.0190823 0.0778256 0.0592593 0.0519526 0.103606 0.123174 0.0448581 0.0494416 0.0368994 0.077243 0.0347736 0.0362376 0.0487545 0.0387541 0.0389418 0.0421909 0.016783 0.0117274 0.00713415 0.0813612 
2001 0 0.00803717 0.0371671 0.153994 0.129649 0.0908637 0.0898996 0.11412 0.0491141 0.03187 0.00942647 0.0470021 0.0338975 0.0118114 0.00872727 0.00903592 0.0100047 0.009591 0.0198355 0.00612841 0.129826 
2002 0 0.0223821 0.0608604 0.144552 0.242597 0.0823656 0.0496104 0.0772744 0.0669031 0.0278806 0.0208722 0.00346746 0.0258798 0.0311837 0.0175198 0.0194123 0.036991 0.0260025 0.0223517 0.00879902 0.0130952 
2003 0 0.0119836 0.101754 0.0874796 0.122515 0.225238 0.0804976 0.0519788 0.030189 0.04015 0.00889694 0.0738697 0.0217969 0.019331 0.0254184 0.00332929 0 0 0 0 0.0955718 
2004 0 0.0356748 0.0474024 0.13668 0.157366 0.14557 0.147594 0.0526047 0.0298559 0.0375024 0.0364776 0.0082603 0.00758954 0.0139191 0.0360518 0.00996336 0.00169683 0.00339365 0.0116042 0.00481692 0.0759769 
2005 0 0.0107092 0.059839 0.0668062 0.155921 0.127955 0.105775 0.138556 0.0488302 0.0189227 0.0311724 0.0195507 0.0170362 0.0281287 0.00397979 0.0258547 0.0360379 0.00493169 0.00484789 0.00161729 0.0935284 
2006 0 0 0.0934152 0.134378 0.106344 0.104518 0.0798068 0.0755678 0.158002 0.0883609 0.021575 0.013855 0.016801 0.0100756 0.00883899 0 0.0225291 0.00784561 0.00464689 0.00864032 0.0448005 
2007 0 0.000264874 0.000561122 0.00825126 0.0277038 0.01722 0.0247654 0.0163375 0.00831193 0.0184779 0.00383929 0.00300559 0.00282243 0.00201232 0.000432539 0.00215128 0.000124074 0 0.00864308 0.00523721 0.849838 
2008 0 0 0.022012 0.0209713 0.137884 0.239022 0.0794981 0.118645 0.0867806 0.0701558 0.103925 0.0281633 0.0260292 0.0203943 0.0156123 0.00330276 0 0.00104428 0.00483274 0.00509973 0.0166279 
2009 0 0.0562857 0.0196692 0.0217655 0.019602 0.0867773 0.117941 0.0835685 0.131352 0.0901049 0.0816069 0.135684 0.040178 0.0298565 0.0361904 0.00944551 0.005149 0.00413701 0 0.0111583 0.019528 
2010 0 0.0173502 0.102018 0.0343198 0.0907482 0.0316286 0.0853411 0.149663 0.0879553 0.0952236 0.0842453 0.0597347 0.0587897 0.0133036 0.0103734 0.00957263 0.00621373 0.00206104 0.00618311 0.00206104 0.0532136 
2011 0 0.00361292 0.0371151 0.265479 0.0813349 0.106582 0.0235899 0.107038 0.0922497 0.0461618 0.0388278 0.032176 0.0228294 0.0454991 0.0197937 0.00127892 0 0 0 0.00537013 0.0710616 
2012 0 0.0232865 0.0531216 0.0418332 0.359815 0.10719 0.112622 0.0428724 0.0576817 0.0639816 0.0357929 0.0176743 0.0193701 0.014745 0.0133798 0.0201651 0.00808527 0.00132649 0.00440396 0.00265299 0 
2013 0 0 0.0503486 0.0464954 0.104588 0.315022 0.033535 0.0178618 0.0117293 0.0192669 0.0667008 0.0354484 0.109791 0.0273717 0.0117046 0.0240675 0.00207572 0.00730248 0.0043379 0.0173047 0.0950484 
end_table
table error_values
1990 0 0 0 0 0 0 0 0 0 0 0 0 0 0 0 0 0 0 0 0 0 
1991 0 0 0 0 0 0 0 0 0 0 0 0 0 0 0 0 0 0 0 0 0 
1992 0 0 0 0 0 0 0 0 0 0 0 0 0 0 0 0 0 0 0 0 0 
1993 0 0 0 0 0 0 0 0 0 0 0 0 0 0 0 0 0 0 0 0 0 
1994 0 0 0 0 0 0 0 0 0 0 0 0 0 0 0 0 0 0 0 0 0 
1995 0 0 0 0 0 0 0 0 0 0 0 0 0 0 0 0 0 0 0 0 0 
1996 0 0 0 0 0 0 0 0 0 0 0 0 0 0 0 0 0 0 0 0 0 
1997 0 0 0 0 0 0 0 0 0 0 0 0 0 0 0 0 0 0 0 0 0 
1998 0 0 0 0 0 0 0 0 0 0 0 0 0 0 0 0 0 0 0 0 0 
1999 0 0 0 0 0 0 0 0 0 0 0 0 0 0 0 0 0 0 0 0 0 
2000 0 0 0 0 0 0 0 0 0 0 0 0 0 0 0 0 0 0 0 0 0 
2001 0 0 0 0 0 0 0 0 0 0 0 0 0 0 0 0 0 0 0 0 0 
2002 0 0 0 0 0 0 0 0 0 0 0 0 0 0 0 0 0 0 0 0 0 
2003 0 0 0 0 0 0 0 0 0 0 0 0 0 0 0 0 0 0 0 0 0 
2004 0 0 0 0 0 0 0 0 0 0 0 0 0 0 0 0 0 0 0 0 0 
2005 0 0 0 0 0 0 0 0 0 0 0 0 0 0 0 0 0 0 0 0 0 
2006 0 0 0 0 0 0 0 0 0 0 0 0 0 0 0 0 0 0 0 0 0 
2007 0 0 0 0 0 0 0 0 0 0 0 0 0 0 0 0 0 0 0 0 0 
2008 0 0 0 0 0 0 0 0 0 0 0 0 0 0 0 0 0 0 0 0 0 
2009 0 0 0 0 0 0 0 0 0 0 0 0 0 0 0 0 0 0 0 0 0 
2010 0 0 0 0 0 0 0 0 0 0 0 0 0 0 0 0 0 0 0 0 0 
2011 0 0 0 0 0 0 0 0 0 0 0 0 0 0 0 0 0 0 0 0 0 
2012 0 0 0 0 0 0 0 0 0 0 0 0 0 0 0 0 0 0 0 0 0 
2013 0 0 0 0 0 0 0 0 0 0 0 0 0 0 0 0 0 0 0 0 0 
end_table

