@observation HG_age_sample_sim
age_samples_per_cluster 10 
ageing_error age_error 
average_cluster_weight 6 
cluster_cv 0.6 
cluster_sigma 1.1 
fishery_label Fishing_LL 
layer_of_stratum_definitions area_definition 
max_age 20 
min_age 0 
process_label fishing 
strata_to_include HG 
type mortality_event_biomass_age_clusters 
years 1990 1991 1992 1993 1994 1995 1996 1997 1998 1999 2000 2001 2002 2003 2004 2005 2006 2007 2008 2009 2010 2011 2012 2013 
table obs
1990 0 0.0109083 0.0255742 0.0685375 0.0815727 0.0655692 0.0832096 0.0532773 0.0615706 0.056905 0.0261792 0.0509659 0.0521404 0.0281444 0.0436797 0.0228151 0.0315712 0.0245052 0.0248399 0.0639763 0.124058 
1991 0 0.0255725 0.051295 0.0794442 0.094373 0.0974903 0.0770362 0.0666853 0.0489693 0.0481675 0.047195 0.0311587 0.0145459 0.0545953 0.0708271 0.0201311 0.0261945 0.0295211 0.0311775 0.0137681 0.0718521 
1992 0 0.00815049 0.00704632 0.0735258 0.130052 0.121079 0.0753226 0.0915479 0.0783647 0.0455502 0.0345129 0.0338334 0.042369 0.0357365 0.0445486 0.020303 0.0223162 0.0216115 0.0224143 0.00870797 0.0830073 
1993 0 0.00111185 0.0245856 0.0774833 0.100796 0.0938163 0.0659238 0.069189 0.0461416 0.0495754 0.0309559 0.0530911 0.0492166 0.0473523 0.0411766 0.0316179 0.0259524 0.020929 0.00977511 0.0218563 0.139454 
1994 0 0.00132948 0.0201199 0.0173531 0.131687 0.072258 0.0566835 0.0524347 0.0488068 0.0554638 0.0811311 0.0803169 0.0771954 0.0304443 0.0216558 0.0338053 0.054339 0.0349705 0.0325008 0.0283917 0.0691132 
1995 0 0.0143341 0.0115226 0.0267277 0.0403284 0.155107 0.140423 0.0685071 0.0960748 0.0740948 0.053151 0.0451544 0.0457163 0.0220804 0.0241016 0.0255459 0.0288152 0.0047356 0.0119587 0.0111479 0.100474 
1996 0 0.011751 0.0471588 0.0550943 0.0830586 0.028949 0.0941182 0.0628333 0.0539463 0.0636513 0.0430945 0.0525737 0.0476219 0.0439263 0.0483015 0.0459418 0.0427311 0.0274287 0.0257869 0.0158563 0.106176 
1997 0 0.00117569 0.0545467 0.10731 0.0634453 0.0985084 0.0285444 0.124085 0.094967 0.0753888 0.0469259 0.0387849 0.0477191 0.034228 0.0199793 0.0120325 0.00850753 0.00407985 0.03251 0.00712086 0.100141 
1998 0 0.00498681 0.0234497 0.0670269 0.178127 0.0623645 0.055984 0.039676 0.0643515 0.0584662 0.0566503 0.0528368 0.046745 0.0185554 0.018788 0.0242661 0.0274308 0.0310783 0.0116657 0.0181561 0.139395 
1999 0 0.0472236 0.0556579 0.0564643 0.0741489 0.16417 0.0895143 0.0335623 0.0118378 0.0404748 0.0514465 0.0677901 0.0532462 0.0511988 0.0310262 0.0167252 0.0255686 0.0426053 0.0322091 0.0116458 0.0434842 
2000 0 0 0.0848591 0.0997413 0.0913668 0.119238 0.126046 0.0306985 0.0643116 0.039538 0.0506769 0.0257349 0.0203353 0.0336383 0.0297479 0.0166292 0.0249991 0.0128187 0.00905413 0.0223809 0.0981852 
2001 0 0.00993181 0.042968 0.202884 0.15323 0.0832531 0.061958 0.0764481 0.0254347 0.0431323 0.0077611 0.045994 0.0182509 0.0187305 0.0194656 0.0133404 0.0128018 0.0215051 0.0182742 0.0318898 0.0927474 
2002 0 0.039221 0.049114 0.105732 0.261325 0.0828535 0.0353084 0.043393 0.060353 0.0359573 0.0483753 0.00739743 0.0471536 0.0273769 0.0191176 0.00755564 0.0192866 0.0200035 0.0075881 0.00658007 0.0763084 
2003 0 0 0.0133141 0.0474371 0.0754323 0.178245 0.1038 0.0578418 0.077939 0.0660415 0.0271105 0.041391 0.00770807 0.039107 0.0172944 0.0370444 0.0630226 0.0253286 0.0123374 0.0172147 0.0923902 
2004 0 0.0348942 0.0128713 0.154732 0.132159 0.105605 0.0981141 0.0634509 0.0553948 0.0470046 0.0955945 0.0244273 0.0359854 0.0208297 0.00789698 0.00167238 0.00876308 0.00939296 0.00618754 0.00373985 0.0812852 
2005 0 0.0100053 0.0292242 0.0541709 0.171568 0.151792 0.110453 0.176362 0.049858 0.0186057 0.038962 0.0426473 0.0262095 0.0544065 0.00595426 0.00443933 0.00565575 0.00565575 0.00262588 0 0.0414045 
2006 0 0 0.0606619 0.145579 0.0802883 0.225896 0.109626 0.0713802 0.115269 0.0658932 0.0376081 0.0355926 0.0232875 0.000888767 0 0.00177753 0.0101528 0.0029008 0 0 0.0131988 
2007 0 0.000622965 0.000592935 0.00808733 0.0184122 0.0099687 0.0191564 0.0100095 0.00538668 0.0096401 0.00238929 0.000303186 0 0.000441179 0.00108853 0.000490504 8.28602e-005 0.0013676 0.00202362 0.00171235 0.908224 
2008 0 0.0103247 0.022395 0.0243868 0.0538684 0.15469 0.0947536 0.157003 0.0924374 0.0818381 0.101917 0.0327109 0.031689 0.0212939 0.038275 0 0.00169497 0.00169497 0.0134518 0.0107254 0.0548506 
2009 0 0.0639952 0.040681 0.0927684 0.0300054 0.0577907 0.109171 0.0461163 0.126968 0.0788279 0.0373943 0.0932218 0.0232753 0.0169799 0.0342072 0.0454087 0.00779374 0.0119943 0 0.0125056 0.0708946 
2010 0 0.0014471 0.162754 0.0212466 0.0732007 0.0292108 0.0851573 0.11083 0.0525558 0.107223 0.0772045 0.0467291 0.075769 0.0312584 0.00693697 0.0106932 0.0369239 0.00486574 0.000587839 0.00117568 0.06423 
2011 0 0.00752663 0.0280266 0.298011 0.064092 0.098895 0.0087392 0.0458953 0.0748365 0.0377016 0.0875655 0.0802336 0.0202942 0.0570813 0.0104257 0.0104593 0.0202003 0.0214061 0.00114261 0 0.0274679 
2012 0 0.0122362 0.0350732 0.0220493 0.404494 0.0376733 0.0628297 0.0302597 0.060012 0.0631704 0.0172523 0.0336379 0.0645051 0.0205878 0.0485097 0.012604 0.00377048 0.0119698 0.00577864 0.0023544 0.0512326 
2013 0 0.00325189 0.0613277 0.035828 0.0552717 0.322031 0.0334489 0.0573321 0.0240179 0.0588605 0.0905451 0.0310077 0.0649939 0.0556803 0.0224995 0.0272388 0 0.00246226 0.00738677 0.00322338 0.0435923 
end_table
table error_values
1990 0 0 0 0 0 0 0 0 0 0 0 0 0 0 0 0 0 0 0 0 0 
1991 0 0 0 0 0 0 0 0 0 0 0 0 0 0 0 0 0 0 0 0 0 
1992 0 0 0 0 0 0 0 0 0 0 0 0 0 0 0 0 0 0 0 0 0 
1993 0 0 0 0 0 0 0 0 0 0 0 0 0 0 0 0 0 0 0 0 0 
1994 0 0 0 0 0 0 0 0 0 0 0 0 0 0 0 0 0 0 0 0 0 
1995 0 0 0 0 0 0 0 0 0 0 0 0 0 0 0 0 0 0 0 0 0 
1996 0 0 0 0 0 0 0 0 0 0 0 0 0 0 0 0 0 0 0 0 0 
1997 0 0 0 0 0 0 0 0 0 0 0 0 0 0 0 0 0 0 0 0 0 
1998 0 0 0 0 0 0 0 0 0 0 0 0 0 0 0 0 0 0 0 0 0 
1999 0 0 0 0 0 0 0 0 0 0 0 0 0 0 0 0 0 0 0 0 0 
2000 0 0 0 0 0 0 0 0 0 0 0 0 0 0 0 0 0 0 0 0 0 
2001 0 0 0 0 0 0 0 0 0 0 0 0 0 0 0 0 0 0 0 0 0 
2002 0 0 0 0 0 0 0 0 0 0 0 0 0 0 0 0 0 0 0 0 0 
2003 0 0 0 0 0 0 0 0 0 0 0 0 0 0 0 0 0 0 0 0 0 
2004 0 0 0 0 0 0 0 0 0 0 0 0 0 0 0 0 0 0 0 0 0 
2005 0 0 0 0 0 0 0 0 0 0 0 0 0 0 0 0 0 0 0 0 0 
2006 0 0 0 0 0 0 0 0 0 0 0 0 0 0 0 0 0 0 0 0 0 
2007 0 0 0 0 0 0 0 0 0 0 0 0 0 0 0 0 0 0 0 0 0 
2008 0 0 0 0 0 0 0 0 0 0 0 0 0 0 0 0 0 0 0 0 0 
2009 0 0 0 0 0 0 0 0 0 0 0 0 0 0 0 0 0 0 0 0 0 
2010 0 0 0 0 0 0 0 0 0 0 0 0 0 0 0 0 0 0 0 0 0 
2011 0 0 0 0 0 0 0 0 0 0 0 0 0 0 0 0 0 0 0 0 0 
2012 0 0 0 0 0 0 0 0 0 0 0 0 0 0 0 0 0 0 0 0 0 
2013 0 0 0 0 0 0 0 0 0 0 0 0 0 0 0 0 0 0 0 0 0 
end_table

