@observation HG_age_sample_sim
age_samples_per_cluster 10 
ageing_error age_error 
average_cluster_weight 6 
cluster_cv 0.6 
cluster_sigma 1.1 
fishery_label Fishing_LL 
layer_of_stratum_definitions area_definition 
max_age 20 
min_age 0 
process_label fishing 
strata_to_include HG 
type mortality_event_biomass_age_clusters 
years 1990 1991 1992 1993 1994 1995 1996 1997 1998 1999 2000 2001 2002 2003 2004 2005 2006 2007 2008 2009 2010 2011 2012 2013 
table obs
1990 0 0.0187844 0.0184157 0.059073 0.0808815 0.0877012 0.057753 0.0553438 0.0549536 0.0768935 0.0623519 0.0570555 0.0511918 0.0194477 0.0185341 0.018939 0.0151869 0.0140055 0.0190553 0.0160919 0.198341 
1991 0 0.0108899 0.0467877 0.0621515 0.0573174 0.0913866 0.0512714 0.0945104 0.0541511 0.0634649 0.0716421 0.0407853 0.0321248 0.0213138 0.0141728 0.0198111 0.0451828 0.016195 0.0215608 0.0147881 0.170492 
1992 0 0 0.0234148 0.0746715 0.0596871 0.0582218 0.0563948 0.0523591 0.157691 0.0746652 0.0413998 0.0227802 0.0402031 0.036976 0.0092345 0.0426377 0.0518448 0.0529291 0.0087974 0.0115061 0.124586 
1993 0 0.00795875 0.0107253 0.066267 0.108554 0.131104 0.0939989 0.104869 0.0607153 0.0368958 0.0352281 0.0277524 0.0266825 0.0380613 0.0168455 0.0193347 0.0261591 0.0204456 0.0213046 0.0121396 0.134958 
1994 0 0.00808187 0.0458084 0.0243096 0.0794535 0.102457 0.102524 0.0636438 0.0748579 0.0405628 0.030985 0.0170479 0.031583 0.0421511 0.0262572 0.0398673 0.0218524 0.0319972 0.023399 0.00957427 0.183586 
1995 0 0.0361195 0.0341025 0.0658782 0.0771882 0.15672 0.154306 0.105634 0.0358803 0.0258732 0.0301764 0.012162 0.0173398 0.0187163 0.00893642 0.0174463 0.0195843 0.0226559 0.0310622 0.0261837 0.104035 
1996 0 0 0.0791852 0.0939921 0.132506 0.0433863 0.101841 0.0772438 0.0499103 0.0419357 0.0512426 0.0537446 0.0387619 0.0498891 0.0344474 0.00959667 0.00638409 0.0142169 0.00858365 0.00822032 0.104912 
1997 0 0.0134725 0.0393504 0.187277 0.0710019 0.108761 0.0318963 0.091727 0.0569489 0.0497207 0.0235001 0.0363157 0.0183511 0.0218813 0.0361024 0.0432991 0.035076 0.0126055 0.0103365 0.00797049 0.104407 
1998 0 0 0.0128165 0.110313 0.159527 0.0498454 0.0774946 0.0277355 0.0812803 0.0685163 0.0544179 0.0608028 0.0402396 0.0336223 0.00482778 0.00650994 0.00395247 0.00609036 0.007489 0.0175654 0.176954 
1999 0 0.0158705 0.0583377 0.0351176 0.110077 0.13392 0.0616628 0.0490227 0.0245048 0.0837327 0.0346673 0.0107414 0.0443377 0.0439756 0.0201676 0.0206597 0.0160076 0.024524 0.0126682 0.00691255 0.193092 
2000 0 0.0220906 0.0696791 0.0669124 0.089122 0.115346 0.198354 0.0258095 0.0559356 0.00626679 0.0333565 0.0246779 0.042859 0.0423655 0.0266808 0.0267945 0.01713 0.016305 0.0300134 0.019421 0.0708805 
2001 0 0.00481074 0.05497 0.231226 0.13516 0.0912754 0.070764 0.0667539 0.00734984 0.0233827 0.00170719 0.075092 0.0363781 0.0211819 0.00717218 0.0215776 0.0170744 0.00929018 0.0368666 0.00480784 0.0831587 
2002 0 0.00266175 0.0193866 0.0680152 0.228819 0.120519 0.059362 0.0861068 0.0999178 0.0405811 0.0289296 0.00699278 0.0313886 0.0305696 0.0216063 0.0161682 0.0120081 0.0249246 0.0179659 0 0.0840773 
2003 0 0.0082556 0.0753139 0.0694484 0.0958508 0.246866 0.0528603 0.0329278 0.0353449 0.0867549 0.0203731 0.0374985 0.00325201 0.0164416 0.0107675 0.00235386 0.0015076 0.00452279 0.00608149 0.0171862 0.176393 
2004 0 0.0464751 0.0702437 0.136478 0.0822608 0.102052 0.194223 0.0767776 0.0299634 0.0256986 0.0425497 0.00193278 0.0204002 0.00549134 0.0225348 0.0158826 0.013165 0.0157743 0.0121114 0 0.0859852 
2005 0 0 0.0271684 0.0854091 0.115428 0.0512274 0.0830749 0.17539 0.0742671 0.0431669 0.0680602 0.0275552 0.0468339 0.044856 0.00437309 0.049014 0.0160195 0.020047 0.00479337 0.00280416 0.0605116 
2006 0 0.00289764 0.0323264 0.110806 0.0916016 0.156965 0.0974017 0.0568625 0.145661 0.0405778 0.0359492 0.0292683 0.0262799 0.0190341 0.0247185 0.00914263 0.0225966 0.0376609 0.00168961 0.0194553 0.0391056 
2007 0 0.00245777 0.000496924 0.00396678 0.0115233 0.00623645 0.0159703 0.0099544 0.00481656 0.00988185 0.0035464 0.00390032 0.00369329 0.0015637 0.00128 0.000903589 0.000653649 0.00308999 0.00062103 0.00139384 0.91405 
2008 0 0.018339 0.0362139 0.0292421 0.107117 0.158436 0.102418 0.110737 0.102537 0.0662918 0.102653 0.0294753 0.0220355 0.0187454 0.0137689 0.00193826 0.0116296 0.00193826 0.0190325 0.00757419 0.0398773 
2009 0 0.0295803 0.0135707 0.0604771 0.0284679 0.100895 0.164433 0.0842168 0.115956 0.0739958 0.0845457 0.0744214 0.0175228 0.00173237 0.00789956 0.013263 0.00555016 0.0140919 0.00174721 0.00753515 0.100098 
2010 0 0.00272031 0.0615033 0.0272199 0.0728889 0.0204245 0.108577 0.127206 0.0621941 0.137898 0.047581 0.0214622 0.0948457 0.0474137 0.03621 0.0145021 0.0261818 0.0123394 0.011266 0.00346287 0.0641041 
2011 0 0.00858828 0.019143 0.30045 0.0594196 0.0709752 0.0184396 0.066252 0.0933532 0.0552233 0.0832216 0.0813339 0.0227814 0.0191463 0.0154131 0.0137013 0.0169048 0.00926674 0.00348071 0.00918646 0.03372 
2012 0 0.00205879 0.00635236 0.00992707 0.299374 0.0445787 0.0955451 0.0106339 0.0361368 0.071117 0.0391704 0.0726997 0.0756127 0.0465958 0.0733345 0.0196398 0.016412 0.0104543 0.0131177 0.00739585 0.0498432 
2013 0 0.00549131 0.0628427 0.0621709 0.0747459 0.394878 0.053332 0.0530677 0.0160891 0.0335107 0.0495847 0.0191647 0.0225784 0.0295593 0.00921428 0.0416137 0.00652034 0.00290256 0.0046492 0.0070753 0.0510092 
end_table
table error_values
1990 0 0 0 0 0 0 0 0 0 0 0 0 0 0 0 0 0 0 0 0 0 
1991 0 0 0 0 0 0 0 0 0 0 0 0 0 0 0 0 0 0 0 0 0 
1992 0 0 0 0 0 0 0 0 0 0 0 0 0 0 0 0 0 0 0 0 0 
1993 0 0 0 0 0 0 0 0 0 0 0 0 0 0 0 0 0 0 0 0 0 
1994 0 0 0 0 0 0 0 0 0 0 0 0 0 0 0 0 0 0 0 0 0 
1995 0 0 0 0 0 0 0 0 0 0 0 0 0 0 0 0 0 0 0 0 0 
1996 0 0 0 0 0 0 0 0 0 0 0 0 0 0 0 0 0 0 0 0 0 
1997 0 0 0 0 0 0 0 0 0 0 0 0 0 0 0 0 0 0 0 0 0 
1998 0 0 0 0 0 0 0 0 0 0 0 0 0 0 0 0 0 0 0 0 0 
1999 0 0 0 0 0 0 0 0 0 0 0 0 0 0 0 0 0 0 0 0 0 
2000 0 0 0 0 0 0 0 0 0 0 0 0 0 0 0 0 0 0 0 0 0 
2001 0 0 0 0 0 0 0 0 0 0 0 0 0 0 0 0 0 0 0 0 0 
2002 0 0 0 0 0 0 0 0 0 0 0 0 0 0 0 0 0 0 0 0 0 
2003 0 0 0 0 0 0 0 0 0 0 0 0 0 0 0 0 0 0 0 0 0 
2004 0 0 0 0 0 0 0 0 0 0 0 0 0 0 0 0 0 0 0 0 0 
2005 0 0 0 0 0 0 0 0 0 0 0 0 0 0 0 0 0 0 0 0 0 
2006 0 0 0 0 0 0 0 0 0 0 0 0 0 0 0 0 0 0 0 0 0 
2007 0 0 0 0 0 0 0 0 0 0 0 0 0 0 0 0 0 0 0 0 0 
2008 0 0 0 0 0 0 0 0 0 0 0 0 0 0 0 0 0 0 0 0 0 
2009 0 0 0 0 0 0 0 0 0 0 0 0 0 0 0 0 0 0 0 0 0 
2010 0 0 0 0 0 0 0 0 0 0 0 0 0 0 0 0 0 0 0 0 0 
2011 0 0 0 0 0 0 0 0 0 0 0 0 0 0 0 0 0 0 0 0 0 
2012 0 0 0 0 0 0 0 0 0 0 0 0 0 0 0 0 0 0 0 0 0 
2013 0 0 0 0 0 0 0 0 0 0 0 0 0 0 0 0 0 0 0 0 0 
end_table

