@observation HG_age_sample_sim
age_samples_per_cluster 10 
ageing_error age_error 
average_cluster_weight 6 
cluster_cv 0.6 
cluster_sigma 1.1 
fishery_label Fishing_LL 
layer_of_stratum_definitions area_definition 
max_age 20 
min_age 0 
process_label fishing 
strata_to_include HG 
type mortality_event_biomass_age_clusters 
years 1990 1991 1992 1993 1994 1995 1996 1997 1998 1999 2000 2001 2002 2003 2004 2005 2006 2007 2008 2009 2010 2011 2012 2013 
table obs
1990 0 0.015227 0.0184605 0.0936846 0.0587967 0.098637 0.142949 0.0933111 0.0498122 0.0664903 0.049033 0.0559981 0.0507244 0.0219232 0.0200091 0.00566823 0.0113688 0.0255682 0.0133284 0.0256723 0.0833379 
1991 0 0.0319581 0.0369812 0.0502321 0.0782276 0.0963569 0.0616328 0.0600937 0.0467657 0.0772604 0.0803939 0.0500492 0.0363097 0.0398257 0.027719 0.0316005 0.0269813 0.0127353 0.0217947 0.0260736 0.107009 
1992 0 0.00493856 0.0238839 0.0926116 0.0820661 0.11914 0.0719708 0.0604491 0.0630313 0.0267076 0.0764995 0.0481171 0.033983 0.0168495 0.0349854 0.0339898 0.032504 0.0171347 0.0302236 0.0103626 0.120552 
1993 0 0 0.00104834 0.0528272 0.0655433 0.10111 0.0772805 0.0555859 0.0434629 0.038619 0.0536498 0.0142769 0.0196678 0.0568877 0.0596803 0.0410625 0.0423662 0.044919 0.0162407 0.0348781 0.180894 
1994 0 0 0.00821322 0.0295007 0.0770572 0.11675 0.0843869 0.0563574 0.0683413 0.0577671 0.0524082 0.0405298 0.016566 0.032875 0.023042 0.0415299 0.0315339 0.0200479 0.0195391 0.025733 0.197822 
1995 0 0.037021 0.0302067 0.0212632 0.0381241 0.109014 0.08555 0.0543869 0.0493042 0.0503375 0.0527806 0.0555141 0.0652601 0.0736314 0.0641491 0.0418412 0.013895 0.00985177 0.015228 0.00277693 0.129864 
1996 0 0.00688886 0.0326467 0.0906781 0.0921783 0.0534072 0.0890053 0.0836332 0.0917799 0.0584614 0.045703 0.0411532 0.0360608 0.0359129 0.068538 0.0386893 0.0322092 0.00815824 0.0127969 0.0107257 0.0713737 
1997 0 0.000731566 0.0467453 0.141277 0.0685312 0.087973 0.021709 0.10513 0.0904066 0.0399278 0.048551 0.0315424 0.0489137 0.0318176 0.027778 0.0182638 0.0064222 0.0143159 0.0238839 0.012905 0.133176 
1998 0 0.0106281 0.0175646 0.0642239 0.211934 0.0621942 0.0727616 0.0427421 0.0790281 0.032972 0.0301506 0.0364961 0.0199561 0.0134274 0.0201062 0.0136101 0.0240998 0.0203971 0.0495594 0.032752 0.145397 
1999 0 0.0538998 0.0558443 0.0634308 0.0793274 0.134256 0.0658812 0.0738923 0.015431 0.0636722 0.0557924 0.0261872 0.0280639 0.0152559 0.0194304 0.0216201 0.0125135 0.0157083 0.0209925 0.0369664 0.141834 
2000 0 0.0108426 0.0796666 0.0723831 0.0634358 0.0446305 0.110181 0.0587377 0.0468207 0.0125738 0.0679694 0.0700906 0.0932429 0.0282821 0.0326113 0.0324821 0.0294209 0.015077 0.0124519 0.0157733 0.103327 
2001 0 0.0174131 0.0423185 0.241626 0.137042 0.075032 0.0562323 0.130112 0.0361727 0.0468498 0.00481731 0.0465482 0.031257 0.0121598 0.0106606 0.00518673 0.00343356 0.00494893 0.011259 0.016595 0.0703358 
2002 0 0.0235254 0.0590543 0.0579364 0.199613 0.106858 0.0694935 0.0921473 0.0963814 0.0221097 0.0104941 0.0102776 0.0462843 0.0470267 0.0390762 0.0176877 0.0356256 0.0216308 0.0176273 0.00803223 0.0191187 
2003 0 0.00458963 0.0755629 0.0772687 0.0885773 0.254927 0.0870583 0.047388 0.0582946 0.0823351 0.0133806 0.0504682 0.0115438 0.0219295 0.0164357 0.00708245 0.00911684 0.00469927 0.00782804 0.00872369 0.0727906 
2004 0 0.0180391 0.0354815 0.188275 0.136337 0.131143 0.248626 0.0490266 0.0230735 0.0504526 0.0568144 0.00579932 0.0140165 0.00187606 0.0127783 0.00527407 0.00363408 0.00375212 0.00187606 0 0.0137238 
2005 0 0.00770557 0.0827501 0.0655194 0.193614 0.097889 0.0650876 0.0819641 0.0506424 0.0149609 0.0148262 0.0361412 0.0114963 0.0477351 0.0052494 0.0152548 0.0258271 0.0351946 0.0136981 0.0271211 0.107322 
2006 0 0.00137815 0.027495 0.126098 0.112573 0.211673 0.117162 0.0873843 0.138167 0.0403168 0.0313209 0.0245001 0.00924922 0.0195524 0.0127927 0.00606166 0.00712179 0.00202055 0 0 0.0251343 
2007 0 0.000398767 0.000404017 0.00460751 0.0179442 0.00665494 0.0139988 0.00558417 0.0025898 0.00813948 0.00373336 0.00219056 0.00263985 0.00313605 0.00281447 0.000732225 0 0 0.149196 0.0011224 0.774114 
2008 0 0.00608475 0.0187728 0.0192702 0.128123 0.18102 0.105966 0.138195 0.101813 0.0526316 0.0928923 0.0251961 0.0093337 0.00936243 0.0285614 0.00320217 0.00177364 0 0.0235356 0.00400557 0.05026 
2009 0 0.040865 0.0529054 0.0491584 0.0409144 0.111156 0.155069 0.0701521 0.0792673 0.0866523 0.0452254 0.0789566 0.00200611 0.00112919 0.0114889 0.0271513 0.00341001 0.00511781 0 0.00488955 0.134485 
2010 0 0.0193575 0.175507 0.0640545 0.0677814 0.02134 0.0580079 0.0912462 0.072867 0.0984141 0.0673904 0.0196987 0.0923189 0.00873084 0.00219867 0.0213268 0.0167635 0 0 0.00401612 0.0989802 
2011 0 0 0.0217663 0.321678 0.15467 0.115105 0.0353573 0.0299913 0.071464 0.065178 0.0614991 0.0288359 0.0119131 0.0243919 0.012882 0.00424279 0.00084365 0.00462909 0.00370105 0.00269417 0.0291572 
2012 0 0.0106625 0.0296985 0.0387939 0.232364 0.0398911 0.0603801 0.0248184 0.0851401 0.0574203 0.0460149 0.0871065 0.0503745 0.0198919 0.0671336 0.00974429 0.00304366 0.00397744 0.00841966 0.0594999 0.0656242 
2013 0 0.00382107 0.0730091 0.0534036 0.045435 0.25361 0.0420376 0.0348089 0.0152155 0.0415526 0.058443 0.0329291 0.126341 0.0244451 0.0350755 0.0441421 0.0192016 0.0387885 0.0504784 0.00663082 0.000631155 
end_table
table error_values
1990 0 0 0 0 0 0 0 0 0 0 0 0 0 0 0 0 0 0 0 0 0 
1991 0 0 0 0 0 0 0 0 0 0 0 0 0 0 0 0 0 0 0 0 0 
1992 0 0 0 0 0 0 0 0 0 0 0 0 0 0 0 0 0 0 0 0 0 
1993 0 0 0 0 0 0 0 0 0 0 0 0 0 0 0 0 0 0 0 0 0 
1994 0 0 0 0 0 0 0 0 0 0 0 0 0 0 0 0 0 0 0 0 0 
1995 0 0 0 0 0 0 0 0 0 0 0 0 0 0 0 0 0 0 0 0 0 
1996 0 0 0 0 0 0 0 0 0 0 0 0 0 0 0 0 0 0 0 0 0 
1997 0 0 0 0 0 0 0 0 0 0 0 0 0 0 0 0 0 0 0 0 0 
1998 0 0 0 0 0 0 0 0 0 0 0 0 0 0 0 0 0 0 0 0 0 
1999 0 0 0 0 0 0 0 0 0 0 0 0 0 0 0 0 0 0 0 0 0 
2000 0 0 0 0 0 0 0 0 0 0 0 0 0 0 0 0 0 0 0 0 0 
2001 0 0 0 0 0 0 0 0 0 0 0 0 0 0 0 0 0 0 0 0 0 
2002 0 0 0 0 0 0 0 0 0 0 0 0 0 0 0 0 0 0 0 0 0 
2003 0 0 0 0 0 0 0 0 0 0 0 0 0 0 0 0 0 0 0 0 0 
2004 0 0 0 0 0 0 0 0 0 0 0 0 0 0 0 0 0 0 0 0 0 
2005 0 0 0 0 0 0 0 0 0 0 0 0 0 0 0 0 0 0 0 0 0 
2006 0 0 0 0 0 0 0 0 0 0 0 0 0 0 0 0 0 0 0 0 0 
2007 0 0 0 0 0 0 0 0 0 0 0 0 0 0 0 0 0 0 0 0 0 
2008 0 0 0 0 0 0 0 0 0 0 0 0 0 0 0 0 0 0 0 0 0 
2009 0 0 0 0 0 0 0 0 0 0 0 0 0 0 0 0 0 0 0 0 0 
2010 0 0 0 0 0 0 0 0 0 0 0 0 0 0 0 0 0 0 0 0 0 
2011 0 0 0 0 0 0 0 0 0 0 0 0 0 0 0 0 0 0 0 0 0 
2012 0 0 0 0 0 0 0 0 0 0 0 0 0 0 0 0 0 0 0 0 0 
2013 0 0 0 0 0 0 0 0 0 0 0 0 0 0 0 0 0 0 0 0 0 
end_table

