@observation HG_age_sample_sim
age_samples_per_cluster 10 
ageing_error age_error 
average_cluster_weight 6 
cluster_cv 0.6 
cluster_sigma 1.1 
fishery_label Fishing_LL 
layer_of_stratum_definitions area_definition 
max_age 20 
min_age 0 
process_label fishing 
strata_to_include HG 
type mortality_event_biomass_age_clusters 
years 1990 1991 1992 1993 1994 1995 1996 1997 1998 1999 2000 2001 2002 2003 2004 2005 2006 2007 2008 2009 2010 2011 2012 2013 
table obs
1990 0 0.00672654 0.0255481 0.0660169 0.0425085 0.111549 0.0831856 0.0527462 0.0546188 0.088549 0.0969678 0.0418989 0.0374018 0.0472728 0.0223765 0.00606185 0.0312873 0.026599 0.0178108 0.0160234 0.124851 
1991 0 0.00644403 0.0143028 0.0457561 0.0703992 0.0987249 0.0546923 0.0508389 0.0677335 0.081599 0.077726 0.0800188 0.0540168 0.0458728 0.0371941 0.0337609 0.0196853 0.0228017 0.0312373 0.00798862 0.0992071 
1992 0 0.00211313 0.0217354 0.0626105 0.0818695 0.0629683 0.0876126 0.0739928 0.082238 0.0610234 0.0440664 0.0372758 0.0313465 0.0409679 0.0428481 0.0809455 0.0225947 0.011192 0.00982989 0.00776546 0.135004 
1993 0 0 0 0.0942946 0.103649 0.0827553 0.0578441 0.0999106 0.0803202 0.0634832 0.0398782 0.0496941 0.0216822 0.0145641 0.0421563 0.0283989 0.010161 0.0128433 0.0349182 0.0218543 0.141592 
1994 0 0.0189202 0.0486395 0.0350635 0.180924 0.0812562 0.0470363 0.0553151 0.0735072 0.0675947 0.0226208 0.0370068 0.0393206 0.0249433 0.0353319 0.0338708 0.0247959 0.0126038 0.0128073 0.0320733 0.116369 
1995 0 0.0248311 0.0380244 0.0526462 0.0456432 0.118314 0.087898 0.0695557 0.0585602 0.0322472 0.0770378 0.0631064 0.0567831 0.0401771 0.0208949 0.0165158 0.00968573 0.00446971 0.0199398 0.00881411 0.154855 
1996 0 0.0140561 0.0314083 0.083518 0.0723787 0.0494891 0.124455 0.0963043 0.0471101 0.0704831 0.0486708 0.0502081 0.0458818 0.0432578 0.0253999 0.0348089 0.0300784 0.00968866 0.00947926 0.0065368 0.106787 
1997 0 0 0.0106481 0.0517705 0.0596938 0.0789264 0.0669161 0.137665 0.100293 0.0907805 0.0541757 0.0611503 0.0449553 0.0463961 0.0310957 0.0250595 0.0330156 0.0145956 0.0253685 0.0101838 0.0573097 
1998 0 0.0247952 0.0413653 0.106426 0.132622 0.060567 0.0796511 0.0269079 0.0675644 0.0650715 0.0486509 0.0509748 0.0409857 0.0456123 0.0392915 0.0458989 0.0127597 0.017757 0.0200279 0.0117465 0.0613247 
1999 0 0.0171004 0.0336265 0.0446479 0.072919 0.111909 0.0558194 0.0848795 0.0214504 0.0703643 0.0311157 0.0427481 0.024183 0.036198 0.026638 0.0278995 0.0321499 0.0459664 0.0257328 0.0100554 0.184597 
2000 0 0.0289308 0.0592594 0.0639109 0.0565068 0.104904 0.15024 0.0835428 0.0704513 0.0277443 0.0268996 0.0242198 0.0259221 0.036225 0.0361183 0.0164989 0.0175405 0.0160168 0.0260189 0.0123905 0.116659 
2001 0 0.0198797 0.0237873 0.254888 0.138099 0.0703876 0.0640962 0.0758391 0.0241631 0.0298586 0.00056076 0.0193368 0.00728804 0.026391 0.0301376 0.035055 0.0241689 0.00966059 0.0196316 0.00712506 0.119646 
2002 0 0.0256261 0.0503287 0.072599 0.234095 0.103462 0.0408434 0.046957 0.116379 0.0207361 0.0344815 0.0101441 0.0289733 0.0262996 0.0260475 0.0288794 0.0206995 0.00741279 0.00375819 0.003411 0.0988667 
2003 0 0.000424468 0.0705361 0.0849526 0.127062 0.239305 0.101518 0.0397225 0.0473611 0.0577468 0.0107296 0.0162631 0.0052754 0.0291502 0.0299587 0.0431515 0.0244599 0.0134594 0.0179316 0.000411737 0.0405803 
2004 0 0.0169963 0.0588398 0.149937 0.111499 0.116232 0.138546 0.0516576 0.0189439 0.0237288 0.0450278 0.0214749 0.0475033 0.00654366 0.0381052 0.0165775 0.00985595 0.0090848 0.0148596 0.00748968 0.0970964 
2005 0 0.00215271 0.0353614 0.0698966 0.189648 0.116087 0.0715501 0.176348 0.0812221 0.0372214 0.0232498 0.042965 0.021422 0.0121211 0.00303725 0.00465636 0.000759311 0.00337961 0.00758167 0.00886134 0.0924794 
2006 0 0.00192432 0.0289589 0.108109 0.0797883 0.136219 0.0957208 0.0838167 0.161823 0.0530529 0.0363374 0.0250306 0.0192602 0.0155687 0.00600179 0 0.0123252 0.0215771 0.0352055 0.0112212 0.0680593 
2007 0 0.000410573 0.00108723 0.00408954 0.00763727 0.00321092 0.00738016 0.00476816 0.00289373 0.00805193 0.00307926 0.00134 0.00121495 0.00287936 0.000877342 3.87137e-005 0 0.000544378 0.0378751 0.000632721 0.911989 
2008 0 0.0109716 0.0164834 0.0270841 0.125865 0.133364 0.0853636 0.162314 0.0936115 0.0835356 0.0642784 0.019734 0.01031 0.0116734 0.0166128 0 0.0022122 0 0.00894439 0.0151447 0.112498 
2009 0 0.0520964 0.0419868 0.0684713 0.0350802 0.100097 0.164531 0.0451054 0.0949222 0.0720215 0.046497 0.10267 0.0173916 0.032322 0.0335716 0.031902 0.00728822 0.00808296 0.0012847 0.00783046 0.0368483 
2010 0 0.00377086 0.14104 0.0416013 0.0994738 0.024765 0.0747429 0.106249 0.0828917 0.13608 0.0235631 0.0496944 0.0348663 0.0190101 0.00925324 0.00262154 0.00248546 0.00278421 0.00369675 0.00187167 0.139539 
2011 0 0.0103006 0.0450263 0.445434 0.0624249 0.0594532 0.0137071 0.0708567 0.0664026 0.0249053 0.0531782 0.0374467 0.0119947 0.0264604 0.0191253 0.00849668 0 0 0 0 0.044787 
2012 0 0.0310997 0.0291115 0.0586679 0.367132 0.0742509 0.0606688 0.0272817 0.0330133 0.0758099 0.0218628 0.102032 0.0082081 0.0212017 0.0360448 0.020649 0.00659108 0.0024046 0.0024046 0 0.0215652 
2013 0 0.00115494 0.0716271 0.0451933 0.0979073 0.332283 0.0709118 0.0487207 0.0113347 0.0631161 0.0505979 0.0318307 0.0518744 0.022014 0.0207361 0.0222039 0.00492469 0.00352111 0 0.0070554 0.0429926 
end_table
table error_values
1990 0 0 0 0 0 0 0 0 0 0 0 0 0 0 0 0 0 0 0 0 0 
1991 0 0 0 0 0 0 0 0 0 0 0 0 0 0 0 0 0 0 0 0 0 
1992 0 0 0 0 0 0 0 0 0 0 0 0 0 0 0 0 0 0 0 0 0 
1993 0 0 0 0 0 0 0 0 0 0 0 0 0 0 0 0 0 0 0 0 0 
1994 0 0 0 0 0 0 0 0 0 0 0 0 0 0 0 0 0 0 0 0 0 
1995 0 0 0 0 0 0 0 0 0 0 0 0 0 0 0 0 0 0 0 0 0 
1996 0 0 0 0 0 0 0 0 0 0 0 0 0 0 0 0 0 0 0 0 0 
1997 0 0 0 0 0 0 0 0 0 0 0 0 0 0 0 0 0 0 0 0 0 
1998 0 0 0 0 0 0 0 0 0 0 0 0 0 0 0 0 0 0 0 0 0 
1999 0 0 0 0 0 0 0 0 0 0 0 0 0 0 0 0 0 0 0 0 0 
2000 0 0 0 0 0 0 0 0 0 0 0 0 0 0 0 0 0 0 0 0 0 
2001 0 0 0 0 0 0 0 0 0 0 0 0 0 0 0 0 0 0 0 0 0 
2002 0 0 0 0 0 0 0 0 0 0 0 0 0 0 0 0 0 0 0 0 0 
2003 0 0 0 0 0 0 0 0 0 0 0 0 0 0 0 0 0 0 0 0 0 
2004 0 0 0 0 0 0 0 0 0 0 0 0 0 0 0 0 0 0 0 0 0 
2005 0 0 0 0 0 0 0 0 0 0 0 0 0 0 0 0 0 0 0 0 0 
2006 0 0 0 0 0 0 0 0 0 0 0 0 0 0 0 0 0 0 0 0 0 
2007 0 0 0 0 0 0 0 0 0 0 0 0 0 0 0 0 0 0 0 0 0 
2008 0 0 0 0 0 0 0 0 0 0 0 0 0 0 0 0 0 0 0 0 0 
2009 0 0 0 0 0 0 0 0 0 0 0 0 0 0 0 0 0 0 0 0 0 
2010 0 0 0 0 0 0 0 0 0 0 0 0 0 0 0 0 0 0 0 0 0 
2011 0 0 0 0 0 0 0 0 0 0 0 0 0 0 0 0 0 0 0 0 0 
2012 0 0 0 0 0 0 0 0 0 0 0 0 0 0 0 0 0 0 0 0 0 
2013 0 0 0 0 0 0 0 0 0 0 0 0 0 0 0 0 0 0 0 0 0 
end_table

