@observation HG_age_sample_sim
age_samples_per_cluster 10 
ageing_error age_error 
average_cluster_weight 6 
cluster_cv 0.6 
cluster_sigma 1.1 
fishery_label Fishing_LL 
layer_of_stratum_definitions area_definition 
max_age 20 
min_age 0 
process_label fishing 
strata_to_include HG 
type mortality_event_biomass_age_clusters 
years 1990 1991 1992 1993 1994 1995 1996 1997 1998 1999 2000 2001 2002 2003 2004 2005 2006 2007 2008 2009 2010 2011 2012 2013 
table obs
1990 0 0.00313548 0.0271457 0.0785428 0.110923 0.116688 0.105995 0.0654002 0.0669625 0.0542937 0.0484944 0.0325365 0.0270313 0.0139156 0.0129976 0.0200623 0.0151615 0.0307992 0.0210964 0.02449 0.124328 
1991 0 0.0197752 0.0457355 0.0783153 0.10699 0.0931501 0.0551576 0.0648936 0.049956 0.0601712 0.0543758 0.023024 0.049394 0.045389 0.0362813 0.0522488 0.0308727 0.0280893 0.0184947 0.00591195 0.0817737 
1992 0 0 0.0226551 0.0804514 0.108998 0.0818845 0.0692792 0.0686984 0.0529166 0.0446351 0.0519418 0.042253 0.0433449 0.0306419 0.0215907 0.0350403 0.0193841 0.0351188 0.0252436 0.00250184 0.16342 
1993 0 0.000977447 0.0135922 0.0687424 0.0971367 0.102716 0.0827229 0.056249 0.066963 0.0554822 0.039554 0.0660028 0.0505076 0.0528614 0.0316012 0.0191497 0.0141287 0.0416564 0.0117666 0.015436 0.112753 
1994 0 0.0107363 0.0165446 0.0437181 0.13308 0.122632 0.0975082 0.0819324 0.0432383 0.0413909 0.0544062 0.0430223 0.0477958 0.028597 0.0330841 0.0305013 0.0239803 0.0098434 0.0065666 0.00675471 0.124667 
1995 0 0.00533117 0.00311378 0.0472965 0.0615451 0.197142 0.13239 0.0544287 0.0607872 0.0676587 0.0647064 0.0509055 0.0361231 0.0355679 0.0372087 0.0147875 0.0104019 0.013063 0.0322588 0.00938624 0.0658973 
1996 0 0.00388256 0.0547067 0.0861013 0.0843816 0.0213038 0.113995 0.0456263 0.0543793 0.0543057 0.0615338 0.0371402 0.0740976 0.0590033 0.0268591 0.0293967 0.0333157 0.00465316 0.00948083 0.0032039 0.142634 
1997 0 0.0126338 0.0381119 0.139747 0.080059 0.0679746 0.0136585 0.102701 0.0336126 0.031228 0.0804139 0.0517222 0.0540009 0.0318076 0.0319462 0.0339725 0.0147937 0.0231052 0.00940673 0.010149 0.138956 
1998 0 0.00807872 0.0287993 0.0722747 0.137433 0.0648697 0.0576482 0.0253381 0.0854087 0.0824284 0.103721 0.0576135 0.0207874 0.01981 0.0299828 0.0233999 0.0195192 0.0218162 0.0203253 0.0111711 0.109575 
1999 0 0.0467305 0.0636269 0.0593179 0.0952807 0.129017 0.0571895 0.0390414 0.0186873 0.0627173 0.0253645 0.0230005 0.0438659 0.0214457 0.0145807 0.022624 0.0354999 0.0503367 0.0140519 0.0156136 0.162009 
2000 0 0.00629511 0.0797827 0.119009 0.076643 0.0832918 0.112721 0.038007 0.0739756 0.0305544 0.102592 0.0683945 0.0340841 0.0453762 0.0197453 0.00986096 0.00563997 0.0136378 0.0155089 0.0127047 0.0521769 
2001 0 0.00263269 0.023101 0.138801 0.10551 0.0350594 0.067402 0.145456 0.072589 0.0541187 0.0102693 0.0597447 0.0523773 0.0344756 0.0280705 0.0131803 0.0146886 0.0140769 0.00525797 0.00768686 0.115502 
2002 0 0.0151539 0.0363948 0.0997443 0.279959 0.140774 0.0753129 0.0514169 0.129746 0.0265571 0.0528592 0.0191935 0.023107 0.00221069 0.0123702 0.00669046 0.00944564 0.00789567 0.00336828 0 0.0078002 
2003 0 0.00891125 0.0642314 0.142754 0.1226 0.272813 0.0609309 0.0489111 0.0253579 0.0536013 0.0094371 0.0159094 0.00211182 0.0322109 0.0161783 0.0117074 0.0150537 0.00367537 0.00734265 0.00867547 0.0775868 
2004 0 0.00962994 0.0201853 0.134227 0.152357 0.0860697 0.25943 0.0704123 0.0367915 0.0573979 0.0626338 0.0178171 0.0110992 0 0.00204833 0.00512082 0.0123368 0.00146979 0 0.00284181 0.0581315 
2005 0 0.00956948 0.0389765 0.0638012 0.150261 0.127914 0.0833583 0.181189 0.0559579 0.0373089 0.0367254 0.0803392 0.024834 0.00871665 0.0123303 0.0287627 0.0024345 0.0303819 0.00159356 0.00478068 0.0207646 
2006 0 0 0.0375279 0.149824 0.0965151 0.211497 0.127392 0.0727929 0.112709 0.0110233 0.0221399 0.0360368 0.0472181 0.0184243 0.00759913 0.00159372 0.00541104 0.00159372 0 0.00268864 0.038014 
2007 0 0.000276915 0.000227143 0.00440303 0.00924375 0.00615536 0.0132576 0.00351161 0.001394 0.00307797 0.00139166 0.000895612 0.000642923 0 0 0 0 0.00143806 0.000901959 0.00119653 0.951986 
2008 0 0.00497104 0.0139963 0.0120988 0.0807732 0.179472 0.0782767 0.136987 0.104194 0.0469097 0.0988802 0.0229372 0.0109226 0.00441459 0.0176657 0.0191563 0.0164207 0.00123741 0.0111664 0.0161174 0.123403 
2009 0 0.0444737 0.04281 0.146996 0.0229546 0.093563 0.088778 0.0647282 0.13635 0.0736086 0.0662263 0.0905392 0.0190687 0.02029 0.0099648 0.018721 0.00419504 0 0.00562887 0.0254596 0.0256442 
2010 0 0.0114897 0.172953 0.0421059 0.117582 0.0305916 0.105004 0.0813741 0.0494718 0.137565 0.0628506 0.0423975 0.0441139 0.0028678 0.00659951 0.0226807 0.0211851 0.00465096 0.00775161 0.00155032 0.0352143 
2011 0 0.00864976 0.0244079 0.263291 0.0879152 0.107266 0.0355032 0.0559962 0.106621 0.0501786 0.0856563 0.0555714 0.0358334 0.0222262 0.0132827 0.0167416 0.00634504 0.00122363 0.00803075 0.0130796 0.00217993 
2012 0 0.0282 0.0285258 0.0997259 0.389097 0.0821135 0.0544056 0.00762172 0.0334081 0.0905608 0.00772567 0.0278464 0.0239371 0.0239611 0.0198358 0.00764851 0.00438368 0.00717007 0.00151656 0.00606623 0.05625 
2013 0 0.0107658 0.0977708 0.0803112 0.100351 0.305914 0.0567352 0.048335 0.0107357 0.06491 0.0863578 0.0172685 0.0167694 0.0130795 0.00935233 0.0398043 0.00486666 0.00912031 0.00193328 0 0.0256202 
end_table
table error_values
1990 0 0 0 0 0 0 0 0 0 0 0 0 0 0 0 0 0 0 0 0 0 
1991 0 0 0 0 0 0 0 0 0 0 0 0 0 0 0 0 0 0 0 0 0 
1992 0 0 0 0 0 0 0 0 0 0 0 0 0 0 0 0 0 0 0 0 0 
1993 0 0 0 0 0 0 0 0 0 0 0 0 0 0 0 0 0 0 0 0 0 
1994 0 0 0 0 0 0 0 0 0 0 0 0 0 0 0 0 0 0 0 0 0 
1995 0 0 0 0 0 0 0 0 0 0 0 0 0 0 0 0 0 0 0 0 0 
1996 0 0 0 0 0 0 0 0 0 0 0 0 0 0 0 0 0 0 0 0 0 
1997 0 0 0 0 0 0 0 0 0 0 0 0 0 0 0 0 0 0 0 0 0 
1998 0 0 0 0 0 0 0 0 0 0 0 0 0 0 0 0 0 0 0 0 0 
1999 0 0 0 0 0 0 0 0 0 0 0 0 0 0 0 0 0 0 0 0 0 
2000 0 0 0 0 0 0 0 0 0 0 0 0 0 0 0 0 0 0 0 0 0 
2001 0 0 0 0 0 0 0 0 0 0 0 0 0 0 0 0 0 0 0 0 0 
2002 0 0 0 0 0 0 0 0 0 0 0 0 0 0 0 0 0 0 0 0 0 
2003 0 0 0 0 0 0 0 0 0 0 0 0 0 0 0 0 0 0 0 0 0 
2004 0 0 0 0 0 0 0 0 0 0 0 0 0 0 0 0 0 0 0 0 0 
2005 0 0 0 0 0 0 0 0 0 0 0 0 0 0 0 0 0 0 0 0 0 
2006 0 0 0 0 0 0 0 0 0 0 0 0 0 0 0 0 0 0 0 0 0 
2007 0 0 0 0 0 0 0 0 0 0 0 0 0 0 0 0 0 0 0 0 0 
2008 0 0 0 0 0 0 0 0 0 0 0 0 0 0 0 0 0 0 0 0 0 
2009 0 0 0 0 0 0 0 0 0 0 0 0 0 0 0 0 0 0 0 0 0 
2010 0 0 0 0 0 0 0 0 0 0 0 0 0 0 0 0 0 0 0 0 0 
2011 0 0 0 0 0 0 0 0 0 0 0 0 0 0 0 0 0 0 0 0 0 
2012 0 0 0 0 0 0 0 0 0 0 0 0 0 0 0 0 0 0 0 0 0 
2013 0 0 0 0 0 0 0 0 0 0 0 0 0 0 0 0 0 0 0 0 0 
end_table

