@observation HG_age_sample_sim
age_samples_per_cluster 10 
ageing_error age_error 
average_cluster_weight 6 
cluster_cv 0.6 
cluster_sigma 1.1 
fishery_label Fishing_LL 
layer_of_stratum_definitions area_definition 
max_age 20 
min_age 0 
process_label fishing 
strata_to_include HG 
type mortality_event_biomass_age_clusters 
years 1990 1991 1992 1993 1994 1995 1996 1997 1998 1999 2000 2001 2002 2003 2004 2005 2006 2007 2008 2009 2010 2011 2012 2013 
table obs
1990 0 0.0129477 0.048883 0.0664967 0.0658328 0.0883264 0.0813063 0.0953616 0.0547415 0.0785277 0.0752202 0.0802592 0.0555836 0.0193619 0.0134016 0.0219003 0.00700209 0.0281204 0.010557 0.0189476 0.0772226 
1991 0 0.0155087 0.02515 0.0724627 0.138321 0.110612 0.0683077 0.093908 0.0501498 0.0486568 0.0330974 0.0387408 0.0327835 0.0201295 0.0259426 0.026883 0.0185228 0.0159782 0.0305229 0.0417777 0.0925455 
1992 0 0.0216929 0.0889523 0.0846789 0.0505011 0.0607957 0.0709337 0.0677617 0.0837291 0.0938105 0.0575146 0.0472787 0.0177993 0.0253136 0.0393616 0.0280692 0.0168337 0.00841365 0.0112128 0.0159735 0.109373 
1993 0 0 0 0.0811603 0.105378 0.0997669 0.0505948 0.113407 0.0867104 0.0687265 0.0520549 0.0501516 0.029958 0.0341627 0.0376744 0.0160241 0.0216821 0.0203547 0.0170578 0.0123839 0.102751 
1994 0 0 0.00560499 0.0347974 0.143413 0.127517 0.0893403 0.115747 0.10681 0.0332623 0.0462585 0.0524739 0.0240297 0.0200775 0.00660262 0.0158467 0.0252675 0.0163305 0.00930161 0.014693 0.112627 
1995 0 0.0153519 0.0270014 0.057617 0.0626292 0.0896903 0.0521687 0.0710581 0.0350057 0.0406583 0.0580987 0.0456213 0.0256449 0.0210002 0.0471892 0.0574425 0.0381459 0.0171879 0.0208168 0.0126073 0.205065 
1996 0 0 0.0288999 0.0379427 0.0803126 0.0440466 0.12042 0.0740242 0.063034 0.0942009 0.0547511 0.0337441 0.039524 0.0181581 0.0210534 0.0237733 0.026969 0.0223514 0.0196694 0.0187827 0.178343 
1997 0 0 0.0115671 0.0598678 0.0654158 0.103 0.0507243 0.140256 0.11252 0.0658884 0.027722 0.0226761 0.025983 0.0407467 0.0195107 0.0356682 0.0270623 0.0166675 0.0363811 0.0106286 0.127714 
1998 0 0.00724408 0.036063 0.119252 0.163949 0.124058 0.0985144 0.0256245 0.103488 0.0357844 0.0401529 0.0718035 0.0477932 0.0119442 0.0355029 0.00959173 0.0169606 0.0178348 0.00520257 0.00570056 0.0235354 
1999 0 0.0119707 0.0300946 0.0387786 0.0939884 0.163182 0.0942357 0.0984615 0.0324449 0.087806 0.0575665 0.0465173 0.0136668 0.0110828 0.0252618 0.0139401 0.0149444 0.0101919 0.0277761 0.00798021 0.120109 
2000 0 0.0227123 0.0709016 0.0538595 0.0687606 0.0586837 0.219424 0.0660681 0.0615383 0.0174613 0.0486164 0.0154476 0.0627021 0.073245 0.0352672 0.00963724 0.00604053 0.0142832 0.0097028 0.00872257 0.0769259 
2001 0 0.00443239 0.0419356 0.166655 0.139239 0.0852678 0.0841241 0.0735838 0.0152495 0.0111015 0.0117357 0.0273159 0.0239676 0.0370134 0.0435508 0.0218911 0.020512 0.0163058 0.0107446 0.00703582 0.158339 
2002 0 0.0135251 0.0556719 0.0677356 0.2336 0.124487 0.0629658 0.0670758 0.0445503 0.0310772 0.00879041 0.0120767 0.0317649 0.0192349 0.02405 0.0382843 0.0139052 0.00830751 0.00241054 0.00597416 0.134512 
2003 0 0.0200597 0.0834894 0.0991319 0.0791496 0.147333 0.0763861 0.0819545 0.0722508 0.0900171 0.0280844 0.0293712 0.00300194 0.0447797 0.0216443 0.0142686 0.0079472 0.018758 0.0160886 0.00098687 0.0652967 
2004 0 0.0112748 0.0321859 0.126535 0.149995 0.0771213 0.206213 0.0460423 0.00917184 0.0173068 0.0549911 0.00956518 0.0370933 0.00644762 0.0221036 0.0107036 0.0136685 0.0137191 0.00574544 0.002246 0.147871 
2005 0 0.0056174 0.0780241 0.101807 0.230311 0.123099 0.0669092 0.116412 0.0225765 0.0269019 0.0167753 0.0149611 0.0207673 0.021609 0.00286985 0.0191978 0.0311986 0.0215904 0.00101188 0 0.078361 
2006 0 0 0.0158461 0.138367 0.105256 0.20098 0.130964 0.0698456 0.090211 0.0547865 0.0257458 0.00857043 0.0191613 0.0117286 0.0101644 0.00206671 0.0375198 0.0298451 0.0102749 0.00446442 0.034203 
2007 0 0.000197938 0.00148175 0.00781514 0.0148786 0.00643775 0.016146 0.010013 0.00595109 0.0100219 0.00463508 0.00119169 0.000481633 0.000832208 0.000214387 0.00159338 0.00109097 0.00125027 0.0417395 0.00556464 0.868463 
2008 0 0.0111136 0.0213054 0.0334715 0.108302 0.225038 0.107232 0.125434 0.0767799 0.0619253 0.0493366 0.0197905 0.0308586 0.0329829 0.0171281 0.00344142 0.00804844 0.00193105 0.0105415 0.0136425 0.0416976 
2009 0 0.0101357 0.0165119 0.0959895 0.0110203 0.0901332 0.174003 0.0645418 0.150287 0.102503 0.0772797 0.0787714 0.0408384 0.0199665 0.016087 0.0234842 0 0.00557858 0 0.00373538 0.0191329 
2010 0 0.0188624 0.110516 0.0872165 0.156106 0.070047 0.0881871 0.143327 0.0581221 0.0832071 0.0409657 0.0462196 0.0323349 0.0232539 0.0139044 0.00549939 0.0147747 0.00591326 0.00154379 0 0 
2011 0 0.00270233 0.0181831 0.227257 0.043205 0.0399804 0.0116047 0.0587802 0.114774 0.031977 0.0548322 0.0357409 0.02618 0.0734004 0.021069 0.0184364 0.0176052 0.0178551 0.0187306 0.0244775 0.143209 
2012 0 0.0393561 0.0537838 0.0714313 0.245784 0.0812869 0.0903998 0.031128 0.0349278 0.0560539 0.0363854 0.10046 0.0439939 0.0118624 0.0285987 0.0249043 0.00343004 0.00654863 0.00490831 0.00836887 0.0263879 
2013 0 0.0193469 0.0397113 0.0324706 0.0707775 0.291362 0.0641668 0.0558969 0.0312384 0.0201351 0.0645907 0.0395433 0.0681144 0.0276507 0.0472921 0.0695195 0.0131422 0.0131946 0.00420688 0 0.0276404 
end_table
table error_values
1990 0 0 0 0 0 0 0 0 0 0 0 0 0 0 0 0 0 0 0 0 0 
1991 0 0 0 0 0 0 0 0 0 0 0 0 0 0 0 0 0 0 0 0 0 
1992 0 0 0 0 0 0 0 0 0 0 0 0 0 0 0 0 0 0 0 0 0 
1993 0 0 0 0 0 0 0 0 0 0 0 0 0 0 0 0 0 0 0 0 0 
1994 0 0 0 0 0 0 0 0 0 0 0 0 0 0 0 0 0 0 0 0 0 
1995 0 0 0 0 0 0 0 0 0 0 0 0 0 0 0 0 0 0 0 0 0 
1996 0 0 0 0 0 0 0 0 0 0 0 0 0 0 0 0 0 0 0 0 0 
1997 0 0 0 0 0 0 0 0 0 0 0 0 0 0 0 0 0 0 0 0 0 
1998 0 0 0 0 0 0 0 0 0 0 0 0 0 0 0 0 0 0 0 0 0 
1999 0 0 0 0 0 0 0 0 0 0 0 0 0 0 0 0 0 0 0 0 0 
2000 0 0 0 0 0 0 0 0 0 0 0 0 0 0 0 0 0 0 0 0 0 
2001 0 0 0 0 0 0 0 0 0 0 0 0 0 0 0 0 0 0 0 0 0 
2002 0 0 0 0 0 0 0 0 0 0 0 0 0 0 0 0 0 0 0 0 0 
2003 0 0 0 0 0 0 0 0 0 0 0 0 0 0 0 0 0 0 0 0 0 
2004 0 0 0 0 0 0 0 0 0 0 0 0 0 0 0 0 0 0 0 0 0 
2005 0 0 0 0 0 0 0 0 0 0 0 0 0 0 0 0 0 0 0 0 0 
2006 0 0 0 0 0 0 0 0 0 0 0 0 0 0 0 0 0 0 0 0 0 
2007 0 0 0 0 0 0 0 0 0 0 0 0 0 0 0 0 0 0 0 0 0 
2008 0 0 0 0 0 0 0 0 0 0 0 0 0 0 0 0 0 0 0 0 0 
2009 0 0 0 0 0 0 0 0 0 0 0 0 0 0 0 0 0 0 0 0 0 
2010 0 0 0 0 0 0 0 0 0 0 0 0 0 0 0 0 0 0 0 0 0 
2011 0 0 0 0 0 0 0 0 0 0 0 0 0 0 0 0 0 0 0 0 0 
2012 0 0 0 0 0 0 0 0 0 0 0 0 0 0 0 0 0 0 0 0 0 
2013 0 0 0 0 0 0 0 0 0 0 0 0 0 0 0 0 0 0 0 0 0 
end_table

