@observation HG_age_sample_sim
age_samples_per_cluster 10 
ageing_error age_error 
average_cluster_weight 6 
cluster_cv 0.6 
cluster_sigma 1.1 
fishery_label Fishing_LL 
layer_of_stratum_definitions area_definition 
max_age 20 
min_age 0 
process_label fishing 
strata_to_include HG 
type mortality_event_biomass_age_clusters 
years 1990 1991 1992 1993 1994 1995 1996 1997 1998 1999 2000 2001 2002 2003 2004 2005 2006 2007 2008 2009 2010 2011 2012 2013 
table obs
1990 0 0.00610744 0.0215823 0.0784759 0.0758253 0.0978612 0.0904828 0.109306 0.0704406 0.0588288 0.0417007 0.0784417 0.0552231 0.0424139 0.0354784 0.0266091 0.0159533 0.0078999 0.00429422 0.0104246 0.0726508 
1991 0 0.00870261 0.0548577 0.0984297 0.116384 0.150153 0.0860052 0.101331 0.0743006 0.0362495 0.0290254 0.0353439 0.0177662 0.0239362 0.0113926 0.0301615 0.0302665 0.019937 0.0272239 0.0117342 0.0367991 
1992 0 0 0.0603158 0.0873966 0.0623114 0.0381881 0.0349212 0.0445388 0.0680116 0.0378468 0.0707499 0.0740887 0.0655448 0.0553615 0.0542727 0.0327023 0.0298712 0.0100246 0.0342974 0.0211306 0.118426 
1993 0 0.00525213 0.00390445 0.11192 0.110826 0.048109 0.0449416 0.066499 0.0576308 0.0697071 0.0824356 0.0576431 0.0369755 0.0246816 0.0330553 0.0220408 0.00896934 0.0108239 0.00900369 0.0165834 0.178999 
1994 0 0 0.0321388 0.0174091 0.103789 0.109418 0.0947289 0.0603698 0.0688963 0.0585811 0.0556267 0.0686098 0.0568176 0.0376173 0.0426456 0.0172648 0.0436356 0.00503817 0.0247414 0.0259054 0.0767667 
1995 0 0.0111793 0.0122667 0.0677314 0.052712 0.170845 0.151555 0.104637 0.0714938 0.0369324 0.0424453 0.0472078 0.0346797 0.0349258 0.0371351 0.0377959 0.0200506 0.0133584 0.00615782 0.00428295 0.0426082 
1996 0 0.0220434 0.0430746 0.0673123 0.0836973 0.0486426 0.11329 0.0822149 0.0228256 0.0285224 0.0365793 0.0481668 0.0337952 0.0674396 0.0918446 0.0225586 0.0181553 0.0220774 0.0324729 0.0225714 0.0927157 
1997 0 0.00301896 0.0276626 0.0924949 0.0654319 0.0481608 0.0586585 0.0707611 0.0635305 0.070396 0.0313424 0.0660191 0.0589869 0.0302256 0.037136 0.0297137 0.0160603 0.0153398 0.033998 0.0191492 0.161914 
1998 0 0 0.0120933 0.0781058 0.222185 0.0604883 0.0757653 0.0200989 0.0749817 0.0524136 0.0516455 0.0239895 0.0442586 0.0288163 0.0241952 0.0278792 0.00940235 0.0212855 0.0240632 0.0258448 0.122488 
1999 0 0.0215703 0.0344698 0.0283322 0.0936912 0.118877 0.0382688 0.0517552 0.0239787 0.071595 0.0763357 0.0655237 0.0553095 0.0554777 0.02739 0.0317583 0.0234595 0.0267452 0.0155992 0.0119012 0.127962 
2000 0 0.00850408 0.0904132 0.0933855 0.060818 0.0914508 0.103964 0.0269428 0.0332519 0.0075816 0.0422538 0.0653782 0.052586 0.0522817 0.0254559 0.0174026 0.0205781 0.027533 0.0259951 0.034273 0.119951 
2001 0 0.0117407 0.0485363 0.211208 0.132066 0.0587249 0.0553955 0.117578 0.0261035 0.0109456 0.0156275 0.0181346 0.0336928 0.0473358 0.0592965 0.020254 0.0147874 0.00396752 0.0156679 0.0278626 0.0710754 
2002 0 0.0159764 0.0716011 0.0763048 0.243465 0.0917163 0.0706859 0.0618799 0.0963376 0.0362904 0.0191219 0.0236253 0.0197003 0.0290145 0.0276317 0.0325373 0.0129337 0.00508128 0.0101626 0 0.0559336 
2003 0 0 0.0636504 0.110166 0.11713 0.24785 0.101371 0.0660895 0.103683 0.0676385 0.0156367 0.0081229 0.00104442 0.0028692 0.00852998 0.0161631 0.0115512 0.00323814 0.00344791 0.00574652 0.0460712 
2004 0 0.0034964 0.0290976 0.190852 0.126591 0.156891 0.249186 0.0440675 0.0337361 0.0406694 0.0612625 0.0129287 0.0149238 0.00149362 0.00394069 0.00281039 0.0071144 0.00131677 0.00263353 0.00131677 0.0156715 
2005 0 0.0198511 0.0559603 0.0541233 0.141361 0.089564 0.065883 0.125329 0.0340151 0.02593 0.0272603 0.0527829 0.0338034 0.0329887 0.00729135 0.108946 0.0138635 0.0208822 0.0143464 0.00887589 0.066943 
2006 0 0.00180971 0.0362746 0.077086 0.0935716 0.186975 0.117985 0.0953295 0.114167 0.0352337 0.0201686 0.0286408 0.0281235 0.00656154 0 0 0.0386604 0.0751424 0.00324211 0.00572009 0.0353079 
2007 0 0.000125494 0.000646175 0.00336366 0.00966893 0.00370406 0.00452759 0.0031084 0.00135225 0.00166026 0.000707985 0.000928203 0.00142541 0.0019396 0.000467547 0.000305233 7.76683e-005 0 0.00016658 0.000499739 0.965325 
2008 0 0.00393352 0.00480708 0.0119325 0.123938 0.143216 0.102159 0.14174 0.0915509 0.0537359 0.0904388 0.0447209 0.0297572 0.0299466 0.0262389 0.00610712 0.00310835 0.0068614 0.0103358 0.00786022 0.0676124 
2009 0 0.011667 0.0129204 0.040813 0.011065 0.13683 0.178384 0.0614311 0.105833 0.125685 0.0417902 0.0781744 0.033583 0.0158315 0.0670824 0.0241526 0.0186312 0.00720377 0 0.00166657 0.0272559 
2010 0 0.006163 0.0944884 0.0271904 0.085637 0.0264851 0.0781451 0.126254 0.118335 0.147309 0.0919687 0.0389858 0.0854346 0.0188815 0.00848876 0.00862747 0.00609086 0.0143022 0.014697 0.00251531 0 
2011 0 0 0.00882945 0.225892 0.067205 0.0941029 0.0214577 0.062742 0.0914868 0.0367955 0.0928527 0.0452484 0.0198374 0.0842942 0.0361445 0.0259541 0.0344777 0.00761668 0.00175513 0 0.0433076 
2012 0 0.0289088 0.029686 0.0739526 0.274536 0.059284 0.0918663 0.0255332 0.0658523 0.114219 0.0321743 0.0522607 0.025607 0.0205345 0.0255305 0.0088175 0 0.00252076 0.0305408 0 0.038176 
2013 0 0.00619679 0.0794011 0.0436237 0.0525528 0.26216 0.062837 0.0758036 0.013837 0.0311982 0.0665923 0.032295 0.0577161 0.0569934 0.0350378 0.053909 0.0108951 0.00524427 0.00116678 0.00659142 0.0459486 
end_table
table error_values
1990 0 0 0 0 0 0 0 0 0 0 0 0 0 0 0 0 0 0 0 0 0 
1991 0 0 0 0 0 0 0 0 0 0 0 0 0 0 0 0 0 0 0 0 0 
1992 0 0 0 0 0 0 0 0 0 0 0 0 0 0 0 0 0 0 0 0 0 
1993 0 0 0 0 0 0 0 0 0 0 0 0 0 0 0 0 0 0 0 0 0 
1994 0 0 0 0 0 0 0 0 0 0 0 0 0 0 0 0 0 0 0 0 0 
1995 0 0 0 0 0 0 0 0 0 0 0 0 0 0 0 0 0 0 0 0 0 
1996 0 0 0 0 0 0 0 0 0 0 0 0 0 0 0 0 0 0 0 0 0 
1997 0 0 0 0 0 0 0 0 0 0 0 0 0 0 0 0 0 0 0 0 0 
1998 0 0 0 0 0 0 0 0 0 0 0 0 0 0 0 0 0 0 0 0 0 
1999 0 0 0 0 0 0 0 0 0 0 0 0 0 0 0 0 0 0 0 0 0 
2000 0 0 0 0 0 0 0 0 0 0 0 0 0 0 0 0 0 0 0 0 0 
2001 0 0 0 0 0 0 0 0 0 0 0 0 0 0 0 0 0 0 0 0 0 
2002 0 0 0 0 0 0 0 0 0 0 0 0 0 0 0 0 0 0 0 0 0 
2003 0 0 0 0 0 0 0 0 0 0 0 0 0 0 0 0 0 0 0 0 0 
2004 0 0 0 0 0 0 0 0 0 0 0 0 0 0 0 0 0 0 0 0 0 
2005 0 0 0 0 0 0 0 0 0 0 0 0 0 0 0 0 0 0 0 0 0 
2006 0 0 0 0 0 0 0 0 0 0 0 0 0 0 0 0 0 0 0 0 0 
2007 0 0 0 0 0 0 0 0 0 0 0 0 0 0 0 0 0 0 0 0 0 
2008 0 0 0 0 0 0 0 0 0 0 0 0 0 0 0 0 0 0 0 0 0 
2009 0 0 0 0 0 0 0 0 0 0 0 0 0 0 0 0 0 0 0 0 0 
2010 0 0 0 0 0 0 0 0 0 0 0 0 0 0 0 0 0 0 0 0 0 
2011 0 0 0 0 0 0 0 0 0 0 0 0 0 0 0 0 0 0 0 0 0 
2012 0 0 0 0 0 0 0 0 0 0 0 0 0 0 0 0 0 0 0 0 0 
2013 0 0 0 0 0 0 0 0 0 0 0 0 0 0 0 0 0 0 0 0 0 
end_table

