@observation HG_age_sample_sim
age_samples_per_cluster 10 
ageing_error age_error 
average_cluster_weight 6 
cluster_cv 0.6 
cluster_sigma 1.1 
fishery_label Fishing_LL 
layer_of_stratum_definitions area_definition 
max_age 20 
min_age 0 
process_label fishing 
strata_to_include HG 
type mortality_event_biomass_age_clusters 
years 1990 1991 1992 1993 1994 1995 1996 1997 1998 1999 2000 2001 2002 2003 2004 2005 2006 2007 2008 2009 2010 2011 2012 2013 
table obs
1990 0 0.0382527 0.0429232 0.0572334 0.0800624 0.0765388 0.11163 0.0665112 0.0592244 0.041313 0.0377984 0.0381147 0.0754323 0.0395748 0.0354188 0.0189895 0.0184057 0.014034 0.0293722 0.0172546 0.101916 
1991 0 0.00632953 0.0287043 0.0767269 0.0853524 0.0670047 0.122779 0.0503704 0.0419503 0.0292182 0.029322 0.0443706 0.0362137 0.0352995 0.0425753 0.0298857 0.0335542 0.0237805 0.0318031 0.0187364 0.166023 
1992 0 0.00152314 0.0275515 0.0572512 0.0845965 0.0948999 0.0647968 0.0345614 0.0463407 0.0363483 0.0388269 0.0336872 0.0445186 0.0403309 0.0453887 0.0346063 0.0288714 0.0227024 0.0252422 0.0163991 0.221557 
1993 0 0.0259042 0.0188862 0.127849 0.0944686 0.0712205 0.0677698 0.0603844 0.0285084 0.0495143 0.0432834 0.0398217 0.0407606 0.0505582 0.0331341 0.0210004 0.0389376 0.013328 0.0023731 0.0212433 0.151055 
1994 0 0.00666143 0.024384 0.0289518 0.127563 0.112223 0.0950885 0.0654997 0.0813221 0.0470776 0.036048 0.0359008 0.0379398 0.0308076 0.0434412 0.0122273 0.0176305 0.00132624 0.00697758 0.0102083 0.178722 
1995 0 0 0.0119812 0.0403511 0.0393319 0.120035 0.0460257 0.0457901 0.0518194 0.0550049 0.0413579 0.0416563 0.0792436 0.0770353 0.0578563 0.046447 0.0281416 0.0343167 0.0273491 0.00397621 0.15228 
1996 0 0.0170235 0.0546474 0.0376598 0.0885734 0.0268086 0.0802772 0.0654125 0.0679425 0.0494032 0.0581282 0.0811279 0.0656559 0.0567149 0.0375006 0.014806 0.0234304 0.0102359 0.00855031 0.00559753 0.150504 
1997 0 0.0045216 0.0378023 0.111283 0.0860809 0.0676295 0.0500728 0.117039 0.0506556 0.0580519 0.0458306 0.0384396 0.0408286 0.0382888 0.0375122 0.0218376 0.0191048 0.0170036 0.0165111 0.00954422 0.131962 
1998 0 0.0123129 0.0457753 0.0502013 0.229555 0.0597555 0.0830335 0.0168799 0.0604624 0.0513631 0.0446428 0.0473922 0.0561541 0.0550668 0.033883 0.0243562 0.0167542 0.00989139 0.00954 0.0169183 0.0760624 
1999 0 0.046262 0.0406001 0.0668286 0.0901437 0.0667927 0.0567965 0.0602115 0.0271973 0.0847973 0.0717393 0.0591876 0.049061 0.0333121 0.0334865 0.0115934 0.0249336 0.016361 0.00189007 0.00828177 0.150524 
2000 0 0.0144905 0.107176 0.108087 0.0997208 0.108497 0.113094 0.0427395 0.0637789 0.0188856 0.0549145 0.0344272 0.0108852 0.0174021 0.0199205 0.00736589 0.0107666 0.0202101 0.0145678 0.0147616 0.118309 
2001 0 0.0257197 0.0569997 0.174844 0.133728 0.0894905 0.0717326 0.0902924 0.0162233 0.0242447 0.0063949 0.0253315 0.0278203 0.035329 0.0351138 0.0170882 0.0273096 0.00932375 0.00738267 0 0.125631 
2002 0 0.0238866 0.0828765 0.102373 0.216043 0.0913776 0.0392714 0.0630086 0.0964462 0.0395188 0.0385743 0.0121864 0.0774262 0.0214931 0.0109296 0.0173687 0.0184726 0.0219777 0.0118519 0.00426229 0.0106557 
2003 0 0.00282025 0.059759 0.0854092 0.0913778 0.273552 0.110845 0.0555413 0.0466317 0.0540153 0.0246295 0.0395364 0.00928713 0.0181755 0.00753837 0.00975289 0.0156103 0.017027 0.0194841 0.0209084 0.038099 
2004 0 0.00225449 0.027298 0.156644 0.147729 0.125426 0.232576 0.0810469 0.0244353 0.0148613 0.0471405 0.0212523 0.0296348 0.0019501 0.0250796 0.0262617 0.00551881 0 0.00258543 0.0016203 0.0266864 
2005 0 0.00577704 0.0243028 0.0483373 0.274819 0.153295 0.0800869 0.147069 0.0382243 0.0196362 0.0185159 0.0419172 0.0201341 0.0227128 0.0134594 0.0156103 0.0275056 0.034907 0.00466592 0 0.00902513 
2006 0 0.0044594 0.0147325 0.0852734 0.102257 0.155089 0.138937 0.0883836 0.143393 0.0520025 0.0252267 0.0288146 0.00639188 0.00383513 0.00352169 0.00224332 0.010633 0.0172489 0.0348472 0.0218532 0.0608571 
2007 0 0.00293893 0.0027294 0.0158616 0.0350814 0.0176016 0.0204432 0.0104711 0.00584218 0.0141038 0.00371348 0.00281411 0.00105956 0.00115269 0.00174145 0.00114322 0.000217993 0.000769706 0.000885434 0.00132815 0.860101 
2008 0 0.00349274 0.0386131 0.0600434 0.147846 0.215236 0.105372 0.165698 0.0568413 0.0290038 0.0292376 0.0178306 0.0188487 0.0149694 0.0356483 0.0126673 0.00901647 0 0.00674403 0.00337202 0.0295188 
2009 0 0.0241672 0.0056922 0.0402835 0.0278012 0.134738 0.233426 0.0954331 0.147135 0.0427846 0.0346491 0.0370845 0.00971119 0.0153359 0.0212907 0.0397942 0.0206494 0.00856525 0.00440813 0.00581441 0.0512364 
2010 0 0.0072545 0.137149 0.0449725 0.0771434 0.0385693 0.0854718 0.177919 0.052725 0.0850245 0.0710027 0.0359273 0.100885 0.0278061 0.006277 0.00280174 0.00980448 0.0233184 0.00745355 0.00290931 0.00558473 
2011 0 0.00761574 0.0125551 0.280611 0.0829431 0.0987035 0.0179151 0.045883 0.079178 0.0648408 0.104027 0.0575338 0.0196284 0.0236534 0.0176847 0.010054 0.00212118 0.0160127 0.00267891 0.00628692 0.0500729 
2012 0 0.0138785 0.0322832 0.0605842 0.370963 0.0466151 0.0347448 0.0199367 0.0700596 0.0867435 0.0204878 0.0771481 0.0257125 0.0171404 0.0394225 0.00687409 0.00287449 0.00511345 0.00882878 0.0063711 0.054218 
2013 0 0.00645317 0.0756505 0.0259501 0.0496471 0.286444 0.0673143 0.11261 0.0297265 0.0290362 0.0539655 0.0246134 0.0563707 0.0468818 0.0164697 0.0642397 0.00401695 0.0235024 0 0 0.0271087 
end_table
table error_values
1990 0 0 0 0 0 0 0 0 0 0 0 0 0 0 0 0 0 0 0 0 0 
1991 0 0 0 0 0 0 0 0 0 0 0 0 0 0 0 0 0 0 0 0 0 
1992 0 0 0 0 0 0 0 0 0 0 0 0 0 0 0 0 0 0 0 0 0 
1993 0 0 0 0 0 0 0 0 0 0 0 0 0 0 0 0 0 0 0 0 0 
1994 0 0 0 0 0 0 0 0 0 0 0 0 0 0 0 0 0 0 0 0 0 
1995 0 0 0 0 0 0 0 0 0 0 0 0 0 0 0 0 0 0 0 0 0 
1996 0 0 0 0 0 0 0 0 0 0 0 0 0 0 0 0 0 0 0 0 0 
1997 0 0 0 0 0 0 0 0 0 0 0 0 0 0 0 0 0 0 0 0 0 
1998 0 0 0 0 0 0 0 0 0 0 0 0 0 0 0 0 0 0 0 0 0 
1999 0 0 0 0 0 0 0 0 0 0 0 0 0 0 0 0 0 0 0 0 0 
2000 0 0 0 0 0 0 0 0 0 0 0 0 0 0 0 0 0 0 0 0 0 
2001 0 0 0 0 0 0 0 0 0 0 0 0 0 0 0 0 0 0 0 0 0 
2002 0 0 0 0 0 0 0 0 0 0 0 0 0 0 0 0 0 0 0 0 0 
2003 0 0 0 0 0 0 0 0 0 0 0 0 0 0 0 0 0 0 0 0 0 
2004 0 0 0 0 0 0 0 0 0 0 0 0 0 0 0 0 0 0 0 0 0 
2005 0 0 0 0 0 0 0 0 0 0 0 0 0 0 0 0 0 0 0 0 0 
2006 0 0 0 0 0 0 0 0 0 0 0 0 0 0 0 0 0 0 0 0 0 
2007 0 0 0 0 0 0 0 0 0 0 0 0 0 0 0 0 0 0 0 0 0 
2008 0 0 0 0 0 0 0 0 0 0 0 0 0 0 0 0 0 0 0 0 0 
2009 0 0 0 0 0 0 0 0 0 0 0 0 0 0 0 0 0 0 0 0 0 
2010 0 0 0 0 0 0 0 0 0 0 0 0 0 0 0 0 0 0 0 0 0 
2011 0 0 0 0 0 0 0 0 0 0 0 0 0 0 0 0 0 0 0 0 0 
2012 0 0 0 0 0 0 0 0 0 0 0 0 0 0 0 0 0 0 0 0 0 
2013 0 0 0 0 0 0 0 0 0 0 0 0 0 0 0 0 0 0 0 0 0 
end_table

