@observation HG_age_sample_sim
age_samples_per_cluster 10 
ageing_error age_error 
average_cluster_weight 6 
cluster_cv 0.6 
cluster_sigma 1.1 
fishery_label Fishing_LL 
layer_of_stratum_definitions area_definition 
process_label fishing 
strata_to_include HG 
type mortality_event_biomass_age_clusters 
years 1990 1991 1992 1993 1994 1995 1996 1997 1998 1999 2000 2001 2002 2003 2004 2005 2006 2007 2008 2009 2010 2011 2012 2013 
table obs
1990 0 0.021546 0.043092 0.086184 0.043092 0 0 0.114704 0.114704 0.028676 0.0608891 0.0608891 0.121778 0.0608891 0.121778 0.0608891 0 0.0608891 0 0 0 0 0 0 0 0 0 0 0 0 
1991 0 0 0 0.0319951 0.154438 0.0319951 0.0319951 0.12798 0.154438 0.0408143 0.0816285 0 0 0 0 0.0383018 0.0383018 0.0766036 0.153207 0.0383018 0 0 0 0 0 0 0 0 0 0 
1992 0 0 0 0 0 0 0 0 0 0.140925 0.0937146 0.164295 0.0703448 0.0703448 0.0641361 0.0641361 0.128272 0.122299 0.0407663 0.0407663 0 0 0 0 0 0 0 0 0 0 
1993 0.0267028 0.0534056 0.0801084 0.114913 0.149717 0.246028 0.061507 0.061507 0 0 0 0 0 0 0 0 0 0 0 0 0 0 0 0 0 0 0 0.0916052 0.0687039 0.0458026 
1994 0 0.0311333 0.108967 0 0.311611 0.0890318 0 0 0 0 0 0.204114 0.0510286 0.204114 0 0 0 0 0 0 0 0 0 0 0 0 0 0 0 0 
1995 0 0 0 0 0 0 0.0285894 0.175754 0.227895 0.141492 0.365506 0.0607626 0 0 0 0 0 0 0 0 0 0 0 0 0 0 0 0 0 0 
1996 0 0.0647942 0.280409 0.057351 0.20099 0 0.118554 0.0926338 0.0463169 0.138951 0 0 0 0 0 0 0 0 0 0 0 0 0 0 0 0 0 0 0 0 
1997 0.344958 0.139073 0.205885 0.0918072 0.0386078 0.11879 0.0415744 0.0193039 0 0 0 0 0 0 0 0 0 0 0 0 0 0 0 0 0 0 0 0 0 0 
1998 0.614107 0.0574099 0 0.109494 0.0729963 0.0364982 0.109494 0 0 0 0 0 0 0 0 0 0 0 0 0 0 0 0 0 0 0 0 0 0 0 
1999 0 0.0786731 0 0 0.0786731 0.0786731 0.0538716 0.215486 0.0538716 0.161615 0.0620304 0.0930455 0.0620304 0.0620304 0 0 0 0 0 0 0 0 0 0 0 0 0 0 0 0 
2000 0.21292 0.253846 0.502087 0.0155735 0.0155735 0 0 0 0 0 0 0 0 0 0 0 0 0 0 0 0 0 0 0 0 0 0 0 0 0 
2001 0.163468 0.0980806 0.081886 0.42825 0.190841 0.0374746 0 0 0 0 0 0 0 0 0 0 0 0 0 0 0 0 0 0 0 0 0 0 0 0 
2002 0.288321 0.274347 0.338068 0 0.0992636 0 0 0 0 0 0 0 0 0 0 0 0 0 0 0 0 0 0 0 0 0 0 0 0 0 
2003 0.483811 0.0421154 0.401481 0.0725934 0 0 0 0 0 0 0 0 0 0 0 0 0 0 0 0 0 0 0 0 0 0 0 0 0 0 
2004 0.143311 0.176329 0.130437 0.329796 0.174235 0.0458928 0 0 0 0 0 0 0 0 0 0 0 0 0 0 0 0 0 0 0 0 0 0 0 0 
2005 0 0.034478 0.0861949 0.0224273 0.169042 0.0448545 0 0.0714449 0 0.14289 0.214335 0.214335 0 0 0 0 0 0 0 0 0 0 0 0 0 0 0 0 0 0 
2006 0.517383 0.202615 0.231701 0 0.0483009 0 0 0 0 0 0 0 0 0 0 0 0 0 0 0 0 0 0 0 0 0 0 0 0 0 
2007 0 0.397258 0 0.220075 0.110037 0 0 0 0 0.0605843 0.0605843 0 0.0605843 0 0 0 0.0302922 0.0605843 0 0 0 0 0 0 0 0 0 0 0 0 
2008 0.583789 0 0 0 0 0 0 0 0.0924913 0.138737 0 0.184983 0 0 0 0 0 0 0 0 0 0 0 0 0 0 0 0 0 0 
2009 0.242428 0.471276 0 0 0 0 0 0.0318106 0.0954319 0.159053 0 0 0 0 0 0 0 0 0 0 0 0 0 0 0 0 0 0 0 0 
2010 0 0.100006 0.350022 0 0.267053 0.0763009 0 0 0 0 0 0 0.206618 0 0 0 0 0 0 0 0 0 0 0 0 0 0 0 0 0 
2011 0.236665 0.0294629 0.0414404 0.462237 0.129829 0.100366 0 0 0 0 0 0 0 0 0 0 0 0 0 0 0 0 0 0 0 0 0 0 0 0 
2012 0.0610221 0.122044 0.366133 0.0294633 0.279908 0.0353573 0 0 0.0353573 0.0707147 0 0 0 0 0 0 0 0 0 0 0 0 0 0 0 0 0 0 0 0 
2013 0.0228848 0.114424 0.0686545 0 0 0 0 0 0.0722285 0.200211 0.449369 0 0.0722285 0 0 0 0 0 0 0 0 0 0 0 0 0 0 0 0 0 
end_table
table error_values
1990 0 0 0 0 0 0 0 0 0 0 0 0 0 0 0 0 0 0 0 0 0 0 0 0 0 0 0 0 0 0 
1991 0 0 0 0 0 0 0 0 0 0 0 0 0 0 0 0 0 0 0 0 0 0 0 0 0 0 0 0 0 0 
1992 0 0 0 0 0 0 0 0 0 0 0 0 0 0 0 0 0 0 0 0 0 0 0 0 0 0 0 0 0 0 
1993 0 0 0 0 0 0 0 0 0 0 0 0 0 0 0 0 0 0 0 0 0 0 0 0 0 0 0 0 0 0 
1994 0 0 0 0 0 0 0 0 0 0 0 0 0 0 0 0 0 0 0 0 0 0 0 0 0 0 0 0 0 0 
1995 0 0 0 0 0 0 0 0 0 0 0 0 0 0 0 0 0 0 0 0 0 0 0 0 0 0 0 0 0 0 
1996 0 0 0 0 0 0 0 0 0 0 0 0 0 0 0 0 0 0 0 0 0 0 0 0 0 0 0 0 0 0 
1997 0 0 0 0 0 0 0 0 0 0 0 0 0 0 0 0 0 0 0 0 0 0 0 0 0 0 0 0 0 0 
1998 0 0 0 0 0 0 0 0 0 0 0 0 0 0 0 0 0 0 0 0 0 0 0 0 0 0 0 0 0 0 
1999 0 0 0 0 0 0 0 0 0 0 0 0 0 0 0 0 0 0 0 0 0 0 0 0 0 0 0 0 0 0 
2000 0 0 0 0 0 0 0 0 0 0 0 0 0 0 0 0 0 0 0 0 0 0 0 0 0 0 0 0 0 0 
2001 0 0 0 0 0 0 0 0 0 0 0 0 0 0 0 0 0 0 0 0 0 0 0 0 0 0 0 0 0 0 
2002 0 0 0 0 0 0 0 0 0 0 0 0 0 0 0 0 0 0 0 0 0 0 0 0 0 0 0 0 0 0 
2003 0 0 0 0 0 0 0 0 0 0 0 0 0 0 0 0 0 0 0 0 0 0 0 0 0 0 0 0 0 0 
2004 0 0 0 0 0 0 0 0 0 0 0 0 0 0 0 0 0 0 0 0 0 0 0 0 0 0 0 0 0 0 
2005 0 0 0 0 0 0 0 0 0 0 0 0 0 0 0 0 0 0 0 0 0 0 0 0 0 0 0 0 0 0 
2006 0 0 0 0 0 0 0 0 0 0 0 0 0 0 0 0 0 0 0 0 0 0 0 0 0 0 0 0 0 0 
2007 0 0 0 0 0 0 0 0 0 0 0 0 0 0 0 0 0 0 0 0 0 0 0 0 0 0 0 0 0 0 
2008 0 0 0 0 0 0 0 0 0 0 0 0 0 0 0 0 0 0 0 0 0 0 0 0 0 0 0 0 0 0 
2009 0 0 0 0 0 0 0 0 0 0 0 0 0 0 0 0 0 0 0 0 0 0 0 0 0 0 0 0 0 0 
2010 0 0 0 0 0 0 0 0 0 0 0 0 0 0 0 0 0 0 0 0 0 0 0 0 0 0 0 0 0 0 
2011 0 0 0 0 0 0 0 0 0 0 0 0 0 0 0 0 0 0 0 0 0 0 0 0 0 0 0 0 0 0 
2012 0 0 0 0 0 0 0 0 0 0 0 0 0 0 0 0 0 0 0 0 0 0 0 0 0 0 0 0 0 0 
2013 0 0 0 0 0 0 0 0 0 0 0 0 0 0 0 0 0 0 0 0 0 0 0 0 0 0 0 0 0 0 
end_table

