@observation HG_age_sample_sim
age_samples_per_cluster 10 
ageing_error age_error 
average_cluster_weight 6 
cluster_cv 0.6 
cluster_sigma 1.1 
fishery_label Fishing_LL 
layer_of_stratum_definitions area_definition 
max_age 20 
min_age 0 
process_label fishing 
strata_to_include HG 
type mortality_event_biomass_age_clusters 
years 1990 1991 1992 1993 1994 1995 1996 1997 1998 1999 2000 2001 2002 2003 2004 2005 2006 2007 2008 2009 2010 2011 2012 2013 
table obs
1990 0 0.00840805 0.0390461 0.108327 0.0677347 0.110393 0.100674 0.103302 0.0477951 0.0282983 0.0293856 0.0504856 0.0519436 0.0310328 0.0245962 0.0171409 0.00568115 0.0288008 0.0268208 0.0301917 0.0899428 
1991 0 0.00694976 0.0540912 0.0846176 0.0984701 0.114704 0.0794714 0.0660249 0.0492229 0.0502531 0.0294918 0.0389238 0.0587088 0.047617 0.024316 0.0170438 0.0222949 0.0271825 0.0227966 0.00421348 0.103607 
1992 0 0 0.0215622 0.0578272 0.115306 0.0925975 0.0754084 0.0746956 0.0557555 0.0503656 0.0653623 0.0427899 0.0424697 0.0211517 0.00954466 0.0149755 0.0168855 0.0181353 0.0209386 0.0130061 0.191223 
1993 0 0.00643987 0.00321993 0.121867 0.135697 0.105745 0.0962715 0.0791081 0.054993 0.0574591 0.0430844 0.0224187 0.042947 0.0351482 0.0281205 0.0110373 0.00934763 0.00624606 0.00898901 0.00703141 0.12483 
1994 0 0.000566548 0.0145458 0.0310404 0.0969127 0.0745647 0.0902046 0.100927 0.0870773 0.0676542 0.028737 0.0426283 0.063843 0.0358942 0.0478069 0.0199919 0.0246675 0.015386 0.0551775 0.0114209 0.0909539 
1995 0 0.00531354 0.0279794 0.0580852 0.033178 0.160006 0.137626 0.0997038 0.0800894 0.0618883 0.0738175 0.0493493 0.0307232 0.0314149 0.0371666 0.0148028 0.015249 0.0132612 0.0138886 0.00610516 0.0503521 
1996 0 0.018754 0.125943 0.10237 0.105347 0.040022 0.0880736 0.062938 0.0550551 0.0489295 0.0422339 0.0285887 0.0326015 0.0325108 0.0440957 0.025502 0.0167576 0.0162494 0.0190936 0.0121649 0.0827695 
1997 0 0.00144422 0.0218913 0.0634476 0.0453442 0.127664 0.057425 0.125687 0.0677273 0.0663419 0.0347889 0.0423689 0.0562882 0.0408688 0.0293918 0.0186423 0.025605 0.0225759 0.013239 0.0222297 0.11703 
1998 0 0.0203188 0.0358812 0.09315 0.134135 0.0511309 0.0417044 0.0162545 0.056007 0.0524138 0.0738711 0.0633772 0.0323249 0.0311146 0.0611652 0.037672 0.0319264 0.0133615 0.00116946 0.0277098 0.125312 
1999 0 0.0293385 0.0464915 0.0598906 0.0843186 0.190965 0.073264 0.0563322 0.0478466 0.0628088 0.0377616 0.036058 0.0294326 0.0209843 0.0223354 0.0325311 0.0217491 0.0190928 0.00546542 0.00798034 0.115354 
2000 0 0.0165333 0.128811 0.112815 0.0921726 0.0862778 0.130539 0.0519355 0.0447849 0.00739087 0.0294311 0.0205976 0.0163933 0.00793247 0.015185 0.0278359 0.0328399 0.0108028 0.00892933 0.0103583 0.148435 
2001 0 0.00362949 0.0503379 0.219761 0.0799326 0.0198817 0.0418995 0.057803 0.0231024 0.0387855 0.0146328 0.0657869 0.0287403 0.0260876 0.0533691 0.0257566 0.05605 0.0503575 0.0546335 0.0185214 0.0709316 
2002 0 0.0158171 0.0221687 0.0991415 0.233543 0.10772 0.0559443 0.054311 0.0478656 0.0411957 0.0306169 0.0257482 0.0501036 0.04449 0.0452391 0.0259061 0.0216959 0.00561631 0 0.00873694 0.0641399 
2003 0 0.00512779 0.12147 0.143165 0.104031 0.286771 0.0879101 0.0537579 0.0427735 0.0298066 0.00782456 0.0131084 0.00695423 0.015849 0.00722492 0.00255163 0.00992971 0.0173768 0.00896381 0 0.0354048 
2004 0 0.018565 0.046941 0.144139 0.126253 0.113354 0.17836 0.0606489 0.0281981 0.0322913 0.070645 0.0102291 0.014755 0.00835941 0.00464132 0.00801291 0.0188465 0.0228592 0.0138105 0 0.0790913 
2005 0 0 0.0173647 0.037385 0.159245 0.0938546 0.0508777 0.0912308 0.0346028 0.0164772 0.0241846 0.0996323 0.0440725 0.0636773 0 0.122408 0.0233816 0.016791 0.00419918 0.00930608 0.0913102 
2006 0 0 0.024687 0.102267 0.0364449 0.138897 0.0808578 0.0794108 0.0852547 0.0433306 0.0359022 0.0327151 0.0427256 0.00906824 0.0100554 0.00497454 0.0663793 0.0322632 0.0566695 0.0191385 0.0989584 
2007 0 0.0018642 0.00111983 0.0193159 0.0445604 0.0183499 0.0356965 0.0166517 0.00676953 0.0181355 0.00528529 0.0021475 0.00720461 0.00831954 0.00230368 0.00284226 0.00108666 0.000723942 0.00242095 0.00242095 0.802781 
2008 0 0.0019914 0.0113917 0.0423688 0.105254 0.17225 0.0899812 0.164357 0.0771802 0.0481445 0.0952931 0.0454596 0.0104894 0.00946343 0.0357303 0.00305316 0.00279621 0.00603115 0.0220869 0.00763745 0.0490397 
2009 0 0.0654814 0.0369886 0.070223 0.024638 0.158059 0.1397 0.104795 0.103054 0.0746748 0.0315014 0.0512473 0.0162454 0.0135393 0.0174089 0.0100054 0.00568902 0.0016911 0 0.00600917 0.0690492 
2010 0 0.00303859 0.160009 0.0425773 0.0747674 0.0282072 0.109817 0.129218 0.0601431 0.121589 0.0430945 0.0473072 0.0511536 0.00840023 0.00473596 0.0059172 0.00472773 0.00231173 0.00639282 0.00413186 0.0924606 
2011 0 0.0220766 0.0250651 0.189609 0.0804482 0.100048 0.00696887 0.0540128 0.134874 0.062674 0.0743421 0.0726986 0.0284296 0.051761 0.00470309 0.00708501 0.0460986 0.00836975 0.00125436 0.00125436 0.0282271 
2012 0 0.00963656 0.0259388 0.0663593 0.335971 0.0698689 0.0691439 0.0203273 0.0902417 0.119129 0.0157932 0.020916 0.0173581 0.0140415 0.0296973 0.00238242 0.00648028 0.0156514 0.0135909 0.00869281 0.0487793 
2013 0 0.0216904 0.0463612 0.0326759 0.067147 0.378815 0.0488708 0.0690247 0.013078 0.0285878 0.0678093 0.0104618 0.013159 0.0206058 0.0207199 0.0879289 0.0268535 0.0157016 0.0150758 0.0154333 0 
end_table
table error_values
1990 0 0 0 0 0 0 0 0 0 0 0 0 0 0 0 0 0 0 0 0 0 
1991 0 0 0 0 0 0 0 0 0 0 0 0 0 0 0 0 0 0 0 0 0 
1992 0 0 0 0 0 0 0 0 0 0 0 0 0 0 0 0 0 0 0 0 0 
1993 0 0 0 0 0 0 0 0 0 0 0 0 0 0 0 0 0 0 0 0 0 
1994 0 0 0 0 0 0 0 0 0 0 0 0 0 0 0 0 0 0 0 0 0 
1995 0 0 0 0 0 0 0 0 0 0 0 0 0 0 0 0 0 0 0 0 0 
1996 0 0 0 0 0 0 0 0 0 0 0 0 0 0 0 0 0 0 0 0 0 
1997 0 0 0 0 0 0 0 0 0 0 0 0 0 0 0 0 0 0 0 0 0 
1998 0 0 0 0 0 0 0 0 0 0 0 0 0 0 0 0 0 0 0 0 0 
1999 0 0 0 0 0 0 0 0 0 0 0 0 0 0 0 0 0 0 0 0 0 
2000 0 0 0 0 0 0 0 0 0 0 0 0 0 0 0 0 0 0 0 0 0 
2001 0 0 0 0 0 0 0 0 0 0 0 0 0 0 0 0 0 0 0 0 0 
2002 0 0 0 0 0 0 0 0 0 0 0 0 0 0 0 0 0 0 0 0 0 
2003 0 0 0 0 0 0 0 0 0 0 0 0 0 0 0 0 0 0 0 0 0 
2004 0 0 0 0 0 0 0 0 0 0 0 0 0 0 0 0 0 0 0 0 0 
2005 0 0 0 0 0 0 0 0 0 0 0 0 0 0 0 0 0 0 0 0 0 
2006 0 0 0 0 0 0 0 0 0 0 0 0 0 0 0 0 0 0 0 0 0 
2007 0 0 0 0 0 0 0 0 0 0 0 0 0 0 0 0 0 0 0 0 0 
2008 0 0 0 0 0 0 0 0 0 0 0 0 0 0 0 0 0 0 0 0 0 
2009 0 0 0 0 0 0 0 0 0 0 0 0 0 0 0 0 0 0 0 0 0 
2010 0 0 0 0 0 0 0 0 0 0 0 0 0 0 0 0 0 0 0 0 0 
2011 0 0 0 0 0 0 0 0 0 0 0 0 0 0 0 0 0 0 0 0 0 
2012 0 0 0 0 0 0 0 0 0 0 0 0 0 0 0 0 0 0 0 0 0 
2013 0 0 0 0 0 0 0 0 0 0 0 0 0 0 0 0 0 0 0 0 0 
end_table

