@observation HG_age_sample_sim
age_samples_per_cluster 10 
ageing_error age_error 
average_cluster_weight 6 
cluster_cv 0.6 
cluster_sigma 1.1 
fishery_label Fishing_LL 
layer_of_stratum_definitions area_definition 
max_age 20 
min_age 0 
process_label fishing 
strata_to_include HG 
type mortality_event_biomass_age_clusters 
years 1990 1991 1992 1993 1994 1995 1996 1997 1998 1999 2000 2001 2002 2003 2004 2005 2006 2007 2008 2009 2010 2011 2012 2013 
table obs
1990 0 0 0.0278169 0.0697192 0.0615726 0.0804424 0.106211 0.0657986 0.0556178 0.080456 0.0700534 0.0430794 0.0548705 0.0339642 0.0151058 0.0231933 0.0345514 0.0180626 0.0098191 0.0148723 0.134794 
1991 0 0.0368169 0.0274737 0.0929606 0.0610865 0.10062 0.0557825 0.0666014 0.0529069 0.057427 0.0725725 0.0558746 0.0225346 0.0332621 0.0294595 0.0214037 0.0431701 0.0299328 0.0420348 0.0164774 0.0816027 
1992 0 0.0255337 0.0757707 0.09962 0.119967 0.105449 0.0710586 0.0847595 0.068687 0.0422611 0.0363807 0.0392545 0.0223509 0.014735 0.0229104 0.0141991 0.0114711 0.00615938 0.0130211 0.0133898 0.113022 
1993 0 0.0278422 0.00362547 0.118903 0.152355 0.108824 0.0600954 0.0671 0.0432032 0.0457647 0.0396053 0.0618387 0.0378857 0.0405049 0.0248108 0.046958 0.0236145 0.0205275 0.00563584 0.00307211 0.0678346 
1994 0 0.00150018 0.0071092 0.0309066 0.135175 0.113239 0.0813644 0.0558984 0.0325106 0.044892 0.019825 0.0410143 0.0304304 0.0389327 0.0464587 0.0649314 0.030317 0.0367027 0.0309889 0.0259573 0.131846 
1995 0 0 0.00412943 0.0319955 0.0290976 0.117379 0.0909581 0.0695125 0.0911708 0.0487001 0.0468978 0.058135 0.0542878 0.0551629 0.0343663 0.0269085 0.025387 0.0431158 0.0365434 0.0214083 0.114845 
1996 0 0.00100987 0.0718156 0.0769807 0.0618368 0.0245343 0.105371 0.0873497 0.0894456 0.0444496 0.0370061 0.0479017 0.0358101 0.0368297 0.039334 0.0564511 0.0388849 0.0309165 0.0177932 0.00761937 0.0886604 
1997 0 0.0090522 0.0325676 0.13635 0.0873753 0.0859603 0.0425202 0.0683321 0.0507017 0.049654 0.0286628 0.032819 0.0223461 0.0281085 0.0317283 0.0395485 0.0243123 0.0217053 0.0269713 0.0162947 0.16499 
1998 0 0.0177024 0.0398743 0.086269 0.200209 0.105259 0.096314 0.0268543 0.0721761 0.0572707 0.0502232 0.0402795 0.0319766 0.028481 0.0150613 0.0112112 0.0189685 0.011677 0.0153562 0.0141767 0.0606603 
1999 0 0.0127665 0.0227373 0.0694954 0.137217 0.128378 0.0825038 0.0756826 0.0249755 0.0700213 0.0693119 0.0532505 0.0433047 0.0353237 0.0336802 0.034499 0.0175338 0.0022703 0.00520181 0.00491388 0.0769332 
2000 0 0.0337351 0.0982443 0.0881803 0.099919 0.10744 0.12831 0.0587563 0.0509432 0.0127017 0.0373277 0.0229222 0.0172962 0.0218069 0.00635805 0.0121919 0.00495408 0.0185735 0.0394007 0.0218142 0.119125 
2001 0 0.00828706 0.0489974 0.328617 0.141612 0.0669023 0.0578769 0.0521437 0.00642783 0.0113719 0.00509811 0.0662009 0.0661202 0.0245957 0.0105464 0.00826003 0.00827662 0.00813779 0.0183489 0.0122067 0.0499732 
2002 0 0.0127575 0.0542185 0.112624 0.261909 0.0776263 0.0486748 0.0387039 0.0618586 0.0247153 0.0351757 0.0169259 0.0358474 0.0131429 0.0115778 0.0366965 0.0119161 0.00640092 0.00923546 0.0107094 0.119285 
2003 0 0.0395555 0.0684148 0.104194 0.102927 0.178934 0.058782 0.0619318 0.0239869 0.0286326 0.0411593 0.0278202 0.00258979 0.0394801 0.0122903 0.0260478 0.0257642 0.00993321 0.024451 0.02215 0.100956 
2004 0 0.0308141 0.0300602 0.162977 0.177044 0.126436 0.191838 0.0413994 0.0188798 0.0228847 0.0454623 0.0179488 0.0170521 0.00924985 0.0184431 0.0168849 0.00912318 0.00601255 0.00235889 0.00879308 0.046338 
2005 0 0.00368161 0.0429893 0.0693166 0.134845 0.0982649 0.0623044 0.117621 0.0601558 0.0405381 0.023461 0.0414104 0.0292696 0.11013 0.0137684 0.00910996 0.00910996 0 0 0.00346493 0.130559 
2006 0 0 0.0574207 0.103166 0.0847919 0.180157 0.114353 0.0665096 0.0873673 0.0498661 0.0123996 0.041261 0.0607567 0.0365747 0.0221284 0.00538417 0.00874886 0.00168234 0.0177887 0.00459783 0.045047 
2007 0 0.000394757 0.000894836 0.00451445 0.0164449 0.00902301 0.0125641 0.006028 0.00366493 0.00665337 0.00166004 0.00153179 0.000622601 0.00279911 0.000365774 0.000103166 0.000229333 0.00200416 0.00154333 0.00199834 0.92696 
2008 0 0 0.0239796 0.0172282 0.0563615 0.161047 0.0961837 0.14819 0.0972707 0.0451799 0.0767482 0.0816754 0.057332 0.0219742 0.0375552 0.00591886 0.00467879 0.00894339 0.00254649 0.00468174 0.0525051 
2009 0 0.035731 0.0170652 0.0403086 0.0082635 0.114103 0.173862 0.067523 0.0898378 0.0696964 0.0528309 0.126967 0.0167184 0.00863535 0.0115367 0.0322002 0.0151996 0.00263031 0 0.00926832 0.107623 
2010 0 0.0043485 0.238003 0.0577159 0.0754487 0.0208717 0.0820753 0.146483 0.053976 0.138707 0.0506202 0.0179238 0.020967 0.0174911 0 0.0151859 0.00363985 0.00205602 0.00268 0 0.0518075 
2011 0 0.00108656 0.0499522 0.258114 0.0680335 0.0995656 0.0341297 0.0753879 0.122504 0.0662671 0.0605151 0.034153 0.0178333 0.0106609 0.0116147 0.00604868 0.0245763 0.0133829 0.00124563 0.00619736 0.0387318 
2012 0 0.00560686 0.0115981 0.0205602 0.307946 0.0314101 0.0357832 0.0146343 0.043543 0.148231 0.0572018 0.0940774 0.0534479 0.0197312 0.0468363 0.0204032 0.0108211 0.0103455 0.0104367 0.0260918 0.0312934 
2013 0 0.00160369 0.106668 0.0484523 0.0698012 0.273816 0.0379512 0.0425382 0.0239226 0.0458477 0.082798 0.0424101 0.0515094 0.0208085 0.00612986 0.0212514 0.0161363 0.023842 0.00674165 0.0110778 0.0666946 
end_table
table error_values
1990 0 0 0 0 0 0 0 0 0 0 0 0 0 0 0 0 0 0 0 0 0 
1991 0 0 0 0 0 0 0 0 0 0 0 0 0 0 0 0 0 0 0 0 0 
1992 0 0 0 0 0 0 0 0 0 0 0 0 0 0 0 0 0 0 0 0 0 
1993 0 0 0 0 0 0 0 0 0 0 0 0 0 0 0 0 0 0 0 0 0 
1994 0 0 0 0 0 0 0 0 0 0 0 0 0 0 0 0 0 0 0 0 0 
1995 0 0 0 0 0 0 0 0 0 0 0 0 0 0 0 0 0 0 0 0 0 
1996 0 0 0 0 0 0 0 0 0 0 0 0 0 0 0 0 0 0 0 0 0 
1997 0 0 0 0 0 0 0 0 0 0 0 0 0 0 0 0 0 0 0 0 0 
1998 0 0 0 0 0 0 0 0 0 0 0 0 0 0 0 0 0 0 0 0 0 
1999 0 0 0 0 0 0 0 0 0 0 0 0 0 0 0 0 0 0 0 0 0 
2000 0 0 0 0 0 0 0 0 0 0 0 0 0 0 0 0 0 0 0 0 0 
2001 0 0 0 0 0 0 0 0 0 0 0 0 0 0 0 0 0 0 0 0 0 
2002 0 0 0 0 0 0 0 0 0 0 0 0 0 0 0 0 0 0 0 0 0 
2003 0 0 0 0 0 0 0 0 0 0 0 0 0 0 0 0 0 0 0 0 0 
2004 0 0 0 0 0 0 0 0 0 0 0 0 0 0 0 0 0 0 0 0 0 
2005 0 0 0 0 0 0 0 0 0 0 0 0 0 0 0 0 0 0 0 0 0 
2006 0 0 0 0 0 0 0 0 0 0 0 0 0 0 0 0 0 0 0 0 0 
2007 0 0 0 0 0 0 0 0 0 0 0 0 0 0 0 0 0 0 0 0 0 
2008 0 0 0 0 0 0 0 0 0 0 0 0 0 0 0 0 0 0 0 0 0 
2009 0 0 0 0 0 0 0 0 0 0 0 0 0 0 0 0 0 0 0 0 0 
2010 0 0 0 0 0 0 0 0 0 0 0 0 0 0 0 0 0 0 0 0 0 
2011 0 0 0 0 0 0 0 0 0 0 0 0 0 0 0 0 0 0 0 0 0 
2012 0 0 0 0 0 0 0 0 0 0 0 0 0 0 0 0 0 0 0 0 0 
2013 0 0 0 0 0 0 0 0 0 0 0 0 0 0 0 0 0 0 0 0 0 
end_table

