@observation HG_age_sample_sim
age_samples_per_cluster 10 
ageing_error age_error 
average_cluster_weight 6 
cluster_cv 0.6 
cluster_sigma 1.1 
fishery_label Fishing_LL 
layer_of_stratum_definitions area_definition 
max_age 20 
min_age 0 
process_label fishing 
strata_to_include HG 
type mortality_event_biomass_age_clusters 
years 1990 1991 1992 1993 1994 1995 1996 1997 1998 1999 2000 2001 2002 2003 2004 2005 2006 2007 2008 2009 2010 2011 2012 2013 
table obs
1990 0 0.0328774 0.0123672 0.0330074 0.0874551 0.103047 0.108056 0.0954013 0.128142 0.0633559 0.0565824 0.0341485 0.034993 0.0261882 0.0150696 0.017598 0.0212793 0.022452 0.00922934 0.00367598 0.0950745 
1991 0 0 0.0171686 0.0701207 0.066363 0.127141 0.0784403 0.0494954 0.0854733 0.0906874 0.0589969 0.0397034 0.0349842 0.0310546 0.017192 0.0301625 0.0358782 0.0122565 0.0286347 0.0388585 0.0873884 
1992 0 0 0.0268756 0.029359 0.0584302 0.0736416 0.104377 0.0975805 0.108372 0.0607362 0.0687977 0.0475952 0.0457999 0.0231415 0.0494301 0.045704 0.0297414 0.0178939 0.0182622 0.0116318 0.0826306 
1993 0 0.00610364 0.0217059 0.0630747 0.0843761 0.096671 0.0780978 0.111592 0.048486 0.0515 0.032336 0.0387078 0.021251 0.0270346 0.0334351 0.0288938 0.0402541 0.03325 0.0243844 0.0305571 0.128289 
1994 0 0.00940416 0.0137389 0.0194115 0.124985 0.0873739 0.0707495 0.0580685 0.0588068 0.0413101 0.0243639 0.0437666 0.0448428 0.0388858 0.0661526 0.103114 0.05144 0.0170837 0.021682 0.00752703 0.0972935 
1995 0 0.019147 0.0455698 0.0694275 0.028064 0.14716 0.0983589 0.111582 0.115468 0.082503 0.0320107 0.0263391 0.0190588 0.0175555 0.00716224 0.0156702 0.0193471 0.0113861 0.00621316 0.0131062 0.114871 
1996 0 0 0.056447 0.0857928 0.167591 0.0484789 0.0892938 0.0732183 0.0649317 0.0486842 0.0595552 0.0567046 0.0393558 0.0112599 0.0157076 0.0117875 0.0116251 0.0305424 0.00931632 0.0149423 0.104766 
1997 0 0.0109895 0.0441993 0.124622 0.160449 0.108132 0.0354848 0.0611925 0.0544851 0.0443395 0.0227106 0.0396483 0.0185254 0.0250831 0.0195226 0.00923812 0.0187966 0.022668 0.0259835 0.0166068 0.137324 
1998 0 0.00369456 0.0286037 0.109896 0.141178 0.0516013 0.0496298 0.039953 0.0946923 0.0639537 0.0321111 0.0405735 0.0249158 0.0250261 0.045754 0.0263177 0.0211992 0.0150347 0.0113953 0.0104853 0.163985 
1999 0 0.0149043 0.0301585 0.0486443 0.0717656 0.108464 0.0405444 0.0503528 0.0330245 0.0845978 0.0380865 0.0482698 0.0275677 0.0129418 0.0270953 0.0205493 0.0267443 0.032305 0.0296271 0.0485845 0.205773 
2000 0 0.018245 0.0736646 0.0659208 0.0776497 0.0951961 0.142207 0.0728528 0.0470317 0.0191286 0.0874163 0.0323723 0.0250847 0.0291231 0.0391234 0.0363461 0.019642 0.0125882 0.0164326 0.0176354 0.0723395 
2001 0 0.0327785 0.0528642 0.253568 0.112736 0.0790805 0.0506002 0.103542 0.0556453 0.0602609 0.0192114 0.0194529 0.00463455 0.00710588 0.0106019 0.00942368 0.00749488 0.0128968 0.0152615 0.0199265 0.0729144 
2002 0 0.0144798 0.0493927 0.119902 0.211153 0.0852415 0.0212988 0.0349486 0.0761124 0.0348071 0.0384542 0.0300654 0.0646917 0.0251658 0.0112588 0.00757549 0.00602739 0.00335321 0.00789485 0.0097631 0.148414 
2003 0 0.00488882 0.0436105 0.0951313 0.120156 0.257547 0.0918467 0.0524086 0.0306073 0.034458 0.0182256 0.0607101 0.00827304 0.0220546 0.0177606 0.021723 0.0227809 0.00671151 0.00911695 0.00330255 0.0786872 
2004 0 0.00358519 0.0236826 0.134405 0.188168 0.107706 0.17944 0.0779661 0.0366326 0.0279828 0.0226314 0.00791917 0.00302086 0 0 0.00744446 0.00705756 0.00541538 0.0225688 0.022555 0.121819 
2005 0 0.0100201 0.0482295 0.0778281 0.20381 0.136708 0.0689392 0.155065 0.0491682 0.0319979 0.0325241 0.0223496 0.0266522 0.00862619 0 0.00669461 0.00267784 0.0111984 0.012714 0.00439956 0.0903973 
2006 0 0.00232593 0.056432 0.0864245 0.0818067 0.19038 0.12446 0.075537 0.155939 0.0624421 0.0208688 0.0282951 0.0125098 0.00131222 0.00171378 0.00057126 0.00225408 0.000751359 0 0.0059265 0.0900499 
2007 0 0 0 0.00531797 0.0172798 0.00951309 0.0129477 0.00639917 0.00403154 0.00747656 0.00202095 0.0012526 0.00266146 0.0019788 0.00183166 0.000561243 0.000721724 0.00258478 0.00175149 0.00211932 0.91955 
2008 0 0.00329489 0.0116728 0.0214335 0.0953292 0.167369 0.0900704 0.133266 0.0849695 0.087319 0.151526 0.0427275 0.010129 0.0129799 0.0274127 0.00727195 0.0171541 0.0083757 0.00599331 0.011342 0.0103633 
2009 0 0.0542844 0.0432044 0.0956022 0.0310281 0.142199 0.135966 0.0864635 0.118595 0.0412891 0.0205145 0.0428702 0.0426029 0.0376702 0.0194028 0.0345187 0.00298874 0.00283366 0 0.0160457 0.0319203 
2010 0 0.00431444 0.161653 0.0307215 0.0649098 0.0418754 0.102649 0.144314 0.0481297 0.1267 0.0580136 0.0239562 0.0670291 0.0200369 0.0012808 0.00507122 0.0158281 0 0 0.00344456 0.0800735 
2011 0 0.00363006 0.0178843 0.198522 0.0740636 0.111589 0.0477963 0.0603477 0.102319 0.0492623 0.080581 0.0346298 0.025631 0.0268967 0.0219504 0.0103939 0.0150401 0.0196116 0.00322955 0 0.0966205 
2012 0 0.0240562 0.0289985 0.0744773 0.271824 0.0823148 0.0717891 0.0385184 0.087953 0.099196 0.0448243 0.0496811 0.0310694 0.0113918 0.0349618 0.00511052 0.00434311 0 0.00284928 0.00400261 0.0326391 
2013 0 0.0202944 0.0357565 0.0397717 0.0515608 0.358941 0.0554778 0.0420639 0.00592438 0.0401181 0.0403447 0.0119093 0.0471566 0.0404677 0.0711899 0.082155 0.0170218 0.00491095 0.00495977 0.00660997 0.0233659 
end_table
table error_values
1990 0 0 0 0 0 0 0 0 0 0 0 0 0 0 0 0 0 0 0 0 0 
1991 0 0 0 0 0 0 0 0 0 0 0 0 0 0 0 0 0 0 0 0 0 
1992 0 0 0 0 0 0 0 0 0 0 0 0 0 0 0 0 0 0 0 0 0 
1993 0 0 0 0 0 0 0 0 0 0 0 0 0 0 0 0 0 0 0 0 0 
1994 0 0 0 0 0 0 0 0 0 0 0 0 0 0 0 0 0 0 0 0 0 
1995 0 0 0 0 0 0 0 0 0 0 0 0 0 0 0 0 0 0 0 0 0 
1996 0 0 0 0 0 0 0 0 0 0 0 0 0 0 0 0 0 0 0 0 0 
1997 0 0 0 0 0 0 0 0 0 0 0 0 0 0 0 0 0 0 0 0 0 
1998 0 0 0 0 0 0 0 0 0 0 0 0 0 0 0 0 0 0 0 0 0 
1999 0 0 0 0 0 0 0 0 0 0 0 0 0 0 0 0 0 0 0 0 0 
2000 0 0 0 0 0 0 0 0 0 0 0 0 0 0 0 0 0 0 0 0 0 
2001 0 0 0 0 0 0 0 0 0 0 0 0 0 0 0 0 0 0 0 0 0 
2002 0 0 0 0 0 0 0 0 0 0 0 0 0 0 0 0 0 0 0 0 0 
2003 0 0 0 0 0 0 0 0 0 0 0 0 0 0 0 0 0 0 0 0 0 
2004 0 0 0 0 0 0 0 0 0 0 0 0 0 0 0 0 0 0 0 0 0 
2005 0 0 0 0 0 0 0 0 0 0 0 0 0 0 0 0 0 0 0 0 0 
2006 0 0 0 0 0 0 0 0 0 0 0 0 0 0 0 0 0 0 0 0 0 
2007 0 0 0 0 0 0 0 0 0 0 0 0 0 0 0 0 0 0 0 0 0 
2008 0 0 0 0 0 0 0 0 0 0 0 0 0 0 0 0 0 0 0 0 0 
2009 0 0 0 0 0 0 0 0 0 0 0 0 0 0 0 0 0 0 0 0 0 
2010 0 0 0 0 0 0 0 0 0 0 0 0 0 0 0 0 0 0 0 0 0 
2011 0 0 0 0 0 0 0 0 0 0 0 0 0 0 0 0 0 0 0 0 0 
2012 0 0 0 0 0 0 0 0 0 0 0 0 0 0 0 0 0 0 0 0 0 
2013 0 0 0 0 0 0 0 0 0 0 0 0 0 0 0 0 0 0 0 0 0 
end_table

