@observation HG_age_sample_sim
age_samples_per_cluster 10 
ageing_error age_error 
average_cluster_weight 6 
cluster_cv 0.6 
cluster_sigma 1.1 
fishery_label Fishing_LL 
layer_of_stratum_definitions area_definition 
process_label fishing 
strata_to_include HG 
type mortality_event_biomass_age_clusters 
years 1990 1991 1992 1993 1994 1995 1996 1997 1998 1999 2000 2001 2002 2003 2004 2005 2006 2007 2008 2009 2010 2011 2012 2013 
table obs
1990 0.151194 0.0492531 0.0973869 0.18324 0.130082 0.0452735 0.049897 0.0450928 0.0441918 0.0140394 0.0382631 0.0163346 0.00366625 0.00366625 0 0.0290305 0.0290305 0.00725762 0 0 0 0 0.0280445 0.0280445 0.00701112 0 0 0 0 0 
1991 0.00299788 0.0968345 0.0645283 0.176574 0.208445 0.185272 0.132587 0.0191183 0 0 0 0 0.0189494 0.00631648 0 0.012633 0.00631648 0.012633 0 0 0 0 0 0 0 0 0 0 0 0.0567954 
1992 0.202928 0.0417993 0.200292 0.160279 0.0795994 0.0660881 0.0293589 0.0832638 0.0273697 0.0181492 0.0272237 0 0 0 0.0353604 0.00707207 0.00707207 0 0.00707207 0.00707207 0 0 0 0 0 0 0 0 0 0 
1993 0.0109446 0.0152001 0.0394994 0.209642 0.266214 0.135211 0.125344 0.0726334 0.0437424 0.0187137 0.00450119 0.00450119 0.00598365 0.00598365 0.017951 0.00598365 0.0119673 0.00598365 0 0 0 0 0 0 0 0 0 0 0 0 
1994 0.104191 0.106036 0.123118 0.0527722 0.129785 0.0982092 0.0809335 0.0483814 0.0382803 0.0516476 0.0396282 0.030724 0.00405366 0.00405366 0.00405366 0.00664559 0.0239904 0.0295058 0.0173448 0.00664559 0 0 0 0 0 0 0 0 0 0 
1995 0.110862 0.175702 0.0605241 0.103684 0.0239715 0.0897405 0.014855 0.0480336 0.0448586 0.149705 0.0617952 0.0493434 0.0546536 0.00702536 0.00262334 0.00262334 0 0 0 0 0 0 0 0 0 0 0 0 0 0 
1996 0.0103019 0.0995079 0.231153 0.061601 0.0587159 0.0265104 0.131768 0.0156372 0.027815 0.011842 0.050136 0.0643282 0.0493537 0.0420966 0.057027 0.0298451 0.0323607 0 0 0 0 0 0 0 0 0 0 0 0 0 
1997 0.233156 0.0681223 0.0874329 0.168984 0.0785528 0.0911223 0.103243 0.0742281 0.00504228 0.0302537 0.0100846 0 0.0110617 0.0110617 0.0110617 0.0110617 0.00553087 0 0 0 0 0 0 0 0 0 0 0 0 0 
1998 0.232932 0.0904949 0.0494972 0.0224683 0.150817 0.0259594 0.0555865 0.0212818 0.030767 0.0347425 0.0201526 0 0.00550364 0.00550364 0.0220146 0.0110073 0 0 0.0278179 0.0695448 0.0384947 0 0.0213536 0.0427071 0.0106768 0 0.0106768 0 0 0 
1999 0.0635891 0.274621 0.0911713 0.0621269 0.0542198 0.242576 0.0536649 0.0927716 0.0384539 0.0197765 0.00702882 0 0 0 0 0 0 0 0 0 0 0 0 0 0 0 0 0 0 0 
2000 0.175268 0.203047 0.236865 0.172606 0.0499813 0.0625933 0.0200767 0.0098108 0.049054 0 0.00229986 0.00919944 0.00689958 0.00229986 0 0 0 0 0 0 0 0 0 0 0 0 0 0 0 0 
2001 0.0797005 0.239352 0.10532 0.300178 0.0799652 0.0560951 0.139388 0 0 0 0 0 0 0 0 0 0 0 0 0 0 0 0 0 0 0 0 0 0 0 
2002 0.0707481 0.187708 0.183891 0.062118 0.205023 0.050993 0.0385637 0.0263135 0.0151623 0.0090277 0.0241482 0.00289309 0.0986692 0.0247415 0 0 0 0 0 0 0 0 0 0 0 0 0 0 0 0 
2003 0.167114 0.0613686 0.202858 0.153119 0.101037 0.19856 0.0299476 0.00368107 0.0565481 0.00736214 0.0110432 0.00736214 0 0 0 0 0 0 0 0 0 0 0 0 0 0 0 0 0 0 
2004 0.0715888 0.27137 0.100008 0.273295 0.110291 0.0315537 0.0259412 0.0128836 0 0.0257673 0.0386509 0.0257673 0.0128836 0 0 0 0 0 0 0 0 0 0 0 0 0 0 0 0 0 
2005 0.0539106 0.152545 0.179207 0.0852071 0.138215 0.0184178 0.014335 0.0749029 0.00779567 0.0733407 0.0577494 0.144373 0 0 0 0 0 0 0 0 0 0 0 0 0 0 0 0 0 0 
2006 0.00511179 0.0274208 0.180226 0.230201 0.169041 0.192272 0.0733937 0.00897335 0.0179467 0 0 0.0212029 0.0530073 0.0106015 0.0106015 0 0 0 0 0 0 0 0 0 0 0 0 0 0 0 
2007 0.143967 0.197126 0.0301541 0.108908 0.114239 0.0247311 0.108205 0.0706711 0.0508473 0.0508344 0 0 0 0 0 0 0.0111463 0.0891707 0 0 0 0 0 0 0 0 0 0 0 0 
2008 0.305092 0.0252655 0.052852 0.0227775 0.102693 0.10965 0.0497724 0.187824 0.0739002 0.0153668 0.0438625 0.0109444 0 0 0 0 0 0 0 0 0 0 0 0 0 0 0 0 0 0 
2009 0.068596 0.231469 0.195316 0.128291 0.0204147 0.0935715 0.0929049 0.0286339 0.0662332 0.0124206 0.0289967 0.0331523 0 0 0 0 0 0 0 0 0 0 0 0 0 0 0 0 0 0 
2010 0.104638 0.10251 0.390574 0.0475179 0.0788159 0.0307226 0.114572 0.0793302 0.0204749 0.0176251 0.00440629 0 0.00881257 0 0 0 0 0 0 0 0 0 0 0 0 0 0 0 0 0 
2011 0.174695 0.0288447 0.0511496 0.218265 0.0566521 0.0627611 0.0259066 0.0309453 0.0575233 0.0773293 0.0748562 0.105556 0.0108657 0 0 0 0.00308122 0.00308122 0.0184873 0 0 0 0 0 0 0 0 0 0 0 
2012 0.0660631 0.218108 0.0759486 0.0630786 0.24019 0.0236277 0.0291094 0.0163457 0.0850043 0.164789 0.0133011 0.00443369 0 0 0 0 0 0 0 0 0 0 0 0 0 0 0 0 0 0 
2013 0.0316828 0.0449419 0.125132 0.0697705 0.0824231 0.373736 0.0862012 0.0121121 0.0319091 0.0306895 0.0819402 0.0193334 0.0101284 0 0 0 0 0 0 0 0 0 0 0 0 0 0 0 0 0 
end_table
table error_values
1990 0 0 0 0 0 0 0 0 0 0 0 0 0 0 0 0 0 0 0 0 0 0 0 0 0 0 0 0 0 0 
1991 0 0 0 0 0 0 0 0 0 0 0 0 0 0 0 0 0 0 0 0 0 0 0 0 0 0 0 0 0 0 
1992 0 0 0 0 0 0 0 0 0 0 0 0 0 0 0 0 0 0 0 0 0 0 0 0 0 0 0 0 0 0 
1993 0 0 0 0 0 0 0 0 0 0 0 0 0 0 0 0 0 0 0 0 0 0 0 0 0 0 0 0 0 0 
1994 0 0 0 0 0 0 0 0 0 0 0 0 0 0 0 0 0 0 0 0 0 0 0 0 0 0 0 0 0 0 
1995 0 0 0 0 0 0 0 0 0 0 0 0 0 0 0 0 0 0 0 0 0 0 0 0 0 0 0 0 0 0 
1996 0 0 0 0 0 0 0 0 0 0 0 0 0 0 0 0 0 0 0 0 0 0 0 0 0 0 0 0 0 0 
1997 0 0 0 0 0 0 0 0 0 0 0 0 0 0 0 0 0 0 0 0 0 0 0 0 0 0 0 0 0 0 
1998 0 0 0 0 0 0 0 0 0 0 0 0 0 0 0 0 0 0 0 0 0 0 0 0 0 0 0 0 0 0 
1999 0 0 0 0 0 0 0 0 0 0 0 0 0 0 0 0 0 0 0 0 0 0 0 0 0 0 0 0 0 0 
2000 0 0 0 0 0 0 0 0 0 0 0 0 0 0 0 0 0 0 0 0 0 0 0 0 0 0 0 0 0 0 
2001 0 0 0 0 0 0 0 0 0 0 0 0 0 0 0 0 0 0 0 0 0 0 0 0 0 0 0 0 0 0 
2002 0 0 0 0 0 0 0 0 0 0 0 0 0 0 0 0 0 0 0 0 0 0 0 0 0 0 0 0 0 0 
2003 0 0 0 0 0 0 0 0 0 0 0 0 0 0 0 0 0 0 0 0 0 0 0 0 0 0 0 0 0 0 
2004 0 0 0 0 0 0 0 0 0 0 0 0 0 0 0 0 0 0 0 0 0 0 0 0 0 0 0 0 0 0 
2005 0 0 0 0 0 0 0 0 0 0 0 0 0 0 0 0 0 0 0 0 0 0 0 0 0 0 0 0 0 0 
2006 0 0 0 0 0 0 0 0 0 0 0 0 0 0 0 0 0 0 0 0 0 0 0 0 0 0 0 0 0 0 
2007 0 0 0 0 0 0 0 0 0 0 0 0 0 0 0 0 0 0 0 0 0 0 0 0 0 0 0 0 0 0 
2008 0 0 0 0 0 0 0 0 0 0 0 0 0 0 0 0 0 0 0 0 0 0 0 0 0 0 0 0 0 0 
2009 0 0 0 0 0 0 0 0 0 0 0 0 0 0 0 0 0 0 0 0 0 0 0 0 0 0 0 0 0 0 
2010 0 0 0 0 0 0 0 0 0 0 0 0 0 0 0 0 0 0 0 0 0 0 0 0 0 0 0 0 0 0 
2011 0 0 0 0 0 0 0 0 0 0 0 0 0 0 0 0 0 0 0 0 0 0 0 0 0 0 0 0 0 0 
2012 0 0 0 0 0 0 0 0 0 0 0 0 0 0 0 0 0 0 0 0 0 0 0 0 0 0 0 0 0 0 
2013 0 0 0 0 0 0 0 0 0 0 0 0 0 0 0 0 0 0 0 0 0 0 0 0 0 0 0 0 0 0 
end_table

