@observation HG_age_sample_sim
age_samples_per_cluster 10 
ageing_error age_error 
average_cluster_weight 6 
cluster_cv 0.6 
cluster_sigma 1.1 
fishery_label Fishing_LL 
layer_of_stratum_definitions area_definition 
max_age 20 
min_age 0 
process_label fishing 
strata_to_include HG 
type mortality_event_biomass_age_clusters 
years 1990 1991 1992 1993 1994 1995 1996 1997 1998 1999 2000 2001 2002 2003 2004 2005 2006 2007 2008 2009 2010 2011 2012 2013 
table obs
1990 0 0.00188973 0.017902 0.0669027 0.0710422 0.102044 0.105072 0.0967783 0.0976012 0.0811755 0.0441762 0.031919 0.0208509 0.0232365 0.0193664 0.0314026 0.0160847 0.0353645 0.0109309 0.019587 0.106674 
1991 0 0.0110551 0.04124 0.102264 0.0768862 0.0830285 0.0635298 0.0700235 0.0564748 0.0660204 0.0465537 0.0369588 0.0116724 0.0143406 0.0218363 0.021295 0.0166929 0.0134743 0.0306024 0.0197398 0.196312 
1992 0 0 0.0290512 0.073229 0.0858049 0.103941 0.0912484 0.0896941 0.0678447 0.0457364 0.058464 0.0415445 0.0377491 0.0607101 0.0383328 0.0365884 0.043878 0.0101327 0.00885899 0.00518548 0.0720059 
1993 0 0.0081251 0.0114028 0.0749977 0.0942295 0.140818 0.0626034 0.0781618 0.0385279 0.0464556 0.0334676 0.0418225 0.0181849 0.0238695 0.0236511 0.0164567 0.0370489 0.0290246 0.0327513 0.0209666 0.167434 
1994 0 0.00545222 0.0326916 0.0155613 0.120646 0.114205 0.0618838 0.0602446 0.0616163 0.0467054 0.0327871 0.0422168 0.0508472 0.0379693 0.0407182 0.0365777 0.0234507 0.0354354 0.0169871 0.0138497 0.150155 
1995 0 0.00912309 0.0326096 0.0691419 0.0641596 0.139272 0.07143 0.0549928 0.0415704 0.0484239 0.0821373 0.0525602 0.045714 0.0358509 0.0338995 0.0330525 0.0403458 0.0119962 0.023977 0.0152691 0.0944745 
1996 0 0.0030455 0.0680186 0.0969512 0.140652 0.0396574 0.0935459 0.0489107 0.0440146 0.028612 0.0211766 0.0367032 0.0555676 0.07052 0.0960248 0.0155135 0.0147643 0.0208655 0.0179481 0.0206473 0.0668608 
1997 0 0.00537524 0.0141381 0.124266 0.0548817 0.0679895 0.0301879 0.0713611 0.0457637 0.0767259 0.0464306 0.0504445 0.0349582 0.0257247 0.032462 0.032681 0.0362483 0.0205961 0.00954202 0.00963825 0.210585 
1998 0 0.029762 0.0139669 0.0950805 0.109142 0.0517495 0.0476101 0.0238015 0.058023 0.0426295 0.0823025 0.0483586 0.0712227 0.0700342 0.0420592 0.0429157 0.0123922 0.0243871 0.0146401 0.0123314 0.107592 
1999 0 0.0282402 0.0348294 0.0679895 0.072879 0.169085 0.053858 0.0425262 0.016665 0.0669037 0.0411073 0.0691522 0.0528503 0.0475877 0.00476179 0.00924055 0.0309566 0.026847 0.0233649 0.0120936 0.129062 
2000 0 0.00984107 0.0861261 0.100793 0.101555 0.114612 0.129723 0.0360661 0.0393265 0.020671 0.0492709 0.0471181 0.0182746 0.0298375 0.0345928 0.0231335 0.0257054 0.0202917 0.0130425 0.0154967 0.0845221 
2001 0 0.0147338 0.0447611 0.171354 0.116453 0.0703902 0.0600321 0.105024 0.064877 0.069906 0.0201465 0.0502562 0.020941 0.00530993 0.0211684 0.0346964 0.0403265 0.0346911 0.0186332 0.00489116 0.0314077 
2002 0 0.0102905 0.040559 0.0768198 0.267874 0.1323 0.0510692 0.0481635 0.0781213 0.023989 0.0401611 0.0185412 0.0449888 0.00518229 0.00306037 0.0034631 0.00172852 0 0.00228151 0.00356608 0.147841 
2003 0 0.00368691 0.0459147 0.0549167 0.0849054 0.27578 0.077187 0.0351369 0.0711108 0.13342 0.0340156 0.0393383 0.00499864 0.0130781 0.007862 0.00772112 0.010025 0.00787043 0.0175289 0.00951846 0.0659851 
2004 0 0.0231564 0.0331534 0.123961 0.142814 0.0756693 0.139523 0.0800405 0.0465974 0.0461237 0.0390807 0.0231231 0.0804391 0.00537533 0.0341986 0.0102557 0.0121524 0.00805392 0.00522817 0 0.0710536 
2005 0 0.000968218 0.00746432 0.00916484 0.0333179 0.0170274 0.0114499 0.0164091 0.00649078 0.00534563 0.0025133 0.00161821 0.00122429 0.00414367 0.00182518 0.871456 0.00151139 0.00300118 0 0 0.0050685 
2006 0 0.00023538 0.00635693 0.0207754 0.015634 0.0339985 0.0166206 0.0109295 0.017527 0.0123651 0.00132338 0.00341252 0.00172505 0.000764334 0.00306304 0 0 0.459626 0.370243 0.00406336 0.0213367 
2007 0 0.000443576 0.00149772 0.00902936 0.0243712 0.0157696 0.0195375 0.00741119 0.00307018 0.00289531 0.00074338 0.00251269 0.00187211 0.00211334 0.000462225 0.000799634 0.000697126 0.00198323 0.0449043 0.000491023 0.859395 
2008 0 0.0168891 0.0202658 0.04236 0.106906 0.200124 0.0699575 0.107355 0.0649332 0.0514591 0.066449 0.0343692 0.0100316 0.021025 0.0283133 0.00827895 0.0140702 0.00296317 0.00418388 0.00262185 0.127445 
2009 0 0.0521845 0.0249629 0.0606037 0.0345437 0.085387 0.142544 0.0848586 0.13948 0.107214 0.0606032 0.0452477 0.0428004 0.0309374 0.0183644 0.00834058 0.00518937 0.00515403 0 0.00377972 0.0478048 
2010 0 0.0115272 0.143487 0.0405561 0.0407953 0.0142301 0.0562423 0.176605 0.0795854 0.105089 0.0562279 0.0439542 0.0554805 0.0150716 0.0187966 0.0128793 0.0212682 0.00683647 0.00357182 0 0.0977951 
2011 0 0.00225319 0.0177668 0.16588 0.061893 0.106865 0.0315224 0.0832488 0.180615 0.0701344 0.0640125 0.0374635 0.0209669 0.0618578 0.0323351 0.00274593 0.000737347 0.0108055 0.00230274 0 0.0465935 
2012 0 0.0250746 0.0267418 0.0413657 0.30328 0.0855145 0.0697686 0.0318699 0.0653369 0.0649248 0.0334978 0.0548497 0.0364807 0.0217939 0.0723573 0.0147475 0.0200791 0 0.00484617 0.00138462 0.0260864 
2013 0 0.00662135 0.0528513 0.0503554 0.0894934 0.25102 0.044706 0.0448627 0.0364378 0.0716091 0.114807 0.0273996 0.0849455 0.0360977 0.0301133 0.0413718 0.00426719 0 0.00227665 0.00124163 0.00952177 
end_table
table error_values
1990 0 0 0 0 0 0 0 0 0 0 0 0 0 0 0 0 0 0 0 0 0 
1991 0 0 0 0 0 0 0 0 0 0 0 0 0 0 0 0 0 0 0 0 0 
1992 0 0 0 0 0 0 0 0 0 0 0 0 0 0 0 0 0 0 0 0 0 
1993 0 0 0 0 0 0 0 0 0 0 0 0 0 0 0 0 0 0 0 0 0 
1994 0 0 0 0 0 0 0 0 0 0 0 0 0 0 0 0 0 0 0 0 0 
1995 0 0 0 0 0 0 0 0 0 0 0 0 0 0 0 0 0 0 0 0 0 
1996 0 0 0 0 0 0 0 0 0 0 0 0 0 0 0 0 0 0 0 0 0 
1997 0 0 0 0 0 0 0 0 0 0 0 0 0 0 0 0 0 0 0 0 0 
1998 0 0 0 0 0 0 0 0 0 0 0 0 0 0 0 0 0 0 0 0 0 
1999 0 0 0 0 0 0 0 0 0 0 0 0 0 0 0 0 0 0 0 0 0 
2000 0 0 0 0 0 0 0 0 0 0 0 0 0 0 0 0 0 0 0 0 0 
2001 0 0 0 0 0 0 0 0 0 0 0 0 0 0 0 0 0 0 0 0 0 
2002 0 0 0 0 0 0 0 0 0 0 0 0 0 0 0 0 0 0 0 0 0 
2003 0 0 0 0 0 0 0 0 0 0 0 0 0 0 0 0 0 0 0 0 0 
2004 0 0 0 0 0 0 0 0 0 0 0 0 0 0 0 0 0 0 0 0 0 
2005 0 0 0 0 0 0 0 0 0 0 0 0 0 0 0 0 0 0 0 0 0 
2006 0 0 0 0 0 0 0 0 0 0 0 0 0 0 0 0 0 0 0 0 0 
2007 0 0 0 0 0 0 0 0 0 0 0 0 0 0 0 0 0 0 0 0 0 
2008 0 0 0 0 0 0 0 0 0 0 0 0 0 0 0 0 0 0 0 0 0 
2009 0 0 0 0 0 0 0 0 0 0 0 0 0 0 0 0 0 0 0 0 0 
2010 0 0 0 0 0 0 0 0 0 0 0 0 0 0 0 0 0 0 0 0 0 
2011 0 0 0 0 0 0 0 0 0 0 0 0 0 0 0 0 0 0 0 0 0 
2012 0 0 0 0 0 0 0 0 0 0 0 0 0 0 0 0 0 0 0 0 0 
2013 0 0 0 0 0 0 0 0 0 0 0 0 0 0 0 0 0 0 0 0 0 
end_table

