@observation tag_recapture_2005_BP_sim
layer_of_strata_definitions area_definition 
process_label fishing 
recapture_stratum EN HG BP 
release_stratum BP 
tag_release_year 2005 
type tag_recapture_by_age 
years 2005 2006 2007 2008 
table obs
2005 0 0 9 43 83 105 70 40 115 27 27 31 28 4 6 11 4 9 4 4 22 0 0 0 1 0 0 0 1 2 1 0 0 0 0 0 1 0 0 0 0 0 0 0 0 1 1 2 2 2 1 0 1 1 0 0 0 0 0 0 0 0 0 
2006 0 0 1 8 17 23 29 25 13 38 7 9 1 7 1 2 1 3 3 0 1 0 0 0 0 0 0 0 2 0 0 0 0 1 0 0 0 0 1 0 0 0 0 0 0 1 5 1 3 1 0 4 1 0 2 3 0 0 0 0 0 0 0 
2007 0 0 0 0 6 15 12 20 9 10 37 4 6 6 10 0 0 0 0 0 6 0 0 0 0 0 2 0 2 0 0 1 0 0 0 1 0 0 0 0 0 0 0 0 0 0 1 2 1 2 0 1 3 0 0 0 0 0 0 0 0 0 0 
2008 0 0 0 0 3 3 18 12 17 13 9 29 3 6 8 9 2 0 0 1 7 0 0 0 0 1 1 1 0 0 0 0 0 0 1 1 1 0 0 0 0 0 0 0 0 0 0 0 0 1 1 0 0 0 0 0 0 0 0 0 1 0 0 
end_table
table error_values
2005 0 0 0 0 0 0 0 0 0 0 0 0 0 0 0 0 0 0 0 0 0 0 0 0 0 0 0 0 0 0 0 0 0 0 0 0 0 0 0 0 0 0 0 0 0 0 0 0 0 0 0 0 0 0 0 0 0 0 0 0 0 0 0 
2006 0 0 0 0 0 0 0 0 0 0 0 0 0 0 0 0 0 0 0 0 0 0 0 0 0 0 0 0 0 0 0 0 0 0 0 0 0 0 0 0 0 0 0 0 0 0 0 0 0 0 0 0 0 0 0 0 0 0 0 0 0 0 0 
2007 0 0 0 0 0 0 0 0 0 0 0 0 0 0 0 0 0 0 0 0 0 0 0 0 0 0 0 0 0 0 0 0 0 0 0 0 0 0 0 0 0 0 0 0 0 0 0 0 0 0 0 0 0 0 0 0 0 0 0 0 0 0 0 
2008 0 0 0 0 0 0 0 0 0 0 0 0 0 0 0 0 0 0 0 0 0 0 0 0 0 0 0 0 0 0 0 0 0 0 0 0 0 0 0 0 0 0 0 0 0 0 0 0 0 0 0 0 0 0 0 0 0 0 0 0 0 0 0 
end_table

