@observation tag_recapture_2005_EN_sim
layer_of_strata_definitions area_definition 
process_label fishing 
recapture_stratum EN HG BP 
release_stratum EN 
tag_release_year 2005 
type tag_recapture_by_age 
years 2005 2006 2007 2008 
table obs
2005 0 0 0 0 1 0 0 0 0 0 0 0 0 0 0 0 0 0 0 0 0 0 0 0 3 8 4 15 11 10 10 1 2 3 3 0 7 0 1 0 1 2 0 0 0 1 1 0 3 2 1 3 0 1 0 1 0 0 0 0 0 0 0 
2006 0 0 0 0 0 0 0 0 0 1 0 0 1 0 0 0 0 0 0 0 0 0 0 0 7 8 19 6 16 4 7 10 1 5 2 1 0 3 0 0 1 2 0 0 0 0 0 0 0 0 0 1 0 0 0 0 0 0 1 0 0 0 0 
2007 0 0 0 0 1 0 0 0 0 0 0 0 0 0 0 0 0 0 0 0 0 0 0 0 0 7 10 14 7 16 5 7 10 1 3 1 2 1 3 0 2 10 0 0 0 0 1 1 0 0 1 0 0 1 0 0 0 0 0 0 0 0 0 
2008 0 0 0 0 0 0 0 0 0 0 0 0 0 0 0 0 0 0 0 0 0 0 0 0 0 0 5 8 3 5 6 6 4 6 1 1 3 0 2 3 0 4 0 0 0 0 0 0 0 0 0 1 0 0 1 0 0 0 0 0 0 0 0 
end_table
table error_values
2005 0 0 0 0 0 0 0 0 0 0 0 0 0 0 0 0 0 0 0 0 0 0 0 0 0 0 0 0 0 0 0 0 0 0 0 0 0 0 0 0 0 0 0 0 0 0 0 0 0 0 0 0 0 0 0 0 0 0 0 0 0 0 0 
2006 0 0 0 0 0 0 0 0 0 0 0 0 0 0 0 0 0 0 0 0 0 0 0 0 0 0 0 0 0 0 0 0 0 0 0 0 0 0 0 0 0 0 0 0 0 0 0 0 0 0 0 0 0 0 0 0 0 0 0 0 0 0 0 
2007 0 0 0 0 0 0 0 0 0 0 0 0 0 0 0 0 0 0 0 0 0 0 0 0 0 0 0 0 0 0 0 0 0 0 0 0 0 0 0 0 0 0 0 0 0 0 0 0 0 0 0 0 0 0 0 0 0 0 0 0 0 0 0 
2008 0 0 0 0 0 0 0 0 0 0 0 0 0 0 0 0 0 0 0 0 0 0 0 0 0 0 0 0 0 0 0 0 0 0 0 0 0 0 0 0 0 0 0 0 0 0 0 0 0 0 0 0 0 0 0 0 0 0 0 0 0 0 0 
end_table

