@observation tag_recapture_1995_BP_sim
layer_of_strata_definitions area_definition 
process_label fishing 
recapture_stratum EN HG BP 
release_stratum BP 
tag_release_year 1995 
type tag_recapture_by_age 
years 1995 1996 1997 1998 
table obs
1995 0 1 20 9 39 83 66 54 49 39 36 25 21 26 20 25 17 11 18 10 78 0 0 1 0 1 1 0 1 0 1 1 0 2 1 1 1 3 1 0 1 1 0 0 1 0 4 10 4 3 2 4 1 1 0 0 1 1 0 1 1 0 10 
1996 0 0 3 48 21 56 61 71 32 47 26 40 29 23 17 17 14 8 17 10 90 0 0 0 2 3 4 4 2 2 3 1 1 2 0 0 1 1 2 0 1 4 0 0 0 3 1 4 5 3 3 2 5 6 0 1 3 2 3 1 1 0 5 
1997 0 0 0 7 50 17 30 47 25 30 14 24 15 22 8 12 6 10 7 8 42 0 0 0 0 1 1 3 3 1 0 0 0 0 0 0 1 0 0 0 0 3 0 0 0 1 4 5 1 6 3 1 3 1 2 3 1 3 0 0 0 1 5 
1998 0 0 0 0 7 34 19 20 26 27 21 16 7 16 14 15 6 5 8 8 33 0 0 0 0 0 3 0 0 2 1 1 2 3 0 0 1 1 0 1 0 2 0 0 0 0 0 5 0 7 4 3 4 0 1 0 0 0 1 0 0 0 2 
end_table
table error_values
1995 0 0 0 0 0 0 0 0 0 0 0 0 0 0 0 0 0 0 0 0 0 0 0 0 0 0 0 0 0 0 0 0 0 0 0 0 0 0 0 0 0 0 0 0 0 0 0 0 0 0 0 0 0 0 0 0 0 0 0 0 0 0 0 
1996 0 0 0 0 0 0 0 0 0 0 0 0 0 0 0 0 0 0 0 0 0 0 0 0 0 0 0 0 0 0 0 0 0 0 0 0 0 0 0 0 0 0 0 0 0 0 0 0 0 0 0 0 0 0 0 0 0 0 0 0 0 0 0 
1997 0 0 0 0 0 0 0 0 0 0 0 0 0 0 0 0 0 0 0 0 0 0 0 0 0 0 0 0 0 0 0 0 0 0 0 0 0 0 0 0 0 0 0 0 0 0 0 0 0 0 0 0 0 0 0 0 0 0 0 0 0 0 0 
1998 0 0 0 0 0 0 0 0 0 0 0 0 0 0 0 0 0 0 0 0 0 0 0 0 0 0 0 0 0 0 0 0 0 0 0 0 0 0 0 0 0 0 0 0 0 0 0 0 0 0 0 0 0 0 0 0 0 0 0 0 0 0 0 
end_table

